order_id,supplier_id,supplier_rating,supplier_lead_time,order_date,promised_delivery_date,actual_delivery_date,shipment_mode,shipping_distance_km,order_quantity,unit_price,total_order_value,weather_condition,region,holiday_period,previous_on_time_rate,carrier_name,delayed_reason_code,on_time_delivery,is_weekend_shipment,weekend_delivery_status
1,5322.0,3.4,10.0,2024-05-15,2024-05-25,2024-05-29,Sea,51,48,2153.91,103387.68,Clear,East,No,89.9,EcomExpress,Operational,0,0,1
2,3932.0,4.3,10.0,2024-11-12,2024-11-22,2024-11-27,Sea,373,91,405.36,36887.76,Rainy,East,Yes,93.6,DHL,Customs,0,0,1
3,8966.0,3.2,5.0,2024-08-28,2024-09-02,2024-09-02,Sea,1304,25,3241.41,81035.25,Cloudy,South,No,78.2,BlueDart,,1,0,1
4,9832.0,3.9,7.0,2024-08-12,2024-08-19,2024-08-19,Air,839,71,365.79,25971.09,Rainy,Central,No,85.2,FedEx,Operational,1,0,1
5,2126.0,3.2,8.0,2024-07-07,2024-07-15,2024-07-18,Sea,258,9,3052.84,27475.56,Cloudy,East,No,77.1,BlueDart,Customs,0,1,0
6,4401.0,3.1,8.0,2024-05-05,2024-05-13,2024-05-14,Road,450,19,239.6,4552.4,Cloudy,North,Yes,79.3,DHL,Traffic,0,1,0
7,8725.0,4.0,10.0,2024-10-14,2024-10-24,2024-10-25,Air,278,98,448.95,43997.1,Cloudy,South,Yes,87.2,Delhivery,Traffic,0,0,1
8,4079.0,4.2,7.0,2024-03-10,2024-03-17,2024-03-16,Sea,176,50,2833.97,141698.5,Rainy,East,No,92.2,FedEx,,1,1,1
9,8943.0,3.4,7.0,2024-03-26,2024-04-02,2024-04-07,Road,1446,83,2893.39,240151.37,Storm,East,No,89.8,DHL,Traffic,0,0,1
10,9586.0,4.8,8.0,2024-08-13,2024-08-21,2024-08-24,Sea,1190,47,1762.61,82842.67,Rainy,Central,No,92.4,FedEx,Weather,0,0,1
11,1100.0,4.7,3.0,2024-07-31,2024-08-03,2024-08-07,Air,986,36,1823.69,65652.84,Storm,North,Yes,84.1,EcomExpress,,0,0,1
12,8103.0,2.7,7.0,2024-08-07,2024-08-14,2024-08-16,Air,891,54,774.7,41833.8,Rainy,South,Yes,77.2,FedEx,Traffic,0,0,1
13,4638.0,4.0,9.0,2024-05-29,2024-06-07,2024-06-11,Road,1167,34,4599.71,156390.14,Storm,West,No,98.5,Delhivery,Operational,0,0,1
14,1801.0,2.6,9.0,2024-07-13,2024-07-22,2024-07-22,Road,327,15,212.76,3191.4,Clear,West,No,88.6,DHL,,1,1,1
15,5111.0,4.2,4.0,2024-05-13,2024-05-17,2024-05-22,Sea,878,63,2043.19,128720.97,Clear,South,No,77.5,EcomExpress,Weather,0,0,1
16,2382.0,4.3,7.0,2024-01-21,2024-01-28,2024-01-29,Air,916,63,2660.96,167640.48,Rainy,West,Yes,93.7,Delhivery,Traffic,0,1,0
17,1466.0,4.0,5.0,2024-05-24,2024-05-29,2024-05-28,Road,624,5,3226.04,16130.2,Storm,East,No,79.3,FedEx,Traffic,1,0,1
18,7703.0,2.6,6.0,2024-10-13,2024-10-19,2024-10-21,Sea,406,64,712.46,45597.44,Rainy,North,Yes,81.4,Delhivery,Weather,0,1,0
19,1431.0,4.0,6.0,2024-10-22,2024-10-28,2024-10-29,Sea,1375,13,3443.65,44767.45,Rainy,North,Yes,94.8,EcomExpress,Traffic,0,0,1
20,9092.0,4.0,7.0,2024-05-01,2024-05-08,2024-05-09,Air,1240,54,1779.22,96077.88,Storm,North,No,84.6,Delhivery,Weather,0,0,1
21,4322.0,3.8,7.0,2024-07-30,2024-08-06,2024-08-07,Air,736,16,2281.68,36506.88,Clear,Central,Yes,98.1,EcomExpress,Customs,0,0,1
22,1829.0,3.0,4.0,2024-06-25,2024-06-29,2024-06-29,Road,1403,48,1176.38,56466.24,Storm,South,Yes,82.3,Delhivery,Operational,1,0,1
23,1847.0,4.7,6.0,2024-11-12,2024-11-18,2024-11-17,Road,106,22,3015.58,66342.76,Clear,North,Yes,77.8,EcomExpress,Traffic,1,0,1
24,1340.0,4.8,7.0,2024-06-21,2024-06-28,2024-06-30,Road,1055,97,3074.55,298231.35,Cloudy,South,No,79.0,EcomExpress,,0,0,1
25,6747.0,3.1,6.0,2024-03-01,2024-03-07,2024-03-09,Road,1287,10,1039.2,10392.0,Storm,Central,Yes,98.6,EcomExpress,Operational,0,0,1
26,8144.0,3.6,8.0,2024-02-21,2024-02-29,2024-03-03,Air,561,75,4649.78,348733.5,Rainy,Central,No,95.3,DHL,Operational,0,0,1
27,7596.0,4.1,6.0,2024-10-17,2024-10-23,2024-10-24,Road,1410,53,4239.16,224675.48,Clear,South,Yes,84.1,BlueDart,Customs,0,0,1
28,4222.0,3.9,10.0,2024-01-20,2024-01-30,2024-01-29,Road,1225,26,1643.82,42739.32,Rainy,West,Yes,79.2,Delhivery,Weather,1,1,1
29,7943.0,4.3,10.0,2024-08-10,2024-08-20,2024-08-25,Sea,1260,84,616.25,51765.0,Storm,West,No,71.2,BlueDart,Weather,0,1,0
30,6965.0,4.3,4.0,2024-11-06,2024-11-10,2024-11-15,Road,73,73,3780.9,276005.7,Storm,South,Yes,77.9,BlueDart,Traffic,0,0,1
31,8376.0,4.9,8.0,2024-05-12,2024-05-20,2024-05-22,Sea,1094,76,4788.92,363957.92,Rainy,North,No,88.2,EcomExpress,Customs,0,1,0
32,3555.0,3.0,4.0,2024-06-14,2024-06-18,2024-06-22,Air,1350,83,3162.55,262491.65,Cloudy,Central,No,92.6,BlueDart,Weather,0,0,1
33,2465.0,3.1,4.0,2024-04-28,2024-05-02,2024-05-07,Road,860,63,3171.7,199817.1,Storm,Central,Yes,79.9,BlueDart,Operational,0,1,0
34,1870.0,2.8,7.0,2024-10-01,2024-10-08,2024-10-12,Road,182,9,3502.86,31525.74,Rainy,West,Yes,97.4,Delhivery,Customs,0,0,1
35,6965.0,4.7,7.0,2024-11-10,2024-11-17,2024-11-16,Road,1428,69,3811.67,263005.23,Rainy,North,No,88.2,FedEx,Customs,1,1,1
36,6322.0,4.0,3.0,2024-01-05,2024-01-08,2024-01-12,Road,12,44,2734.24,120306.56,Clear,Central,Yes,95.0,DHL,Traffic,0,0,1
37,9978.0,4.0,5.0,2024-03-30,2024-04-04,2024-04-09,Air,1132,4,1471.79,5887.16,Rainy,West,No,72.4,Delhivery,Operational,0,1,0
38,9467.0,3.0,5.0,2024-11-18,2024-11-23,2024-11-26,Air,1057,31,2067.98,64107.38,Cloudy,South,No,71.9,BlueDart,Weather,0,0,1
39,8295.0,3.7,2.0,2024-01-17,2024-01-19,2024-01-20,Air,1195,81,3673.06,297517.86,Rainy,Central,No,81.9,DHL,Customs,0,0,1
40,9053.0,4.6,7.0,2024-09-10,2024-09-17,2024-09-18,Sea,1488,95,300.37,28535.15,Cloudy,West,No,77.5,FedEx,Operational,0,0,1
41,6209.0,4.6,7.0,2024-03-02,2024-03-09,2024-03-10,Sea,1381,36,1072.93,38625.48,Cloudy,South,Yes,91.6,EcomExpress,,0,1,0
42,7820.0,2.8,7.0,2024-05-06,2024-05-13,2024-05-16,Air,1098,46,2863.86,131737.56,Storm,West,No,71.4,FedEx,Traffic,0,0,1
43,3472.0,4.5,7.0,2024-02-01,2024-02-08,2024-02-08,Road,1078,51,3589.59,183069.09,Cloudy,Central,Yes,82.6,DHL,Traffic,1,0,1
44,9488.0,3.8,10.0,2024-02-05,2024-02-15,2024-02-15,Sea,913,57,4601.34,262276.38,Rainy,East,Yes,97.0,EcomExpress,Weather,1,0,1
45,6662.0,3.3,7.0,2024-06-21,2024-06-28,2024-06-30,Air,745,87,3528.61,306989.07,Storm,West,Yes,79.7,EcomExpress,Traffic,0,0,1
46,1221.0,2.6,10.0,2024-07-12,2024-07-22,2024-07-21,Road,849,52,4343.5,225862.0,Storm,Central,No,83.5,DHL,,1,0,1
47,5682.0,3.3,8.0,2024-04-18,2024-04-26,2024-04-25,Sea,1093,90,1540.23,138620.7,Cloudy,West,No,96.1,EcomExpress,Weather,1,0,1
48,7072.0,4.2,9.0,2024-09-24,2024-10-03,2024-10-07,Air,31,36,2352.43,84687.48,Rainy,East,No,86.8,BlueDart,Traffic,0,0,1
49,5142.0,3.1,3.0,2024-05-22,2024-05-25,2024-05-24,Air,925,65,4373.11,284252.15,Cloudy,West,Yes,96.1,BlueDart,Traffic,1,0,1
50,5021.0,3.6,10.0,2024-07-29,2024-08-08,2024-08-12,Road,203,30,4713.6,141408.0,Storm,Central,Yes,90.8,EcomExpress,,0,0,1
51,6912.0,4.6,3.0,2024-07-13,2024-07-16,2024-07-16,Road,329,87,4549.72,395825.64,Cloudy,South,No,85.5,FedEx,Operational,1,1,1
52,6991.0,3.1,8.0,2024-10-27,2024-11-04,2024-11-05,Road,578,98,3408.67,334049.66,Storm,Central,No,74.7,FedEx,Operational,0,1,0
53,3984.0,4.8,4.0,2024-05-23,2024-05-27,2024-05-30,Sea,1409,67,2642.13,177022.71,Storm,East,No,88.7,BlueDart,,0,0,1
54,1306.0,4.5,10.0,2024-10-30,2024-11-09,2024-11-10,Air,121,3,1824.32,5472.96,Clear,East,Yes,98.8,FedEx,Traffic,0,0,1
55,4012.0,4.2,5.0,2024-03-05,2024-03-10,2024-03-09,Road,528,91,326.07,29672.37,Rainy,West,Yes,91.2,FedEx,Operational,1,0,1
56,5828.0,3.3,9.0,2024-04-27,2024-05-06,2024-05-11,Air,48,59,3048.92,179886.28,Rainy,Central,No,75.4,DHL,Traffic,0,1,0
57,9952.0,4.3,5.0,2024-05-27,2024-06-01,2024-06-02,Road,577,30,4673.31,140199.3,Rainy,East,Yes,87.9,Delhivery,Operational,0,0,1
58,9183.0,4.8,2.0,2024-10-25,2024-10-27,2024-10-26,Road,316,14,1221.69,17103.66,Rainy,East,No,78.9,EcomExpress,Customs,1,0,1
59,8900.0,2.6,9.0,2024-11-18,2024-11-27,2024-11-28,Sea,690,22,3142.97,69145.34,Clear,West,Yes,72.3,EcomExpress,Customs,0,0,1
60,3561.0,2.9,10.0,2024-02-02,2024-02-12,2024-02-14,Sea,42,81,3559.92,288353.52,Storm,West,No,86.0,EcomExpress,Traffic,0,0,1
61,7928.0,2.8,2.0,2024-08-14,2024-08-16,2024-08-20,Road,1066,74,3742.13,276917.62,Rainy,West,No,94.6,EcomExpress,,0,0,1
62,4544.0,4.5,3.0,2024-08-20,2024-08-23,2024-08-26,Air,607,68,4081.24,277524.32,Clear,South,Yes,90.0,EcomExpress,Weather,0,0,1
63,4730.0,4.8,4.0,2024-11-10,2024-11-14,2024-11-14,Road,1132,13,1830.87,23801.31,Clear,South,No,86.9,DHL,Customs,1,1,1
64,7260.0,4.2,4.0,2024-10-14,2024-10-18,2024-10-21,Air,1128,85,2339.01,198815.85,Rainy,South,No,98.7,FedEx,Customs,0,0,1
65,9554.0,2.7,7.0,2024-10-21,2024-10-28,2024-11-01,Sea,780,44,2554.5,112398.0,Cloudy,East,Yes,83.1,FedEx,Customs,0,0,1
66,9620.0,2.9,6.0,2024-09-07,2024-09-13,2024-09-12,Sea,544,36,4417.8,159040.8,Cloudy,North,Yes,70.3,BlueDart,Traffic,1,1,1
67,4708.0,4.4,6.0,2024-06-08,2024-06-14,2024-06-18,Sea,1067,3,1956.47,5869.41,Cloudy,Central,Yes,85.3,Delhivery,Operational,0,1,0
68,3448.0,4.5,7.0,2024-01-17,2024-01-24,2024-01-24,Air,709,19,2250.92,42767.48,Storm,Central,Yes,89.4,DHL,Weather,1,0,1
69,7658.0,4.8,7.0,2024-11-15,2024-11-22,2024-11-26,Air,312,14,2415.05,33810.7,Cloudy,South,Yes,91.9,EcomExpress,,0,0,1
70,5891.0,4.9,3.0,2024-05-18,2024-05-21,2024-05-26,Air,490,91,2939.87,267528.17,Storm,North,Yes,81.7,BlueDart,Traffic,0,1,0
71,9571.0,3.5,8.0,2024-07-29,2024-08-06,2024-08-09,Road,613,26,2037.04,52963.04,Cloudy,Central,Yes,92.1,DHL,Operational,0,0,1
72,9433.0,4.5,2.0,2024-11-19,2024-11-21,2024-11-24,Road,25,10,3572.49,35724.9,Cloudy,South,Yes,82.0,BlueDart,,0,0,1
73,5686.0,3.7,8.0,2024-10-10,2024-10-18,2024-10-20,Air,971,17,793.92,13496.64,Clear,Central,No,83.8,BlueDart,Customs,0,0,1
74,8811.0,2.6,6.0,2024-04-28,2024-05-04,2024-05-09,Road,1197,70,1298.36,90885.2,Cloudy,West,Yes,94.5,DHL,,0,1,0
75,8434.0,4.0,8.0,2024-11-08,2024-11-16,2024-11-16,Air,651,46,169.97,7818.62,Clear,South,No,98.5,DHL,,1,0,1
76,8166.0,3.1,9.0,2024-01-05,2024-01-14,2024-01-17,Sea,606,30,1527.33,45819.9,Clear,North,Yes,94.9,DHL,,0,0,1
77,9822.0,3.6,9.0,2024-08-01,2024-08-10,2024-08-11,Air,392,40,467.91,18716.4,Storm,South,No,78.8,DHL,Customs,0,0,1
78,8746.0,3.9,3.0,2024-08-23,2024-08-26,2024-08-27,Road,369,63,4855.87,305919.81,Cloudy,South,No,97.7,EcomExpress,Customs,0,0,1
79,1957.0,2.7,8.0,2024-06-25,2024-07-03,2024-07-08,Sea,945,57,3850.4,219472.8,Clear,West,Yes,88.7,FedEx,Weather,0,0,1
80,8950.0,3.4,5.0,2024-08-27,2024-09-01,2024-09-02,Sea,1195,64,2474.64,158376.96,Cloudy,West,No,94.6,DHL,,0,0,1
81,9997.0,3.0,2.0,2024-11-13,2024-11-15,2024-11-17,Road,320,45,2040.82,91836.9,Clear,Central,Yes,83.0,DHL,Weather,0,0,1
82,3900.0,4.0,7.0,2024-04-21,2024-04-28,2024-04-28,Air,1439,17,3670.15,62392.55,Clear,East,No,97.0,EcomExpress,Customs,1,1,1
83,4632.0,2.9,9.0,2024-03-11,2024-03-20,2024-03-21,Road,1486,99,4567.0,452133.0,Clear,East,Yes,75.6,EcomExpress,Traffic,0,0,1
84,7541.0,4.5,8.0,2024-09-28,2024-10-06,2024-10-06,Sea,232,90,1940.03,174602.7,Storm,North,Yes,72.0,FedEx,Operational,1,1,1
85,7217.0,4.9,10.0,2024-07-23,2024-08-02,2024-08-04,Sea,182,83,554.89,46055.87,Cloudy,South,Yes,75.3,DHL,Traffic,0,0,1
86,1834.0,3.9,10.0,2024-04-05,2024-04-15,2024-04-19,Air,563,36,922.71,33217.56,Rainy,East,No,94.1,Delhivery,Customs,0,0,1
87,2860.0,4.9,8.0,2024-04-02,2024-04-10,2024-04-11,Air,246,19,414.71,7879.49,Cloudy,Central,No,90.7,BlueDart,Operational,0,0,1
88,5356.0,4.3,8.0,2024-08-13,2024-08-21,2024-08-21,Road,873,80,2796.66,223732.8,Cloudy,North,Yes,92.7,DHL,Weather,1,0,1
89,7568.0,4.6,2.0,2024-09-22,2024-09-24,2024-09-29,Road,955,14,3856.04,53984.56,Storm,East,Yes,81.4,EcomExpress,Customs,0,1,0
90,3214.0,3.5,6.0,2024-04-08,2024-04-14,2024-04-16,Road,138,22,4377.39,96302.58,Storm,East,Yes,77.6,FedEx,Traffic,0,0,1
91,3752.0,3.0,5.0,2024-10-09,2024-10-14,2024-10-18,Air,985,20,4069.67,81393.4,Cloudy,South,Yes,75.0,BlueDart,Operational,0,0,1
92,6506.0,3.2,5.0,2024-01-10,2024-01-15,2024-01-14,Sea,1442,25,1730.81,43270.25,Storm,East,No,70.2,BlueDart,,1,0,1
93,8843.0,5.0,7.0,2024-05-24,2024-05-31,2024-05-31,Road,1313,9,243.34,2190.06,Cloudy,West,No,88.8,DHL,Customs,1,0,1
94,4394.0,5.0,7.0,2024-09-12,2024-09-19,2024-09-19,Road,48,54,2674.83,144440.82,Cloudy,West,No,94.7,DHL,,1,0,1
95,7715.0,4.6,7.0,2024-01-15,2024-01-22,2024-01-23,Sea,728,58,3792.95,219991.1,Storm,East,Yes,70.1,EcomExpress,Weather,0,0,1
96,5519.0,4.8,2.0,2024-01-03,2024-01-05,2024-01-08,Sea,1298,40,4865.48,194619.2,Storm,North,No,90.3,BlueDart,Customs,0,0,1
97,7249.0,5.0,2.0,2024-10-04,2024-10-06,2024-10-10,Air,1107,8,3934.88,31479.04,Clear,Central,No,86.1,FedEx,,0,0,1
98,6729.0,4.1,8.0,2024-08-12,2024-08-20,2024-08-21,Air,617,89,3170.26,282153.14,Storm,South,No,82.7,FedEx,Weather,0,0,1
99,3064.0,3.6,2.0,2024-01-02,2024-01-04,2024-01-04,Air,117,59,2950.5,174079.5,Cloudy,West,Yes,78.5,FedEx,Operational,1,0,1
100,5946.0,3.0,9.0,2024-02-29,2024-03-09,2024-03-09,Air,304,83,3478.1,288682.3,Cloudy,West,Yes,80.2,EcomExpress,Operational,1,0,1
101,8690.0,3.4,5.0,2024-05-26,2024-05-31,2024-06-02,Air,775,26,852.78,22172.28,Rainy,North,No,88.2,BlueDart,Operational,0,1,0
102,6949.0,2.5,10.0,2024-03-09,2024-03-19,2024-03-21,Sea,143,39,1928.22,75200.58,Storm,West,No,95.5,Delhivery,,0,1,0
103,1353.0,2.8,6.0,2024-09-05,2024-09-11,2024-09-14,Sea,436,73,904.38,66019.74,Storm,Central,Yes,81.0,DHL,Weather,0,0,1
104,7169.0,4.3,9.0,2024-07-31,2024-08-09,2024-08-14,Air,496,75,4847.15,363536.25,Cloudy,Central,No,93.9,FedEx,Operational,0,0,1
105,7960.0,4.0,8.0,2024-08-18,2024-08-26,2024-08-29,Air,832,57,4261.09,242882.13,Rainy,North,No,78.0,Delhivery,Operational,0,1,0
106,4989.0,3.8,9.0,2024-07-11,2024-07-20,2024-07-21,Road,663,72,4641.86,334213.92,Cloudy,West,Yes,70.6,DHL,Traffic,0,0,1
107,4065.0,4.4,8.0,2024-04-29,2024-05-07,2024-05-10,Sea,1289,45,2125.68,95655.6,Rainy,South,No,90.1,DHL,Customs,0,0,1
108,2578.0,2.8,7.0,2024-08-03,2024-08-10,2024-08-14,Road,410,54,3038.96,164103.84,Rainy,Central,No,89.7,DHL,Weather,0,1,0
109,4187.0,3.0,3.0,2024-03-06,2024-03-09,2024-03-10,Road,1392,51,3294.74,168031.74,Cloudy,North,No,95.6,DHL,Weather,0,0,1
110,4834.0,2.7,8.0,2024-08-17,2024-08-25,2024-08-26,Road,327,19,2835.67,53877.73,Rainy,Central,Yes,82.6,FedEx,Operational,0,1,0
111,2487.0,4.4,6.0,2024-09-06,2024-09-12,2024-09-13,Air,982,46,1279.22,58844.12,Rainy,West,Yes,82.4,EcomExpress,Traffic,0,0,1
112,8868.0,3.6,3.0,2024-01-04,2024-01-07,2024-01-12,Air,821,67,707.48,47401.16,Rainy,East,No,95.2,BlueDart,,0,0,1
113,8241.0,4.3,9.0,2024-07-10,2024-07-19,2024-07-18,Road,180,54,4813.45,259926.3,Clear,South,No,83.9,Delhivery,Traffic,1,0,1
114,4828.0,3.9,5.0,2024-09-29,2024-10-04,2024-10-03,Sea,278,72,1594.02,114769.44,Storm,South,No,72.7,DHL,Traffic,1,1,1
115,2618.0,3.0,10.0,2024-08-05,2024-08-15,2024-08-18,Air,984,64,2879.88,184312.32,Storm,Central,Yes,78.6,DHL,Customs,0,0,1
116,5007.0,2.9,2.0,2024-10-30,2024-11-01,2024-11-01,Sea,1440,39,1220.0,47580.0,Clear,South,Yes,88.3,FedEx,Operational,1,0,1
117,4613.0,3.7,10.0,2024-08-21,2024-08-31,2024-09-01,Air,1488,77,1177.92,90699.84,Cloudy,North,No,95.8,EcomExpress,Customs,0,0,1
118,9777.0,4.4,4.0,2024-07-04,2024-07-08,2024-07-07,Sea,331,33,4208.74,138888.42,Clear,North,Yes,77.2,EcomExpress,Weather,1,0,1
119,3804.0,2.9,2.0,2024-08-28,2024-08-30,2024-09-01,Sea,726,68,2243.41,152551.88,Storm,Central,Yes,99.6,EcomExpress,Operational,0,0,1
120,4155.0,2.9,6.0,2024-06-26,2024-07-02,2024-07-07,Road,297,59,203.81,12024.79,Storm,Central,Yes,85.0,EcomExpress,Operational,0,0,1
121,3059.0,3.9,2.0,2024-05-15,2024-05-17,2024-05-18,Sea,241,80,501.75,40140.0,Rainy,South,No,79.9,EcomExpress,Weather,0,0,1
122,1854.0,4.2,8.0,2024-01-14,2024-01-22,2024-01-26,Sea,481,73,3537.43,258232.39,Clear,Central,No,97.0,EcomExpress,Operational,0,1,0
123,1172.0,3.6,2.0,2024-02-27,2024-02-29,2024-03-05,Road,118,30,1066.39,31991.7,Storm,West,Yes,76.6,Delhivery,Traffic,0,0,1
124,4290.0,3.0,3.0,2024-06-29,2024-07-02,2024-07-03,Air,712,97,170.11,16500.67,Storm,Central,Yes,96.6,EcomExpress,Customs,0,1,0
125,9310.0,4.6,2.0,2024-09-21,2024-09-23,2024-09-24,Sea,875,17,1983.27,33715.59,Storm,South,Yes,95.1,DHL,Customs,0,1,0
126,8935.0,2.7,7.0,2024-07-27,2024-08-03,2024-08-07,Air,1496,14,3814.06,53396.84,Rainy,Central,Yes,94.7,EcomExpress,Customs,0,1,0
127,7868.0,2.8,7.0,2024-01-07,2024-01-14,2024-01-16,Air,1021,40,3680.99,147239.6,Storm,East,Yes,86.8,EcomExpress,Traffic,0,1,0
128,4510.0,4.8,2.0,2024-09-24,2024-09-26,2024-10-01,Road,963,37,1199.5,44381.5,Clear,West,Yes,83.7,Delhivery,Traffic,0,0,1
129,3049.0,2.6,3.0,2024-09-22,2024-09-25,2024-09-24,Air,737,48,3494.71,167746.08,Storm,South,Yes,82.1,BlueDart,Operational,1,1,1
130,2065.0,4.7,8.0,2024-04-03,2024-04-11,2024-04-16,Road,304,2,699.38,1398.76,Cloudy,East,Yes,76.4,EcomExpress,Customs,0,0,1
131,1786.0,3.5,7.0,2024-05-29,2024-06-05,2024-06-08,Road,1343,77,523.43,40304.11,Storm,East,No,78.8,EcomExpress,Customs,0,0,1
132,5281.0,3.6,4.0,2024-07-29,2024-08-02,2024-08-05,Sea,478,49,544.94,26702.06,Clear,Central,No,95.1,FedEx,Operational,0,0,1
133,9271.0,3.0,9.0,2024-06-23,2024-07-02,2024-07-05,Sea,141,89,4254.65,378663.85,Rainy,East,Yes,95.6,EcomExpress,Weather,0,1,0
134,6059.0,4.9,10.0,2024-09-26,2024-10-06,2024-10-05,Sea,77,78,3800.45,296435.1,Storm,South,Yes,99.0,Delhivery,Operational,1,0,1
135,3515.0,3.7,6.0,2024-03-30,2024-04-05,2024-04-04,Road,367,77,2859.91,220213.07,Cloudy,West,Yes,82.6,BlueDart,,1,1,1
136,8032.0,2.5,7.0,2024-07-21,2024-07-28,2024-07-29,Air,1391,63,1139.64,71797.32,Storm,West,No,73.2,Delhivery,Traffic,0,1,0
137,3324.0,3.9,5.0,2024-06-15,2024-06-20,2024-06-22,Sea,1342,51,647.93,33044.43,Clear,Central,Yes,70.9,Delhivery,Operational,0,1,0
138,7783.0,4.5,2.0,2024-08-04,2024-08-06,2024-08-07,Sea,1379,57,1461.61,83311.77,Storm,North,No,90.8,DHL,Customs,0,1,0
139,5298.0,3.5,10.0,2024-10-03,2024-10-13,2024-10-16,Air,1073,55,3401.92,187105.6,Clear,South,No,94.6,DHL,Traffic,0,0,1
140,4059.0,3.9,5.0,2024-02-29,2024-03-05,2024-03-04,Sea,1262,95,571.32,54275.4,Storm,East,No,91.4,FedEx,,1,0,1
141,7108.0,4.3,9.0,2024-03-08,2024-03-17,2024-03-20,Air,746,60,168.89,10133.4,Storm,East,Yes,76.9,DHL,Operational,0,0,1
142,4511.0,4.1,8.0,2024-11-13,2024-11-21,2024-11-21,Sea,144,21,2790.19,58593.99,Rainy,Central,No,97.1,EcomExpress,Traffic,1,0,1
143,9815.0,4.6,5.0,2024-10-11,2024-10-16,2024-10-18,Sea,142,81,899.83,72886.23,Rainy,North,No,96.7,BlueDart,Traffic,0,0,1
144,5996.0,2.6,7.0,2024-08-09,2024-08-16,2024-08-19,Road,1192,26,2067.03,53742.78,Rainy,East,No,90.9,FedEx,Operational,0,0,1
145,2907.0,2.6,7.0,2024-01-27,2024-02-03,2024-02-02,Sea,55,5,4428.44,22142.2,Storm,West,No,75.3,FedEx,Customs,1,1,1
146,8097.0,4.8,8.0,2024-11-19,2024-11-27,2024-11-30,Sea,186,20,4465.81,89316.2,Clear,West,Yes,73.8,DHL,Traffic,0,0,1
147,1256.0,4.0,6.0,2024-08-11,2024-08-17,2024-08-22,Sea,968,10,935.83,9358.3,Clear,Central,No,77.2,EcomExpress,,0,1,0
148,8441.0,3.0,7.0,2024-11-26,2024-12-03,2024-12-08,Sea,588,66,1386.86,91532.76,Rainy,Central,Yes,74.6,FedEx,Customs,0,0,1
149,1780.0,3.7,8.0,2024-10-14,2024-10-22,2024-10-26,Road,1491,31,1714.35,53144.85,Rainy,West,No,94.6,FedEx,,0,0,1
150,5748.0,2.6,5.0,2024-10-26,2024-10-31,2024-11-02,Sea,884,76,1263.49,96025.24,Storm,North,No,91.4,FedEx,Customs,0,1,0
151,7789.0,3.2,9.0,2024-05-23,2024-06-01,2024-06-04,Road,607,71,2228.11,158195.81,Rainy,South,Yes,82.1,BlueDart,Weather,0,0,1
152,2766.0,4.8,9.0,2024-11-23,2024-12-02,2024-12-07,Sea,61,76,3990.57,303283.32,Clear,South,Yes,88.1,FedEx,Customs,0,1,0
153,8125.0,3.5,2.0,2024-09-13,2024-09-15,2024-09-15,Air,1462,69,2877.63,198556.47,Cloudy,East,No,84.5,DHL,Weather,1,0,1
154,9344.0,2.6,6.0,2024-04-27,2024-05-03,2024-05-07,Air,1123,32,4779.6,152947.2,Clear,Central,No,89.1,FedEx,Traffic,0,1,0
155,3261.0,4.1,3.0,2024-07-22,2024-07-25,2024-07-25,Air,1129,95,3145.08,298782.6,Clear,West,No,78.9,Delhivery,Weather,1,0,1
156,5002.0,2.7,3.0,2024-07-28,2024-07-31,2024-08-05,Air,621,28,2343.56,65619.68,Rainy,Central,Yes,72.2,DHL,Operational,0,1,0
157,7352.0,3.0,10.0,2024-10-22,2024-11-01,2024-11-05,Air,846,64,3225.09,206405.76,Cloudy,Central,No,100.0,EcomExpress,Operational,0,0,1
158,6897.0,3.0,7.0,2024-07-21,2024-07-28,2024-08-02,Road,843,91,1705.65,155214.15,Clear,West,Yes,82.9,BlueDart,Weather,0,1,0
159,3242.0,2.5,5.0,2024-09-13,2024-09-18,2024-09-23,Sea,1047,37,3656.73,135299.01,Clear,West,No,99.7,BlueDart,Customs,0,0,1
160,8509.0,2.6,4.0,2024-06-03,2024-06-07,2024-06-08,Sea,743,11,2898.25,31880.75,Cloudy,South,Yes,76.5,EcomExpress,Traffic,0,0,1
161,4135.0,3.5,7.0,2024-04-28,2024-05-05,2024-05-06,Road,1178,77,913.74,70357.98,Cloudy,South,Yes,82.6,Delhivery,Customs,0,1,0
162,4406.0,2.8,4.0,2024-04-28,2024-05-02,2024-05-03,Air,882,92,4841.46,445414.32,Storm,South,Yes,88.5,Delhivery,,0,1,0
163,3158.0,4.5,8.0,2024-11-17,2024-11-25,2024-11-30,Road,432,71,3611.36,256406.56,Rainy,Central,Yes,76.2,Delhivery,Weather,0,1,0
164,8582.0,2.6,2.0,2024-03-29,2024-03-31,2024-04-05,Sea,1443,15,168.53,2527.95,Clear,South,Yes,99.3,Delhivery,Operational,0,0,1
165,8849.0,4.3,10.0,2024-05-17,2024-05-27,2024-05-26,Sea,669,94,3232.39,303844.66,Cloudy,North,No,81.3,FedEx,Customs,1,0,1
166,7901.0,4.3,3.0,2024-11-15,2024-11-18,2024-11-23,Road,755,5,1215.65,6078.25,Rainy,West,No,90.0,BlueDart,Traffic,0,0,1
167,4654.0,4.7,6.0,2024-08-26,2024-09-01,2024-08-31,Air,920,29,1665.93,48311.97,Clear,West,Yes,96.2,BlueDart,Customs,1,0,1
168,8984.0,3.6,6.0,2024-09-09,2024-09-15,2024-09-19,Road,1023,9,4637.09,41733.81,Storm,East,No,71.6,BlueDart,Operational,0,0,1
169,3169.0,2.9,5.0,2024-09-08,2024-09-13,2024-09-18,Road,973,12,1538.7,18464.4,Cloudy,West,Yes,96.3,Delhivery,Traffic,0,1,0
170,1698.0,3.7,6.0,2024-04-10,2024-04-16,2024-04-16,Road,1040,75,4019.37,301452.75,Storm,Central,No,75.0,FedEx,Operational,1,0,1
171,4679.0,3.2,5.0,2024-11-20,2024-11-25,2024-11-26,Air,1096,93,4235.01,393855.93,Cloudy,North,No,92.5,DHL,Traffic,0,0,1
172,4225.0,4.2,4.0,2024-04-29,2024-05-03,2024-05-03,Sea,640,85,3247.84,276066.4,Cloudy,North,Yes,75.7,BlueDart,Weather,1,0,1
173,6061.0,4.7,2.0,2024-06-01,2024-06-03,2024-06-07,Road,365,26,3546.68,92213.68,Cloudy,West,No,72.6,BlueDart,,0,1,0
174,5940.0,2.7,3.0,2024-09-29,2024-10-02,2024-10-02,Road,596,8,4160.61,33284.88,Storm,East,Yes,96.2,FedEx,Operational,1,1,1
175,8026.0,3.2,2.0,2024-01-18,2024-01-20,2024-01-25,Sea,994,90,1074.68,96721.2,Rainy,Central,Yes,84.1,BlueDart,,0,0,1
176,,4.8,,2024-07-11,2024-07-19,2024-07-22,Road,1046,90,843.01,,Cloudy,Central,No,72.7,Delhivery,Weather,0,0,1
177,8113.0,3.5,3.0,2024-06-20,2024-06-23,2024-06-26,Road,670,99,4097.17,405619.83,Clear,Central,Yes,85.5,DHL,Weather,0,0,1
178,1548.0,2.9,10.0,2024-11-09,2024-11-19,2024-11-24,Road,346,87,2244.19,195244.53,Clear,South,Yes,88.3,BlueDart,,0,1,0
179,4560.0,4.3,3.0,2024-05-07,2024-05-10,2024-05-14,Air,462,59,2189.75,129195.25,Storm,Central,No,75.6,Delhivery,Operational,0,0,1
180,9503.0,2.8,10.0,2024-11-25,2024-12-05,2024-12-10,Sea,909,33,2232.22,73663.26,Storm,East,Yes,90.1,BlueDart,Operational,0,0,1
181,2836.0,3.6,4.0,2024-02-20,2024-02-24,2024-02-25,Road,601,91,947.31,86205.21,Rainy,North,No,90.9,EcomExpress,,0,0,1
182,6718.0,4.8,10.0,2024-01-23,2024-02-02,2024-02-04,Sea,636,79,1671.8,132072.2,Clear,Central,No,72.7,EcomExpress,Customs,0,0,1
183,1220.0,2.5,5.0,2024-11-19,2024-11-24,2024-11-24,Sea,327,65,3516.73,228587.45,Rainy,North,No,77.4,EcomExpress,,1,0,1
184,7332.0,4.2,5.0,2024-03-29,2024-04-03,2024-04-04,Road,1064,7,4607.56,32252.92,Cloudy,Central,No,72.3,EcomExpress,Traffic,0,0,1
185,8829.0,4.4,7.0,2024-07-26,2024-08-02,2024-08-06,Sea,892,40,4862.8,194512.0,Rainy,North,Yes,95.9,DHL,Weather,0,0,1
186,9259.0,3.4,8.0,2024-10-14,2024-10-22,2024-10-22,Air,568,1,1985.23,1985.23,Rainy,South,No,76.4,Delhivery,,1,0,1
187,5121.0,4.1,2.0,2024-08-11,2024-08-13,2024-08-14,Road,952,5,2639.96,13199.8,Storm,South,No,81.5,Delhivery,Weather,0,1,0
188,5744.0,3.9,8.0,2024-09-19,2024-09-27,2024-09-27,Air,1302,47,3114.52,146382.44,Storm,South,No,98.9,DHL,,1,0,1
189,8178.0,2.8,3.0,2024-05-11,2024-05-14,2024-05-17,Road,339,19,1927.7,36626.3,Storm,West,Yes,90.8,EcomExpress,Operational,0,1,0
190,5329.0,4.0,10.0,2024-09-22,2024-10-02,2024-10-03,Air,200,88,1847.01,162536.88,Cloudy,West,Yes,87.5,DHL,,0,1,0
191,3413.0,3.7,2.0,2024-05-09,2024-05-11,2024-05-14,Air,293,57,1723.57,98243.49,Storm,West,No,79.1,Delhivery,Weather,0,0,1
192,8048.0,4.0,6.0,2024-09-11,2024-09-17,2024-09-20,Road,265,90,2055.37,184983.3,Storm,Central,Yes,71.2,BlueDart,,0,0,1
193,3357.0,4.6,4.0,2024-06-01,2024-06-05,2024-06-04,Sea,673,13,4159.15,54068.95,Cloudy,West,Yes,83.5,Delhivery,Traffic,1,1,1
194,3561.0,3.5,5.0,2024-09-21,2024-09-26,2024-09-30,Air,318,5,4330.85,21654.25,Clear,North,Yes,76.3,BlueDart,Customs,0,1,0
195,6713.0,2.8,10.0,2024-03-17,2024-03-27,2024-03-27,Air,1475,77,1275.25,98194.25,Storm,West,Yes,83.5,BlueDart,Operational,1,1,1
196,5085.0,5.0,10.0,2024-05-05,2024-05-15,2024-05-20,Sea,903,1,341.95,341.95,Cloudy,West,No,87.6,Delhivery,Operational,0,1,0
197,6472.0,3.0,2.0,2024-01-29,2024-01-31,2024-02-05,Road,968,4,2619.4,10477.6,Clear,Central,Yes,90.3,Delhivery,Customs,0,0,1
198,4358.0,3.4,6.0,2024-03-26,2024-04-01,2024-04-06,Sea,1217,64,2498.25,159888.0,Clear,North,No,85.8,Delhivery,Traffic,0,0,1
199,4562.0,4.9,8.0,2024-10-31,2024-11-08,2024-11-07,Air,1455,74,4849.89,358891.86,Clear,North,No,80.4,Delhivery,Weather,1,0,1
200,7632.0,4.6,10.0,2024-02-05,2024-02-15,2024-02-15,Sea,152,50,4521.84,226092.0,Rainy,East,No,90.9,EcomExpress,Operational,1,0,1
201,6118.0,4.9,5.0,2024-04-16,2024-04-21,2024-04-20,Air,492,56,1005.97,56334.32,Cloudy,Central,Yes,75.6,Delhivery,Weather,1,0,1
202,3023.0,3.9,4.0,2024-03-10,2024-03-14,2024-03-16,Air,535,32,4020.43,128653.76,Rainy,West,Yes,99.1,FedEx,,0,1,0
203,9452.0,2.7,3.0,2024-03-26,2024-03-29,2024-03-31,Road,997,18,1284.63,23123.34,Rainy,East,Yes,75.8,EcomExpress,Operational,0,0,1
204,9541.0,3.1,8.0,2024-11-14,2024-11-22,2024-11-24,Road,369,38,1717.99,65283.62,Cloudy,Central,No,74.6,Delhivery,Operational,0,0,1
205,4675.0,4.2,8.0,2024-05-16,2024-05-24,2024-05-26,Sea,1128,56,3185.1,178365.6,Storm,North,Yes,94.8,DHL,,0,0,1
206,4818.0,3.3,6.0,2024-05-11,2024-05-17,2024-05-16,Air,556,8,702.32,5618.56,Clear,East,Yes,94.2,Delhivery,Traffic,1,1,1
207,1235.0,3.4,6.0,2024-08-03,2024-08-09,2024-08-12,Air,339,16,4218.37,67493.92,Clear,East,No,85.9,Delhivery,,0,1,0
208,8326.0,4.6,4.0,2024-04-22,2024-04-26,2024-04-25,Air,42,64,3689.52,236129.28,Rainy,Central,Yes,87.6,FedEx,Operational,1,0,1
209,9324.0,4.5,4.0,2024-06-03,2024-06-07,2024-06-11,Sea,1412,68,2327.02,158237.36,Clear,North,Yes,91.9,Delhivery,Operational,0,0,1
210,6549.0,3.8,7.0,2024-04-10,2024-04-17,2024-04-21,Sea,1390,92,4797.31,441352.52,Storm,South,Yes,71.5,FedEx,Weather,0,0,1
211,3371.0,2.9,4.0,2024-09-20,2024-09-24,2024-09-23,Road,1077,92,4011.16,369026.72,Cloudy,East,No,71.7,BlueDart,Operational,1,0,1
212,6823.0,3.4,5.0,2024-05-19,2024-05-24,2024-05-27,Road,1016,66,1974.22,130298.52,Storm,Central,No,98.5,DHL,,0,1,0
213,6035.0,3.4,6.0,2024-08-13,2024-08-19,2024-08-23,Air,685,69,1244.27,85854.63,Rainy,Central,No,93.1,BlueDart,Weather,0,0,1
214,8930.0,4.0,4.0,2024-09-13,2024-09-17,2024-09-19,Air,229,7,3776.74,26437.18,Rainy,West,Yes,76.6,Delhivery,Weather,0,0,1
215,4596.0,3.1,10.0,2024-10-30,2024-11-09,2024-11-12,Sea,654,56,4985.96,279213.76,Storm,Central,No,73.8,EcomExpress,Traffic,0,0,1
216,6532.0,4.9,4.0,2024-07-21,2024-07-25,2024-07-25,Road,108,37,4760.55,176140.35,Clear,West,No,71.8,Delhivery,Customs,1,1,1
217,7016.0,4.3,4.0,2024-01-22,2024-01-26,2024-01-29,Sea,315,4,3055.63,12222.52,Clear,North,No,88.7,EcomExpress,Weather,0,0,1
218,1928.0,3.0,8.0,2024-04-02,2024-04-10,2024-04-15,Sea,573,87,1197.01,104139.87,Cloudy,North,Yes,93.8,Delhivery,,0,0,1
219,6475.0,3.1,5.0,2024-06-27,2024-07-02,2024-07-06,Sea,1080,6,1817.49,10904.94,Rainy,Central,Yes,79.5,DHL,Traffic,0,0,1
220,1721.0,2.7,3.0,2024-08-14,2024-08-17,2024-08-17,Road,1184,80,1215.47,97237.6,Cloudy,Central,No,83.5,BlueDart,Traffic,1,0,1
221,7965.0,3.0,10.0,2024-06-28,2024-07-08,2024-07-09,Sea,919,33,2325.48,76740.84,Storm,South,No,70.6,FedEx,Traffic,0,0,1
222,8624.0,4.1,2.0,2024-06-06,2024-06-08,2024-06-10,Air,1476,54,3637.7,196435.8,Cloudy,East,No,96.3,DHL,,0,0,1
223,4898.0,4.8,4.0,2024-11-07,2024-11-11,2024-11-12,Road,1484,82,884.56,72533.92,Rainy,Central,Yes,86.4,EcomExpress,Weather,0,0,1
224,9228.0,4.9,6.0,2024-03-21,2024-03-27,2024-03-28,Road,1361,8,3156.4,25251.2,Clear,North,No,87.1,EcomExpress,Traffic,0,0,1
225,4130.0,4.9,8.0,2024-09-08,2024-09-16,2024-09-15,Sea,1060,38,833.89,31687.82,Rainy,North,No,91.7,EcomExpress,Traffic,1,1,1
226,2443.0,3.8,9.0,2024-04-06,2024-04-15,2024-04-17,Sea,977,5,3635.64,18178.2,Rainy,Central,No,71.2,DHL,Operational,0,1,0
227,9840.0,4.9,3.0,2024-08-29,2024-09-01,2024-09-01,Road,64,78,1845.65,143960.7,Clear,Central,No,78.2,EcomExpress,,1,0,1
228,9111.0,3.3,3.0,2024-04-07,2024-04-10,2024-04-09,Sea,351,6,2150.76,12904.56,Cloudy,West,Yes,90.7,DHL,Operational,1,1,1
229,6392.0,4.7,7.0,2024-07-28,2024-08-04,2024-08-08,Sea,259,9,4655.09,41895.81,Rainy,North,No,96.7,Delhivery,Operational,0,1,0
230,3147.0,4.7,9.0,2024-01-02,2024-01-11,2024-01-10,Road,763,33,2773.54,91526.82,Rainy,West,Yes,85.4,BlueDart,Traffic,1,0,1
231,6835.0,3.8,3.0,2024-06-15,2024-06-18,2024-06-20,Sea,1357,13,938.77,12204.01,Storm,West,Yes,72.9,FedEx,,0,1,0
232,9508.0,3.5,9.0,2024-11-02,2024-11-11,2024-11-15,Sea,928,90,1591.16,143204.4,Clear,South,No,91.2,DHL,Weather,0,1,0
233,6533.0,3.7,5.0,2024-11-11,2024-11-16,2024-11-20,Sea,571,8,1766.6,14132.8,Clear,North,No,79.9,BlueDart,Weather,0,0,1
234,4430.0,3.3,9.0,2024-09-12,2024-09-21,2024-09-25,Road,592,14,2359.87,33038.18,Rainy,South,No,86.8,Delhivery,,0,0,1
235,6645.0,3.4,4.0,2024-05-19,2024-05-23,2024-05-26,Air,473,71,2444.51,173560.21,Cloudy,East,Yes,74.7,DHL,Traffic,0,1,0
236,8900.0,3.3,9.0,2024-05-14,2024-05-23,2024-05-22,Road,476,98,4868.65,477127.7,Clear,East,Yes,82.8,EcomExpress,Customs,1,0,1
237,9807.0,2.9,4.0,2024-07-22,2024-07-26,2024-07-25,Road,1429,99,3774.2,373645.8,Rainy,Central,No,93.5,DHL,Weather,1,0,1
238,3081.0,4.1,3.0,2024-03-27,2024-03-30,2024-04-02,Road,528,48,4174.54,200377.92,Clear,West,No,86.8,Delhivery,Operational,0,0,1
239,9216.0,4.2,4.0,2024-10-25,2024-10-29,2024-11-02,Air,1380,83,782.81,64973.23,Rainy,Central,No,73.7,EcomExpress,,0,0,1
240,2260.0,2.9,5.0,2024-06-17,2024-06-22,2024-06-25,Road,790,20,4529.9,90598.0,Storm,Central,No,84.2,BlueDart,Weather,0,0,1
241,1362.0,2.6,6.0,2024-06-28,2024-07-04,2024-07-03,Air,305,45,878.96,39553.2,Clear,South,Yes,78.5,BlueDart,,1,0,1
242,8119.0,3.4,3.0,2024-05-03,2024-05-06,2024-05-06,Air,366,64,799.0,51136.0,Storm,West,No,83.4,EcomExpress,Traffic,1,0,1
243,2838.0,2.6,5.0,2024-03-27,2024-04-01,2024-04-05,Sea,382,56,2594.18,145274.08,Storm,North,Yes,74.0,FedEx,Weather,0,0,1
244,9540.0,4.7,4.0,2024-11-04,2024-11-08,2024-11-09,Sea,233,69,4048.48,279345.12,Storm,Central,Yes,80.3,BlueDart,Traffic,0,0,1
245,6700.0,3.9,2.0,2024-09-27,2024-09-29,2024-09-30,Road,1098,96,1564.17,150160.32,Storm,Central,Yes,75.5,BlueDart,,0,0,1
246,2576.0,4.1,5.0,2024-06-24,2024-06-29,2024-06-28,Air,828,79,3433.19,271222.01,Clear,East,No,89.5,BlueDart,Traffic,1,0,1
247,8036.0,4.1,6.0,2024-11-14,2024-11-20,2024-11-19,Road,1187,35,2819.55,98684.25,Clear,North,No,74.4,BlueDart,Weather,1,0,1
248,5945.0,4.6,9.0,2024-07-04,2024-07-13,2024-07-15,Air,1021,11,1081.94,11901.34,Rainy,North,Yes,71.1,FedEx,Traffic,0,0,1
249,1365.0,4.8,9.0,2024-10-20,2024-10-29,2024-10-28,Air,1057,39,1500.27,58510.53,Clear,Central,Yes,90.9,BlueDart,Weather,1,1,1
250,1206.0,4.5,10.0,2024-10-25,2024-11-04,2024-11-09,Air,507,27,977.79,26400.33,Clear,West,No,96.0,FedEx,Customs,0,0,1
251,2245.0,3.0,3.0,2024-08-11,2024-08-14,2024-08-18,Sea,373,94,3063.33,287953.02,Storm,Central,No,85.4,DHL,Operational,0,1,0
252,7101.0,3.1,9.0,2024-11-02,2024-11-11,2024-11-10,Sea,1397,86,3143.9,270375.4,Clear,North,Yes,93.8,DHL,Operational,1,1,1
253,7300.0,4.1,9.0,2024-04-07,2024-04-16,2024-04-21,Air,239,94,3035.43,285330.42,Cloudy,West,Yes,80.3,Delhivery,Customs,0,1,0
254,5891.0,4.8,6.0,2024-09-17,2024-09-23,2024-09-26,Air,794,15,2309.81,34647.15,Rainy,Central,Yes,83.8,FedEx,Traffic,0,0,1
255,1697.0,4.7,6.0,2024-06-16,2024-06-22,2024-06-24,Road,1151,20,4606.28,92125.6,Rainy,East,Yes,99.7,Delhivery,Weather,0,1,0
256,1449.0,4.0,7.0,2024-10-30,2024-11-06,2024-11-07,Road,316,59,2616.56,154377.04,Rainy,West,Yes,90.1,Delhivery,Customs,0,0,1
257,2465.0,3.0,9.0,2024-07-30,2024-08-08,2024-08-10,Road,1100,96,3064.8,294220.8,Clear,North,Yes,81.9,Delhivery,,0,0,1
258,5011.0,3.8,9.0,2024-10-19,2024-10-28,2024-10-27,Air,473,10,2778.99,27789.9,Cloudy,Central,No,77.3,EcomExpress,Weather,1,1,1
259,3957.0,3.1,5.0,2024-07-26,2024-07-31,2024-08-05,Air,339,87,2811.53,244603.11,Storm,South,No,90.9,Delhivery,,0,0,1
260,6640.0,2.7,10.0,2024-04-25,2024-05-05,2024-05-07,Road,1276,37,2021.32,74788.84,Clear,East,No,75.3,FedEx,Traffic,0,0,1
261,9183.0,2.6,10.0,2024-03-25,2024-04-04,2024-04-05,Air,784,72,4252.47,306177.84,Clear,North,Yes,87.0,BlueDart,Weather,0,0,1
262,8620.0,2.7,6.0,2024-11-07,2024-11-13,2024-11-17,Road,885,59,1669.46,98498.14,Clear,South,Yes,71.0,Delhivery,Operational,0,0,1
263,9409.0,4.4,4.0,2024-05-31,2024-06-04,2024-06-06,Air,300,31,4938.99,153108.69,Cloudy,West,No,85.9,EcomExpress,Operational,0,0,1
264,8823.0,4.7,8.0,2024-04-17,2024-04-25,2024-04-30,Sea,21,2,1330.86,2661.72,Rainy,East,No,78.1,DHL,Operational,0,0,1
265,5421.0,3.9,7.0,2024-06-08,2024-06-15,2024-06-15,Air,205,11,1035.19,11387.09,Cloudy,West,No,98.8,BlueDart,Traffic,1,1,1
266,5040.0,2.8,5.0,2024-06-13,2024-06-18,2024-06-20,Sea,1397,98,3204.7,314060.6,Clear,East,No,85.3,FedEx,Customs,0,0,1
267,4952.0,4.5,4.0,2024-10-14,2024-10-18,2024-10-19,Air,939,46,1087.66,50032.36,Clear,South,No,73.0,EcomExpress,,0,0,1
268,4659.0,4.5,8.0,2024-04-26,2024-05-04,2024-05-03,Air,928,96,3090.25,296664.0,Rainy,Central,No,72.2,EcomExpress,Customs,1,0,1
269,8743.0,2.6,6.0,2024-02-16,2024-02-22,2024-02-24,Sea,509,56,1790.6,100273.6,Cloudy,Central,Yes,80.7,DHL,Traffic,0,0,1
270,5954.0,2.9,10.0,2024-06-30,2024-07-10,2024-07-14,Sea,759,24,3838.91,92133.84,Rainy,West,No,87.6,DHL,,0,1,0
271,3143.0,3.9,4.0,2024-09-13,2024-09-17,2024-09-22,Road,1468,84,664.83,55845.72,Cloudy,South,No,84.7,Delhivery,Traffic,0,0,1
272,6031.0,2.8,4.0,2024-07-10,2024-07-14,2024-07-13,Road,1070,81,3623.42,293497.02,Clear,West,Yes,80.9,BlueDart,Operational,1,0,1
273,5477.0,4.9,7.0,2024-10-21,2024-10-28,2024-10-28,Sea,912,76,1337.95,101684.2,Storm,Central,No,72.6,Delhivery,Customs,1,0,1
274,1268.0,4.5,6.0,2024-09-27,2024-10-03,2024-10-05,Road,630,64,3733.86,238967.04,Storm,East,Yes,95.1,FedEx,Operational,0,0,1
275,8196.0,3.1,3.0,2024-04-01,2024-04-04,2024-04-09,Sea,115,2,4826.02,9652.04,Cloudy,Central,Yes,82.9,EcomExpress,Weather,0,0,1
276,1185.0,3.0,9.0,2024-08-20,2024-08-29,2024-09-02,Road,1342,7,3034.24,21239.68,Clear,South,Yes,89.6,BlueDart,Traffic,0,0,1
277,6263.0,4.2,3.0,2024-10-27,2024-10-30,2024-11-04,Road,1278,31,4150.71,128672.01,Clear,West,Yes,96.2,EcomExpress,,0,1,0
278,6677.0,2.8,6.0,2024-08-03,2024-08-09,2024-08-10,Air,1414,46,3636.6,167283.6,Cloudy,East,Yes,84.7,Delhivery,Traffic,0,1,0
279,4457.0,3.5,5.0,2024-01-17,2024-01-22,2024-01-26,Sea,780,20,1636.68,32733.6,Cloudy,East,Yes,99.0,FedEx,Weather,0,0,1
280,7638.0,3.0,4.0,2024-04-29,2024-05-03,2024-05-08,Road,1347,38,4164.09,158235.42,Storm,East,No,75.4,EcomExpress,Operational,0,0,1
281,8209.0,4.1,7.0,2024-10-27,2024-11-03,2024-11-06,Air,111,81,507.94,41143.14,Rainy,Central,Yes,96.5,DHL,Operational,0,1,0
282,1515.0,3.7,9.0,2024-03-22,2024-03-31,2024-03-30,Air,939,31,4736.72,146838.32,Storm,South,No,71.8,FedEx,Traffic,1,0,1
283,7597.0,3.3,10.0,2024-09-29,2024-10-09,2024-10-13,Sea,225,41,2290.3,93902.3,Clear,East,Yes,81.1,FedEx,Operational,0,1,0
284,8209.0,2.7,9.0,2024-09-22,2024-10-01,2024-10-03,Sea,545,58,1340.5,77749.0,Storm,South,Yes,94.0,FedEx,,0,1,0
285,2954.0,4.1,4.0,2024-10-13,2024-10-17,2024-10-18,Sea,1283,35,2304.86,80670.1,Cloudy,West,Yes,80.9,Delhivery,Traffic,0,1,0
286,4988.0,3.1,10.0,2024-01-04,2024-01-14,2024-01-19,Air,1250,86,805.41,69265.26,Cloudy,West,Yes,99.2,DHL,Operational,0,0,1
287,1563.0,2.9,8.0,2024-08-21,2024-08-29,2024-08-31,Sea,865,69,312.45,21559.05,Cloudy,Central,No,70.5,FedEx,,0,0,1
288,7142.0,4.5,4.0,2024-02-06,2024-02-10,2024-02-15,Sea,1385,66,270.06,17823.96,Cloudy,Central,No,92.0,DHL,Weather,0,0,1
289,7798.0,4.8,10.0,2024-02-15,2024-02-25,2024-02-25,Air,364,97,952.79,92420.63,Cloudy,West,Yes,73.6,FedEx,,1,0,1
290,4830.0,2.7,6.0,2024-09-19,2024-09-25,2024-09-25,Sea,1027,15,1357.69,20365.35,Storm,South,Yes,71.2,DHL,Customs,1,0,1
291,5555.0,4.5,3.0,2024-10-29,2024-11-01,2024-11-06,Road,918,33,3579.63,118127.79,Clear,Central,No,74.0,EcomExpress,Customs,0,0,1
292,1374.0,3.6,7.0,2024-01-14,2024-01-21,2024-01-20,Air,1293,47,955.67,44916.49,Rainy,North,Yes,89.6,FedEx,Operational,1,1,1
293,3578.0,3.6,3.0,2024-05-29,2024-06-01,2024-06-01,Air,278,39,1523.76,59426.64,Clear,East,No,71.3,BlueDart,Operational,1,0,1
294,8192.0,3.5,8.0,2024-03-21,2024-03-29,2024-03-29,Air,359,36,983.13,35392.68,Clear,Central,No,70.1,BlueDart,Operational,1,0,1
295,9467.0,2.9,7.0,2024-10-22,2024-10-29,2024-10-30,Sea,512,47,4320.29,203053.63,Rainy,North,No,81.7,Delhivery,Customs,0,0,1
296,1841.0,4.0,4.0,2024-11-06,2024-11-10,2024-11-11,Air,852,94,3495.74,328599.56,Storm,Central,No,80.6,BlueDart,Weather,0,0,1
297,4600.0,2.9,5.0,2024-02-23,2024-02-28,2024-03-02,Air,1381,100,4767.39,476739.0,Clear,North,No,73.6,DHL,Operational,0,0,1
298,2484.0,4.2,10.0,2024-02-01,2024-02-11,2024-02-16,Sea,940,49,3329.16,163128.84,Clear,South,No,93.9,FedEx,Weather,0,0,1
299,8677.0,3.7,8.0,2024-01-17,2024-01-25,2024-01-26,Road,425,69,2559.82,176627.58,Clear,South,No,84.9,FedEx,Weather,0,0,1
300,9327.0,3.5,7.0,2024-04-23,2024-04-30,2024-05-01,Air,1451,19,3934.77,74760.63,Cloudy,South,No,89.7,DHL,Customs,0,0,1
301,7967.0,4.2,8.0,2024-08-28,2024-09-05,2024-09-10,Road,984,38,1457.35,55379.3,Rainy,East,Yes,72.8,DHL,,0,0,1
302,1506.0,2.8,10.0,2024-08-24,2024-09-03,2024-09-07,Road,999,83,4630.45,384327.35,Clear,East,Yes,70.0,FedEx,Traffic,0,1,0
303,4526.0,4.7,4.0,2024-10-10,2024-10-14,2024-10-13,Sea,76,92,142.69,13127.48,Storm,South,No,84.2,EcomExpress,Weather,1,0,1
304,6806.0,3.3,3.0,2024-11-20,2024-11-23,2024-11-26,Sea,121,50,3327.51,166375.5,Clear,Central,Yes,88.1,EcomExpress,Operational,0,0,1
305,9167.0,4.7,4.0,2024-03-01,2024-03-05,2024-03-09,Sea,871,77,3915.71,301509.67,Cloudy,East,No,90.2,DHL,Traffic,0,0,1
306,9961.0,4.9,4.0,2024-05-07,2024-05-11,2024-05-14,Road,491,67,4536.24,303928.08,Rainy,South,Yes,94.0,FedEx,Weather,0,0,1
307,2687.0,3.3,6.0,2024-09-28,2024-10-04,2024-10-04,Road,1125,58,4056.28,235264.24,Clear,West,No,96.8,Delhivery,Weather,1,1,1
308,4440.0,4.8,5.0,2024-05-03,2024-05-08,2024-05-11,Sea,967,88,1708.51,150348.88,Storm,South,Yes,76.8,Delhivery,Customs,0,0,1
309,5995.0,3.9,3.0,2024-09-14,2024-09-17,2024-09-21,Sea,1222,67,560.32,37541.44,Rainy,East,No,71.4,Delhivery,Weather,0,1,0
310,2043.0,3.9,5.0,2024-08-08,2024-08-13,2024-08-17,Sea,911,26,4807.53,124995.78,Cloudy,West,Yes,90.6,BlueDart,Operational,0,0,1
311,1720.0,3.2,4.0,2024-05-20,2024-05-24,2024-05-26,Air,597,92,3545.72,326206.24,Storm,South,No,95.5,Delhivery,Operational,0,0,1
312,1460.0,2.6,3.0,2024-02-20,2024-02-23,2024-02-27,Air,525,64,3296.85,210998.4,Clear,West,No,91.5,Delhivery,Traffic,0,0,1
313,6007.0,4.5,9.0,2024-10-15,2024-10-24,2024-10-27,Sea,214,7,4485.85,31400.95,Storm,North,No,87.0,Delhivery,Traffic,0,0,1
314,1799.0,3.2,9.0,2024-04-30,2024-05-09,2024-05-13,Air,591,55,1386.2,76241.0,Rainy,South,No,71.7,BlueDart,Operational,0,0,1
315,8711.0,3.8,3.0,2024-07-17,2024-07-20,2024-07-25,Road,597,60,2694.98,161698.8,Storm,South,Yes,91.2,Delhivery,,0,0,1
316,7852.0,4.4,10.0,2024-08-15,2024-08-25,2024-08-26,Road,272,20,1421.55,28431.0,Storm,West,Yes,76.0,DHL,Weather,0,0,1
317,2388.0,2.6,6.0,2024-03-02,2024-03-08,2024-03-10,Sea,1373,18,2730.16,49142.88,Storm,East,Yes,83.6,FedEx,Customs,0,1,0
318,3149.0,5.0,8.0,2024-05-24,2024-06-01,2024-06-04,Sea,181,60,138.01,8280.6,Cloudy,East,Yes,79.2,DHL,Operational,0,0,1
319,2480.0,4.3,5.0,2024-11-03,2024-11-08,2024-11-12,Air,622,74,2464.08,182341.92,Rainy,West,No,89.3,EcomExpress,Operational,0,1,0
320,4874.0,4.3,2.0,2024-10-11,2024-10-13,2024-10-17,Sea,246,91,4160.78,378630.98,Storm,Central,Yes,72.5,FedEx,Traffic,0,0,1
321,8449.0,4.2,9.0,2024-01-22,2024-01-31,2024-02-01,Road,321,10,4087.7,40877.0,Rainy,Central,Yes,80.9,FedEx,Traffic,0,0,1
322,2961.0,2.6,4.0,2024-05-14,2024-05-18,2024-05-19,Sea,569,90,3035.47,273192.3,Clear,South,Yes,93.3,FedEx,Operational,0,0,1
323,5015.0,3.1,9.0,2024-08-23,2024-09-01,2024-09-02,Air,1287,34,3632.2,123494.8,Cloudy,Central,Yes,99.6,Delhivery,Operational,0,0,1
324,6236.0,2.6,6.0,2024-05-09,2024-05-15,2024-05-19,Road,163,10,742.06,7420.6,Storm,South,No,83.0,FedEx,Traffic,0,0,1
325,8530.0,3.0,7.0,2024-02-15,2024-02-22,2024-02-21,Road,426,64,3465.15,221769.6,Clear,North,Yes,81.0,FedEx,,1,0,1
326,7582.0,4.4,6.0,2024-01-06,2024-01-12,2024-01-15,Sea,151,15,390.55,5858.25,Clear,South,Yes,81.8,BlueDart,Customs,0,1,0
327,7681.0,2.9,7.0,2024-04-22,2024-04-29,2024-05-02,Air,131,81,1447.86,117276.66,Clear,North,No,76.9,DHL,Customs,0,0,1
328,1980.0,3.5,5.0,2024-05-20,2024-05-25,2024-05-28,Sea,777,45,2849.88,128244.6,Storm,Central,No,99.0,Delhivery,Traffic,0,0,1
329,4082.0,3.1,2.0,2024-11-15,2024-11-17,2024-11-17,Sea,499,76,231.94,17627.44,Rainy,West,Yes,77.3,BlueDart,Weather,1,0,1
330,1388.0,3.3,3.0,2024-03-03,2024-03-06,2024-03-08,Air,1136,99,2128.81,210752.19,Clear,East,No,87.3,DHL,Customs,0,1,0
331,1832.0,3.5,5.0,2024-10-12,2024-10-17,2024-10-21,Road,978,88,4281.0,376728.0,Cloudy,North,Yes,75.3,DHL,Operational,0,1,0
332,9418.0,3.3,5.0,2024-11-12,2024-11-17,2024-11-21,Road,410,3,2681.38,8044.14,Storm,North,Yes,79.4,Delhivery,Operational,0,0,1
333,3685.0,2.7,8.0,2024-04-02,2024-04-10,2024-04-15,Air,1015,22,2370.18,52143.96,Storm,West,Yes,85.5,Delhivery,Operational,0,0,1
334,7254.0,3.5,3.0,2024-11-13,2024-11-16,2024-11-20,Road,822,28,747.52,20930.56,Cloudy,West,No,99.7,DHL,Traffic,0,0,1
335,9016.0,3.1,8.0,2024-03-24,2024-04-01,2024-04-01,Sea,500,33,1266.35,41789.55,Clear,North,No,75.9,FedEx,Customs,1,1,1
336,6130.0,4.7,8.0,2024-09-04,2024-09-12,2024-09-12,Road,1048,5,2115.74,10578.7,Rainy,Central,Yes,91.5,EcomExpress,Traffic,1,0,1
337,2268.0,3.7,3.0,2024-01-08,2024-01-11,2024-01-16,Sea,1405,24,3645.65,87495.6,Clear,West,Yes,87.7,EcomExpress,Weather,0,0,1
338,7284.0,3.5,6.0,2024-10-27,2024-11-02,2024-11-03,Air,1500,96,2097.38,201348.48,Storm,North,No,84.1,Delhivery,Operational,0,1,0
339,5039.0,3.5,10.0,2024-04-06,2024-04-16,2024-04-19,Road,55,16,1769.09,28305.44,Storm,South,Yes,86.6,FedEx,,0,1,0
340,5398.0,3.1,10.0,2024-04-17,2024-04-27,2024-04-29,Sea,1163,49,4311.8,211278.2,Clear,Central,No,71.4,DHL,Weather,0,0,1
341,5686.0,2.6,4.0,2024-10-23,2024-10-27,2024-10-29,Air,961,89,2232.36,198680.04,Rainy,South,Yes,78.0,Delhivery,Weather,0,0,1
342,8800.0,4.2,10.0,2024-01-23,2024-02-02,2024-02-02,Road,1356,37,2064.43,76383.91,Storm,South,No,78.6,DHL,Operational,1,0,1
343,7081.0,2.6,6.0,2024-04-28,2024-05-04,2024-05-07,Sea,1095,45,1525.34,68640.3,Storm,Central,No,86.2,BlueDart,,0,1,0
344,9208.0,3.3,4.0,2024-02-29,2024-03-04,2024-03-07,Sea,494,39,4555.38,177659.82,Cloudy,West,Yes,92.8,DHL,,0,0,1
345,9743.0,4.9,5.0,2024-09-23,2024-09-28,2024-10-01,Sea,881,58,1943.61,112729.38,Cloudy,Central,Yes,87.7,Delhivery,Traffic,0,0,1
346,8668.0,4.3,5.0,2024-07-04,2024-07-09,2024-07-12,Sea,720,94,4805.63,451729.22,Storm,East,No,74.5,Delhivery,Traffic,0,0,1
347,3525.0,3.7,8.0,2024-08-28,2024-09-05,2024-09-06,Air,783,14,4245.87,59442.18,Cloudy,Central,Yes,97.4,Delhivery,Operational,0,0,1
348,3116.0,4.1,7.0,2024-07-16,2024-07-23,2024-07-24,Road,1096,96,2134.39,204901.44,Cloudy,South,Yes,72.9,BlueDart,,0,0,1
349,4046.0,2.9,9.0,2024-02-27,2024-03-07,2024-03-07,Road,1107,100,2499.52,249952.0,Cloudy,North,No,72.6,DHL,Customs,1,0,1
350,3455.0,3.5,2.0,2024-03-02,2024-03-04,2024-03-09,Air,768,83,3360.71,278938.93,Storm,Central,No,84.5,FedEx,Customs,0,1,0
351,8975.0,4.5,5.0,2024-02-19,2024-02-24,2024-02-28,Air,1340,83,1799.77,149380.91,Storm,Central,No,81.6,Delhivery,Customs,0,0,1
352,7573.0,3.4,9.0,2024-09-09,2024-09-18,2024-09-18,Sea,14,5,4847.77,24238.85,Rainy,North,Yes,90.2,EcomExpress,Weather,1,0,1
353,3989.0,4.0,3.0,2024-08-15,2024-08-18,2024-08-17,Road,642,67,4205.92,281796.64,Storm,Central,No,71.7,BlueDart,Operational,1,0,1
354,7976.0,4.4,3.0,2024-02-24,2024-02-27,2024-02-28,Air,1363,65,1875.27,121892.55,Storm,South,Yes,74.6,BlueDart,Weather,0,1,0
355,4792.0,4.2,3.0,2024-02-08,2024-02-11,2024-02-12,Road,889,86,4593.73,395060.78,Clear,East,Yes,86.4,BlueDart,Operational,0,0,1
356,8133.0,2.6,9.0,2024-06-27,2024-07-06,2024-07-09,Air,991,78,212.4,16567.2,Rainy,West,Yes,75.5,DHL,Traffic,0,0,1
357,9468.0,4.5,6.0,2024-07-02,2024-07-08,2024-07-13,Sea,1459,75,3746.45,280983.75,Clear,North,Yes,73.8,BlueDart,Traffic,0,0,1
358,3691.0,3.1,6.0,2024-06-14,2024-06-20,2024-06-24,Road,1477,86,1366.07,117482.02,Storm,East,Yes,100.0,EcomExpress,Operational,0,0,1
359,1222.0,3.0,3.0,2024-01-23,2024-01-26,2024-01-28,Road,290,12,2497.22,29966.64,Rainy,East,Yes,98.7,Delhivery,Operational,0,0,1
360,5395.0,4.7,6.0,2024-08-22,2024-08-28,2024-08-28,Road,378,83,1117.79,92776.57,Cloudy,West,Yes,95.2,BlueDart,Customs,1,0,1
361,8310.0,3.8,2.0,2024-04-25,2024-04-27,2024-04-28,Air,958,52,3695.16,192148.32,Storm,East,No,71.9,Delhivery,Operational,0,0,1
362,1663.0,5.0,6.0,2024-06-19,2024-06-25,2024-06-24,Air,1144,9,2459.61,22136.49,Clear,Central,No,75.1,Delhivery,,1,0,1
363,3694.0,3.6,10.0,2024-09-03,2024-09-13,2024-09-15,Sea,1125,44,3179.0,139876.0,Clear,South,No,85.3,FedEx,,0,0,1
364,7665.0,3.4,7.0,2024-04-20,2024-04-27,2024-05-01,Sea,608,67,2075.16,139035.72,Clear,South,No,71.3,FedEx,Weather,0,1,0
365,8289.0,3.4,7.0,2024-10-24,2024-10-31,2024-11-03,Road,100,46,3932.14,180878.44,Rainy,North,Yes,70.6,DHL,Customs,0,0,1
366,7289.0,3.7,2.0,2024-10-19,2024-10-21,2024-10-20,Road,488,34,4522.82,153775.88,Rainy,East,Yes,72.7,FedEx,Traffic,1,1,1
367,3617.0,3.8,4.0,2024-04-05,2024-04-09,2024-04-13,Sea,96,29,2374.64,68864.56,Storm,South,Yes,79.0,EcomExpress,Weather,0,0,1
368,7079.0,3.0,10.0,2024-08-27,2024-09-06,2024-09-06,Sea,158,20,2866.47,57329.4,Rainy,West,Yes,99.8,FedEx,Customs,1,0,1
369,5222.0,3.2,2.0,2024-06-08,2024-06-10,2024-06-14,Road,351,71,873.85,62043.35,Cloudy,East,Yes,93.8,DHL,Customs,0,1,0
370,1427.0,3.4,4.0,2024-02-13,2024-02-17,2024-02-19,Road,1112,34,2790.83,94888.22,Rainy,Central,Yes,90.5,Delhivery,Customs,0,0,1
371,9453.0,4.9,8.0,2024-07-08,2024-07-16,2024-07-19,Air,573,40,604.13,24165.2,Storm,East,Yes,82.7,EcomExpress,Operational,0,0,1
372,8845.0,4.2,5.0,2024-02-09,2024-02-14,2024-02-14,Sea,1397,20,2098.64,41972.8,Storm,South,No,90.5,FedEx,Operational,1,0,1
373,6137.0,4.3,5.0,2024-03-05,2024-03-10,2024-03-09,Sea,286,56,2499.94,139996.64,Storm,East,Yes,97.3,FedEx,Customs,1,0,1
374,3545.0,3.4,4.0,2024-09-18,2024-09-22,2024-09-21,Sea,1411,11,4720.04,51920.44,Storm,West,No,73.2,Delhivery,Operational,1,0,1
375,4435.0,3.4,2.0,2024-10-12,2024-10-14,2024-10-19,Road,766,76,654.56,49746.56,Cloudy,Central,No,84.0,DHL,Traffic,0,1,0
376,5595.0,4.7,2.0,2024-02-02,2024-02-04,2024-02-05,Air,1037,96,4104.7,394051.2,Rainy,East,Yes,77.9,Delhivery,Customs,0,0,1
377,8454.0,3.3,5.0,2024-02-27,2024-03-03,2024-03-05,Road,1097,73,2418.11,176522.03,Rainy,West,No,75.5,FedEx,Traffic,0,0,1
378,9962.0,3.9,2.0,2024-08-29,2024-08-31,2024-09-05,Sea,989,89,4360.87,388117.43,Cloudy,Central,No,96.7,BlueDart,Weather,0,0,1
379,2277.0,3.0,5.0,2024-01-29,2024-02-03,2024-02-07,Air,776,32,1154.69,36950.08,Storm,North,Yes,93.1,FedEx,Operational,0,0,1
380,2815.0,3.2,7.0,2024-03-31,2024-04-07,2024-04-12,Road,131,28,2854.98,79939.44,Clear,North,No,76.9,BlueDart,Customs,0,1,0
381,6029.0,3.2,5.0,2024-09-16,2024-09-21,2024-09-21,Air,1213,95,1354.9,128715.5,Storm,East,Yes,99.6,BlueDart,Weather,1,0,1
382,4335.0,3.6,7.0,2024-06-09,2024-06-16,2024-06-20,Air,830,35,1314.25,45998.75,Clear,South,Yes,94.7,Delhivery,Weather,0,1,0
383,9942.0,3.3,2.0,2024-05-12,2024-05-14,2024-05-18,Sea,346,70,4786.18,335032.6,Clear,West,No,88.8,FedEx,Customs,0,1,0
384,8152.0,4.4,7.0,2024-03-03,2024-03-10,2024-03-11,Air,1163,93,2121.81,197328.33,Clear,East,No,85.9,Delhivery,Operational,0,1,0
385,5885.0,4.6,10.0,2024-06-16,2024-06-26,2024-06-26,Air,817,84,609.81,51224.04,Cloudy,South,Yes,71.4,DHL,Traffic,1,1,1
386,3126.0,2.8,10.0,2024-10-12,2024-10-22,2024-10-21,Sea,324,19,2882.68,54770.92,Rainy,North,Yes,92.2,DHL,Operational,1,1,1
387,3963.0,4.8,8.0,2024-07-24,2024-08-01,2024-08-04,Sea,514,23,3048.4,70113.2,Rainy,West,No,99.0,BlueDart,Operational,0,0,1
388,8450.0,4.1,3.0,2024-08-23,2024-08-26,2024-08-29,Air,496,45,3884.31,174793.95,Rainy,East,Yes,86.2,BlueDart,Operational,0,0,1
389,8210.0,4.3,6.0,2024-09-29,2024-10-05,2024-10-07,Air,895,2,3042.8,6085.6,Clear,East,Yes,86.6,DHL,Customs,0,1,0
390,6068.0,3.5,4.0,2024-11-06,2024-11-10,2024-11-15,Road,1462,88,147.5,12980.0,Clear,West,No,87.0,EcomExpress,Weather,0,0,1
391,3717.0,4.4,5.0,2024-10-11,2024-10-16,2024-10-16,Sea,1407,76,1727.83,131315.08,Clear,South,Yes,93.2,DHL,,1,0,1
392,4090.0,3.3,7.0,2024-11-05,2024-11-12,2024-11-14,Air,1437,91,2849.65,259318.15,Rainy,Central,Yes,75.3,Delhivery,Operational,0,0,1
393,6730.0,3.4,9.0,2024-05-03,2024-05-12,2024-05-13,Air,1473,26,4047.32,105230.32,Clear,South,No,77.2,FedEx,Traffic,0,0,1
394,5487.0,4.0,2.0,2024-08-01,2024-08-03,2024-08-02,Sea,1219,53,3747.74,198630.22,Clear,Central,Yes,85.7,Delhivery,,1,0,1
395,8418.0,4.2,3.0,2024-02-19,2024-02-22,2024-02-22,Air,353,95,2525.86,239956.7,Storm,South,No,90.5,Delhivery,,1,0,1
396,7770.0,3.0,10.0,2024-02-04,2024-02-14,2024-02-18,Sea,421,30,2265.65,67969.5,Cloudy,West,Yes,94.2,EcomExpress,Operational,0,1,0
397,7822.0,3.1,9.0,2024-04-03,2024-04-12,2024-04-11,Air,766,71,207.99,14767.29,Rainy,West,No,98.6,EcomExpress,Weather,1,0,1
398,2296.0,2.8,4.0,2024-05-26,2024-05-30,2024-06-02,Sea,451,82,2622.31,215029.42,Clear,West,Yes,95.2,EcomExpress,Traffic,0,1,0
399,8463.0,3.4,8.0,2024-10-07,2024-10-15,2024-10-19,Air,175,93,1062.23,98787.39,Clear,North,No,95.1,Delhivery,Weather,0,0,1
400,7661.0,4.1,8.0,2024-02-20,2024-02-28,2024-03-02,Sea,294,59,1530.2,90281.8,Rainy,West,No,99.4,FedEx,Operational,0,0,1
401,5285.0,2.7,5.0,2024-06-10,2024-06-15,2024-06-18,Air,281,25,1279.74,31993.5,Clear,South,No,93.4,EcomExpress,Weather,0,0,1
402,6088.0,4.2,4.0,2024-08-21,2024-08-25,2024-08-29,Sea,391,54,2030.02,109621.08,Cloudy,North,No,70.6,FedEx,Traffic,0,0,1
403,9546.0,4.3,10.0,2024-09-13,2024-09-23,2024-09-27,Air,1471,41,2901.48,118960.68,Rainy,Central,Yes,95.7,FedEx,Traffic,0,0,1
404,8702.0,4.4,9.0,2024-06-20,2024-06-29,2024-06-29,Road,283,32,390.09,12482.88,Storm,Central,No,77.2,Delhivery,,1,0,1
405,2094.0,2.8,10.0,2024-10-22,2024-11-01,2024-10-31,Air,207,52,3217.32,167300.64,Cloudy,West,Yes,98.0,DHL,Operational,1,0,1
406,7689.0,4.1,3.0,2024-07-21,2024-07-24,2024-07-24,Road,587,69,3867.91,266885.79,Rainy,North,Yes,81.4,EcomExpress,Weather,1,1,1
407,4536.0,3.9,4.0,2024-05-14,2024-05-18,2024-05-19,Road,99,3,2548.11,7644.33,Storm,West,No,82.8,Delhivery,Traffic,0,0,1
408,8792.0,3.6,8.0,2024-10-13,2024-10-21,2024-10-22,Air,266,10,3297.88,32978.8,Rainy,North,No,79.1,FedEx,Traffic,0,1,0
409,3517.0,2.6,8.0,2024-03-02,2024-03-10,2024-03-10,Sea,1202,92,1351.61,124348.12,Clear,South,Yes,80.2,EcomExpress,Traffic,1,1,1
410,5389.0,4.0,10.0,2024-10-16,2024-10-26,2024-10-29,Air,898,9,702.45,6322.05,Storm,North,No,72.7,FedEx,Customs,0,0,1
411,6185.0,3.5,7.0,2024-11-09,2024-11-16,2024-11-15,Road,1083,21,806.83,16943.43,Storm,South,Yes,91.0,FedEx,Weather,1,1,1
412,1878.0,3.8,2.0,2024-08-24,2024-08-26,2024-08-31,Sea,1038,58,2574.98,149348.84,Clear,North,No,80.8,FedEx,Traffic,0,1,0
413,7620.0,3.0,5.0,2024-07-04,2024-07-09,2024-07-12,Road,230,25,860.56,21514.0,Clear,Central,Yes,71.6,Delhivery,,0,0,1
414,7361.0,2.8,10.0,2024-11-22,2024-12-02,2024-12-03,Air,503,73,4652.33,339620.09,Cloudy,West,No,90.7,FedEx,Customs,0,0,1
415,8578.0,4.9,4.0,2024-09-08,2024-09-12,2024-09-13,Air,1181,80,1391.8,111344.0,Cloudy,West,No,79.3,DHL,Operational,0,1,0
416,1145.0,4.7,2.0,2024-06-25,2024-06-27,2024-07-02,Air,419,53,3163.5,167665.5,Storm,East,No,98.8,BlueDart,Traffic,0,0,1
417,1171.0,3.2,7.0,2024-09-22,2024-09-29,2024-10-02,Sea,1263,26,443.47,11530.22,Clear,West,No,76.8,FedEx,Traffic,0,1,0
418,2103.0,3.5,4.0,2024-11-18,2024-11-22,2024-11-27,Road,1012,78,2326.51,181467.78,Clear,West,Yes,88.9,Delhivery,Customs,0,0,1
419,3933.0,3.7,8.0,2024-05-05,2024-05-13,2024-05-16,Road,852,41,1074.38,44049.58,Rainy,North,Yes,81.2,FedEx,Customs,0,1,0
420,5545.0,3.5,4.0,2024-09-07,2024-09-11,2024-09-11,Sea,1202,98,3821.57,374513.86,Cloudy,West,No,97.5,Delhivery,Traffic,1,1,1
421,3923.0,4.0,2.0,2024-03-27,2024-03-29,2024-04-01,Air,270,69,350.93,24214.17,Cloudy,Central,Yes,94.7,Delhivery,Customs,0,0,1
422,4854.0,3.9,9.0,2024-06-28,2024-07-07,2024-07-11,Air,1232,47,2030.07,95413.29,Rainy,Central,Yes,93.0,FedEx,,0,0,1
423,1844.0,4.1,3.0,2024-05-17,2024-05-20,2024-05-22,Road,104,74,2421.87,179218.38,Cloudy,East,No,86.5,Delhivery,,0,0,1
424,8453.0,4.4,2.0,2024-11-14,2024-11-16,2024-11-15,Road,1180,26,3350.21,87105.46,Clear,South,Yes,89.8,FedEx,,1,0,1
425,5396.0,4.8,6.0,2024-01-17,2024-01-23,2024-01-24,Sea,766,62,4371.05,271005.1,Cloudy,West,No,74.7,BlueDart,Customs,0,0,1
426,5934.0,4.3,7.0,2024-07-20,2024-07-27,2024-07-29,Air,459,81,2290.35,185518.35,Cloudy,South,No,70.4,Delhivery,,0,1,0
427,3831.0,4.7,8.0,2024-01-04,2024-01-12,2024-01-12,Air,847,23,4357.41,100220.43,Clear,South,Yes,76.6,BlueDart,Weather,1,0,1
428,6389.0,5.0,2.0,2024-01-15,2024-01-17,2024-01-22,Road,1236,16,1941.78,31068.48,Storm,Central,No,99.8,DHL,Weather,0,0,1
429,7783.0,4.6,4.0,2024-08-11,2024-08-15,2024-08-17,Air,951,17,633.96,10777.32,Cloudy,North,Yes,82.6,EcomExpress,Customs,0,1,0
430,2613.0,3.5,7.0,2024-09-03,2024-09-10,2024-09-11,Sea,402,86,637.82,54852.52,Rainy,West,No,78.6,DHL,Weather,0,0,1
431,3425.0,4.4,3.0,2024-08-11,2024-08-14,2024-08-16,Air,118,30,2376.62,71298.6,Cloudy,Central,No,90.8,BlueDart,Traffic,0,1,0
432,3275.0,2.9,7.0,2024-05-26,2024-06-02,2024-06-02,Sea,379,3,1061.44,3184.32,Cloudy,East,No,87.5,BlueDart,,1,1,1
433,1382.0,3.2,8.0,2024-04-13,2024-04-21,2024-04-20,Air,122,18,3210.59,57790.62,Clear,West,No,93.1,BlueDart,Traffic,1,1,1
434,4612.0,4.9,8.0,2024-04-04,2024-04-12,2024-04-15,Air,96,43,1837.88,79028.84,Storm,Central,Yes,92.8,FedEx,Operational,0,0,1
435,2135.0,4.1,2.0,2024-05-29,2024-05-31,2024-06-04,Sea,311,33,2230.7,73613.1,Clear,North,Yes,94.3,Delhivery,Traffic,0,0,1
436,5871.0,3.8,4.0,2024-02-18,2024-02-22,2024-02-21,Road,954,82,1170.64,95992.48,Clear,South,Yes,83.2,FedEx,Traffic,1,1,1
437,8488.0,4.4,3.0,2024-07-10,2024-07-13,2024-07-15,Sea,1170,87,440.74,38344.38,Rainy,South,Yes,73.1,BlueDart,Customs,0,0,1
438,9563.0,3.5,10.0,2024-03-26,2024-04-05,2024-04-06,Air,777,52,3152.4,163924.8,Cloudy,East,Yes,88.7,EcomExpress,Traffic,0,0,1
439,2769.0,3.1,5.0,2024-08-29,2024-09-03,2024-09-07,Air,150,14,995.27,13933.78,Storm,Central,No,91.8,EcomExpress,Operational,0,0,1
440,2676.0,4.5,4.0,2024-07-18,2024-07-22,2024-07-21,Sea,79,31,2816.58,87313.98,Clear,South,No,70.7,Delhivery,,1,0,1
441,4401.0,2.9,10.0,2024-02-15,2024-02-25,2024-02-26,Air,217,59,2094.32,123564.88,Storm,West,No,78.4,BlueDart,,0,0,1
442,5426.0,3.4,7.0,2024-05-29,2024-06-05,2024-06-09,Road,1151,55,397.54,21864.7,Clear,East,Yes,70.7,Delhivery,Operational,0,0,1
443,9968.0,2.9,4.0,2024-06-24,2024-06-28,2024-07-01,Air,1010,25,4868.56,121714.0,Rainy,Central,Yes,88.9,DHL,,0,0,1
444,9298.0,4.0,3.0,2024-01-09,2024-01-12,2024-01-16,Road,967,47,2396.38,112629.86,Clear,North,No,75.9,Delhivery,Operational,0,0,1
445,6558.0,3.9,10.0,2024-09-12,2024-09-22,2024-09-22,Sea,511,23,892.57,20529.11,Storm,South,No,74.3,FedEx,Operational,1,0,1
446,7441.0,3.8,5.0,2024-07-28,2024-08-02,2024-08-06,Sea,375,90,4600.71,414063.9,Rainy,North,No,94.1,Delhivery,Weather,0,1,0
447,9866.0,3.7,3.0,2024-07-18,2024-07-21,2024-07-21,Air,481,5,1834.77,9173.85,Storm,South,No,90.9,DHL,Weather,1,0,1
448,6386.0,4.9,10.0,2024-08-06,2024-08-16,2024-08-16,Air,869,62,3093.53,191798.86,Cloudy,West,No,75.2,FedEx,Operational,1,0,1
449,9326.0,4.5,5.0,2024-02-01,2024-02-06,2024-02-08,Air,182,58,2587.56,150078.48,Clear,South,Yes,78.7,EcomExpress,,0,0,1
450,5378.0,4.4,7.0,2024-07-30,2024-08-06,2024-08-09,Sea,453,36,2476.15,89141.4,Clear,East,No,77.3,EcomExpress,Traffic,0,0,1
451,3334.0,3.5,7.0,2024-04-29,2024-05-06,2024-05-05,Sea,993,96,2630.2,252499.2,Cloudy,South,No,98.8,DHL,Customs,1,0,1
452,4635.0,3.1,8.0,2024-03-10,2024-03-18,2024-03-20,Sea,804,17,4346.45,73889.65,Clear,Central,Yes,93.2,DHL,Traffic,0,1,0
453,5119.0,4.0,4.0,2024-04-27,2024-05-01,2024-05-03,Road,1315,46,2584.89,118904.94,Cloudy,South,No,72.4,FedEx,Operational,0,1,0
454,1040.0,2.5,3.0,2024-03-16,2024-03-19,2024-03-18,Road,298,20,4769.44,95388.8,Clear,East,Yes,89.1,DHL,Customs,1,1,1
455,7176.0,2.6,10.0,2024-10-15,2024-10-25,2024-10-26,Air,164,81,4709.79,381492.99,Rainy,South,Yes,84.4,BlueDart,Traffic,0,0,1
456,5305.0,4.6,9.0,2024-06-01,2024-06-10,2024-06-11,Air,1496,56,1745.28,97735.68,Storm,Central,Yes,79.1,BlueDart,,0,1,0
457,5269.0,3.3,2.0,2024-11-05,2024-11-07,2024-11-11,Sea,474,82,1909.86,156608.52,Rainy,East,Yes,74.7,Delhivery,Customs,0,0,1
458,6278.0,2.5,4.0,2024-04-06,2024-04-10,2024-04-09,Sea,769,45,3843.76,172969.2,Rainy,Central,Yes,80.8,Delhivery,Customs,1,1,1
459,3637.0,3.0,6.0,2024-02-03,2024-02-09,2024-02-10,Air,37,88,553.47,48705.36,Storm,East,Yes,91.2,Delhivery,Operational,0,1,0
460,2693.0,3.6,7.0,2024-09-02,2024-09-09,2024-09-11,Sea,100,79,3633.32,287032.28,Clear,West,Yes,71.8,Delhivery,,0,0,1
461,2340.0,3.8,6.0,2024-01-13,2024-01-19,2024-01-21,Sea,1255,42,4194.21,176156.82,Storm,West,No,88.4,EcomExpress,Traffic,0,1,0
462,7514.0,3.4,9.0,2024-07-20,2024-07-29,2024-07-30,Air,1325,16,2440.21,39043.36,Rainy,East,No,76.2,DHL,Weather,0,1,0
463,7600.0,4.3,5.0,2024-07-14,2024-07-19,2024-07-23,Road,316,11,1809.54,19904.94,Clear,East,Yes,72.9,FedEx,Operational,0,1,0
464,8105.0,3.6,10.0,2024-09-24,2024-10-04,2024-10-08,Air,198,5,538.79,2693.95,Clear,South,No,96.8,BlueDart,Traffic,0,0,1
465,6247.0,4.2,7.0,2024-06-17,2024-06-24,2024-06-23,Sea,1155,81,356.0,28836.0,Storm,West,No,70.9,BlueDart,Operational,1,0,1
466,8031.0,3.4,6.0,2024-01-23,2024-01-29,2024-01-29,Sea,478,82,2639.57,216444.74,Clear,East,No,88.9,DHL,Weather,1,0,1
467,3614.0,3.7,9.0,2024-03-13,2024-03-22,2024-03-21,Air,423,70,2034.39,142407.3,Cloudy,East,No,96.8,Delhivery,Customs,1,0,1
468,6199.0,4.1,5.0,2024-07-29,2024-08-03,2024-08-05,Road,552,56,799.44,44768.64,Storm,East,No,85.0,Delhivery,Weather,0,0,1
469,8314.0,2.8,8.0,2024-03-17,2024-03-25,2024-03-25,Road,1203,63,2878.09,181319.67,Clear,South,Yes,98.0,EcomExpress,,1,1,1
470,1911.0,4.6,3.0,2024-06-06,2024-06-09,2024-06-14,Road,496,48,4073.66,195535.68,Storm,East,Yes,70.7,FedEx,Customs,0,0,1
471,6507.0,5.0,3.0,2024-07-29,2024-08-01,2024-07-31,Sea,825,19,466.51,8863.69,Clear,East,Yes,98.9,FedEx,,1,0,1
472,8069.0,4.0,5.0,2024-06-08,2024-06-13,2024-06-15,Air,35,19,3016.48,57313.12,Cloudy,North,No,97.9,EcomExpress,Operational,0,1,0
473,4337.0,3.3,8.0,2024-07-28,2024-08-05,2024-08-09,Air,143,3,689.41,2068.23,Clear,Central,No,99.7,BlueDart,Traffic,0,1,0
474,1491.0,4.8,2.0,2024-03-01,2024-03-03,2024-03-06,Sea,1015,7,1473.12,10311.84,Storm,West,No,88.7,Delhivery,Operational,0,0,1
475,4201.0,3.2,10.0,2024-07-24,2024-08-03,2024-08-03,Sea,1110,47,2674.69,125710.43,Rainy,North,No,70.5,BlueDart,,1,0,1
476,9164.0,4.0,9.0,2024-11-20,2024-11-29,2024-11-30,Air,1022,47,116.68,5483.96,Storm,North,Yes,72.4,DHL,Customs,0,0,1
477,1051.0,4.4,6.0,2024-03-08,2024-03-14,2024-03-13,Sea,984,40,1984.42,79376.8,Storm,East,Yes,83.6,Delhivery,Weather,1,0,1
478,1957.0,3.1,7.0,2024-01-03,2024-01-10,2024-01-15,Air,334,20,2701.73,54034.6,Cloudy,South,No,79.7,DHL,Traffic,0,0,1
479,9535.0,4.2,10.0,2024-09-07,2024-09-17,2024-09-19,Road,252,77,3828.65,294806.05,Rainy,Central,No,73.2,Delhivery,Operational,0,1,0
480,3024.0,2.5,5.0,2024-10-10,2024-10-15,2024-10-17,Road,1262,72,1868.5,134532.0,Rainy,West,Yes,71.5,BlueDart,Weather,0,0,1
481,6719.0,3.1,4.0,2024-07-20,2024-07-24,2024-07-24,Air,16,12,1938.59,23263.08,Cloudy,West,No,77.3,Delhivery,Operational,1,1,1
482,4146.0,3.4,4.0,2024-11-01,2024-11-05,2024-11-09,Road,209,90,820.8,73872.0,Cloudy,South,Yes,81.5,BlueDart,Weather,0,0,1
483,3407.0,4.8,2.0,2024-08-22,2024-08-24,2024-08-27,Road,649,97,1472.35,142817.95,Cloudy,West,No,79.9,Delhivery,Traffic,0,0,1
484,1862.0,2.5,8.0,2024-03-27,2024-04-04,2024-04-05,Air,390,93,1697.75,157890.75,Cloudy,West,No,91.1,EcomExpress,Operational,0,0,1
485,5545.0,4.2,4.0,2024-07-14,2024-07-18,2024-07-22,Sea,114,39,1819.87,70974.93,Cloudy,Central,Yes,86.7,BlueDart,Weather,0,1,0
486,9035.0,3.1,5.0,2024-11-19,2024-11-24,2024-11-28,Sea,248,4,3176.72,12706.88,Rainy,South,Yes,78.1,BlueDart,Traffic,0,0,1
487,5584.0,5.0,2.0,2024-05-03,2024-05-05,2024-05-10,Sea,1482,22,4850.92,106720.24,Clear,North,No,72.5,BlueDart,Operational,0,0,1
488,5807.0,4.9,2.0,2024-09-16,2024-09-18,2024-09-22,Sea,686,47,3825.08,179778.76,Cloudy,West,Yes,73.6,EcomExpress,Traffic,0,0,1
489,4721.0,3.3,4.0,2024-06-30,2024-07-04,2024-07-04,Sea,325,94,3772.45,354610.3,Rainy,North,No,74.9,FedEx,Weather,1,1,1
490,2176.0,4.3,7.0,2024-03-21,2024-03-28,2024-04-01,Road,398,79,3828.99,302490.21,Storm,North,Yes,95.5,BlueDart,,0,0,1
491,1899.0,3.7,10.0,2024-01-21,2024-01-31,2024-01-31,Air,1397,14,2550.11,35701.54,Cloudy,South,No,72.8,Delhivery,Weather,1,1,1
492,4586.0,4.8,2.0,2024-08-24,2024-08-26,2024-08-31,Sea,1099,9,1225.81,11032.29,Cloudy,North,Yes,74.0,BlueDart,Customs,0,1,0
493,1041.0,2.8,3.0,2024-02-11,2024-02-14,2024-02-18,Sea,491,97,3813.57,369916.29,Cloudy,East,No,76.1,DHL,Customs,0,1,0
494,7196.0,3.6,5.0,2024-01-10,2024-01-15,2024-01-19,Air,777,9,3217.43,28956.87,Storm,Central,No,92.4,DHL,Operational,0,0,1
495,9147.0,4.8,4.0,2024-06-10,2024-06-14,2024-06-17,Road,103,14,586.12,8205.68,Rainy,North,No,96.5,BlueDart,Customs,0,0,1
496,3057.0,4.9,5.0,2024-09-30,2024-10-05,2024-10-10,Sea,1333,2,1912.64,3825.28,Rainy,South,No,86.8,FedEx,Weather,0,0,1
497,8614.0,3.7,10.0,2024-10-28,2024-11-07,2024-11-12,Road,1248,31,3575.9,110852.9,Rainy,Central,Yes,87.0,Delhivery,Operational,0,0,1
498,3610.0,3.0,4.0,2024-11-24,2024-11-28,2024-11-30,Road,62,2,2734.65,5469.3,Clear,South,Yes,85.0,EcomExpress,,0,1,0
499,5852.0,3.2,10.0,2024-08-10,2024-08-20,2024-08-22,Road,1227,75,1952.33,146424.75,Clear,North,Yes,99.5,DHL,Weather,0,1,0
500,1265.0,3.8,7.0,2024-02-06,2024-02-13,2024-02-17,Road,451,3,1036.51,3109.53,Storm,Central,No,99.9,Delhivery,Operational,0,0,1
501,1597.0,4.1,4.0,2024-05-29,2024-06-02,2024-06-06,Air,1252,58,3507.23,203419.34,Clear,East,No,73.2,EcomExpress,Operational,0,0,1
502,8047.0,4.7,3.0,2024-08-08,2024-08-11,2024-08-12,Road,523,42,674.44,28326.48,Rainy,East,Yes,79.2,FedEx,Weather,0,0,1
503,4933.0,2.7,5.0,2024-04-04,2024-04-09,2024-04-09,Road,1030,52,4988.47,259400.44,Cloudy,North,No,87.5,Delhivery,Weather,1,0,1
504,2078.0,4.8,7.0,2024-09-15,2024-09-22,2024-09-24,Air,70,68,3094.11,210399.48,Storm,East,Yes,73.0,BlueDart,Customs,0,1,0
505,4344.0,3.4,3.0,2024-01-25,2024-01-28,2024-01-31,Air,879,20,129.47,2589.4,Cloudy,West,No,87.5,FedEx,Operational,0,0,1
506,9900.0,4.7,3.0,2024-05-09,2024-05-12,2024-05-12,Road,1066,80,900.0,72000.0,Clear,Central,No,78.5,DHL,Weather,1,0,1
507,1842.0,4.4,3.0,2024-01-25,2024-01-28,2024-01-31,Sea,863,10,2991.91,29919.1,Rainy,South,Yes,84.1,BlueDart,Operational,0,0,1
508,3011.0,2.7,2.0,2024-11-13,2024-11-15,2024-11-18,Road,608,27,4262.71,115093.17,Cloudy,North,Yes,70.2,DHL,,0,0,1
509,3714.0,2.5,6.0,2024-03-22,2024-03-28,2024-03-28,Road,1383,11,542.04,5962.44,Cloudy,North,No,94.3,FedEx,Customs,1,0,1
510,5076.0,4.8,3.0,2024-10-03,2024-10-06,2024-10-08,Air,499,47,1127.25,52980.75,Clear,South,Yes,97.7,FedEx,Traffic,0,0,1
511,5760.0,4.4,8.0,2024-08-05,2024-08-13,2024-08-17,Road,910,66,2412.63,159233.58,Cloudy,North,Yes,81.5,DHL,Operational,0,0,1
512,5005.0,4.9,8.0,2024-05-02,2024-05-10,2024-05-11,Road,159,86,3491.18,300241.48,Cloudy,East,Yes,79.0,Delhivery,Weather,0,0,1
513,9918.0,4.2,3.0,2024-10-09,2024-10-12,2024-10-15,Sea,973,64,4805.34,307541.76,Storm,West,Yes,94.9,BlueDart,Customs,0,0,1
514,2410.0,4.6,3.0,2024-06-19,2024-06-22,2024-06-21,Sea,1370,36,3091.33,111287.88,Clear,Central,Yes,92.2,EcomExpress,Weather,1,0,1
515,8582.0,4.3,9.0,2024-03-17,2024-03-26,2024-03-30,Road,1468,21,2769.15,58152.15,Storm,West,Yes,89.2,Delhivery,Weather,0,1,0
516,1374.0,4.3,5.0,2024-10-31,2024-11-05,2024-11-07,Air,923,22,829.14,18241.08,Clear,East,Yes,85.7,BlueDart,Operational,0,0,1
517,3017.0,3.2,7.0,2024-04-27,2024-05-04,2024-05-04,Road,529,4,3638.54,14554.16,Rainy,North,Yes,89.2,DHL,Customs,1,1,1
518,8039.0,2.5,5.0,2024-11-25,2024-11-30,2024-11-29,Road,665,48,3717.81,178454.88,Clear,North,No,78.5,EcomExpress,Traffic,1,0,1
519,4094.0,4.9,5.0,2024-11-22,2024-11-27,2024-11-26,Road,1260,30,2562.9,76887.0,Clear,Central,No,71.5,FedEx,,1,0,1
520,7222.0,3.5,9.0,2024-04-17,2024-04-26,2024-04-28,Sea,315,10,1444.6,14446.0,Storm,West,Yes,79.7,DHL,Operational,0,0,1
521,7068.0,4.9,3.0,2024-11-19,2024-11-22,2024-11-24,Road,297,44,125.27,5511.88,Cloudy,South,Yes,75.0,Delhivery,Customs,0,0,1
522,4611.0,4.3,2.0,2024-06-29,2024-07-01,2024-06-30,Road,1175,10,1757.58,17575.8,Cloudy,West,No,91.7,DHL,,1,1,1
523,8202.0,4.9,9.0,2024-08-10,2024-08-19,2024-08-19,Road,877,90,1607.52,144676.8,Storm,West,No,85.1,Delhivery,,1,1,1
524,5282.0,4.1,9.0,2024-09-01,2024-09-10,2024-09-09,Road,343,73,2519.8,183945.4,Rainy,Central,Yes,90.7,FedEx,,1,1,1
525,2307.0,3.1,2.0,2024-11-01,2024-11-03,2024-11-03,Air,1336,12,2399.6,28795.2,Rainy,East,Yes,74.7,BlueDart,Customs,1,0,1
526,8179.0,4.1,5.0,2024-03-23,2024-03-28,2024-04-01,Air,634,34,4630.87,157449.58,Storm,South,Yes,84.0,Delhivery,Customs,0,1,0
527,6661.0,4.0,8.0,2024-01-08,2024-01-16,2024-01-15,Air,1461,40,1247.35,49894.0,Rainy,Central,No,89.9,Delhivery,Weather,1,0,1
528,5345.0,3.3,2.0,2024-04-04,2024-04-06,2024-04-09,Sea,731,91,1844.33,167834.03,Rainy,North,No,84.3,FedEx,Operational,0,0,1
529,8456.0,3.6,4.0,2024-10-02,2024-10-06,2024-10-06,Road,374,48,493.97,23710.56,Rainy,Central,Yes,74.6,FedEx,,1,0,1
530,1511.0,3.5,3.0,2024-08-28,2024-08-31,2024-09-01,Air,778,64,1237.07,79172.48,Rainy,North,Yes,90.0,DHL,Weather,0,0,1
531,7133.0,2.7,7.0,2024-09-01,2024-09-08,2024-09-11,Air,506,95,3008.56,285813.2,Storm,Central,Yes,83.6,Delhivery,Weather,0,1,0
532,1817.0,3.2,5.0,2024-06-21,2024-06-26,2024-06-27,Sea,1441,42,4559.9,191515.8,Clear,South,Yes,77.8,DHL,Operational,0,0,1
533,4537.0,4.8,3.0,2024-08-03,2024-08-06,2024-08-07,Road,283,100,3942.33,394233.0,Rainy,North,No,92.1,BlueDart,Customs,0,1,0
534,1738.0,2.7,6.0,2024-09-06,2024-09-12,2024-09-17,Sea,1337,98,3555.84,348472.32,Rainy,South,Yes,71.6,EcomExpress,Operational,0,0,1
535,9100.0,2.9,5.0,2024-02-16,2024-02-21,2024-02-23,Air,1089,94,314.68,29579.92,Clear,North,No,80.2,EcomExpress,Customs,0,0,1
536,3913.0,2.6,6.0,2024-02-07,2024-02-13,2024-02-16,Air,402,2,958.98,1917.96,Clear,West,No,89.1,BlueDart,Operational,0,0,1
537,3665.0,3.9,2.0,2024-01-26,2024-01-28,2024-01-28,Air,25,74,3217.9,238124.6,Rainy,West,No,84.4,EcomExpress,Weather,1,0,1
538,5833.0,3.7,10.0,2024-08-19,2024-08-29,2024-09-01,Sea,1440,34,3367.27,114487.18,Clear,West,No,75.7,DHL,,0,0,1
539,7019.0,4.7,5.0,2024-11-22,2024-11-27,2024-12-02,Road,94,100,279.92,27992.0,Storm,North,Yes,88.0,FedEx,,0,0,1
540,7095.0,4.0,7.0,2024-07-24,2024-07-31,2024-07-30,Air,1054,3,3242.45,9727.35,Rainy,East,Yes,94.1,BlueDart,Operational,1,0,1
541,6618.0,3.5,8.0,2024-07-05,2024-07-13,2024-07-13,Sea,111,85,4107.49,349136.65,Clear,North,No,79.1,DHL,Customs,1,0,1
542,5054.0,3.2,10.0,2024-08-26,2024-09-05,2024-09-04,Road,963,91,1070.13,97381.83,Clear,East,Yes,77.7,DHL,Traffic,1,0,1
543,7436.0,3.2,9.0,2024-01-28,2024-02-06,2024-02-05,Air,558,98,3814.88,373858.24,Clear,North,Yes,77.7,EcomExpress,Traffic,1,1,1
544,1888.0,3.0,6.0,2024-04-11,2024-04-17,2024-04-22,Air,724,40,2274.68,90987.2,Cloudy,Central,Yes,95.4,EcomExpress,Weather,0,0,1
545,6728.0,4.2,9.0,2024-08-30,2024-09-08,2024-09-07,Road,791,41,2981.48,122240.68,Rainy,East,No,90.8,EcomExpress,,1,0,1
546,3452.0,4.0,9.0,2024-07-08,2024-07-17,2024-07-22,Sea,1079,67,2614.31,175158.77,Storm,North,Yes,82.6,FedEx,Customs,0,0,1
547,5104.0,4.2,5.0,2024-05-09,2024-05-14,2024-05-13,Road,1103,12,4710.62,56527.44,Clear,South,No,75.9,EcomExpress,Weather,1,0,1
548,7132.0,4.2,8.0,2024-10-30,2024-11-07,2024-11-11,Road,260,76,241.73,18371.48,Cloudy,East,No,83.3,EcomExpress,Operational,0,0,1
549,2073.0,3.3,6.0,2024-11-07,2024-11-13,2024-11-16,Air,1229,2,3660.84,7321.68,Storm,South,Yes,86.2,FedEx,Traffic,0,0,1
550,9309.0,4.0,5.0,2024-03-04,2024-03-09,2024-03-12,Air,1306,36,451.29,16246.44,Storm,East,Yes,97.6,Delhivery,,0,0,1
551,1677.0,3.2,6.0,2024-07-05,2024-07-11,2024-07-16,Sea,568,81,4297.81,348122.61,Storm,East,No,70.2,EcomExpress,Weather,0,0,1
552,2134.0,3.3,8.0,2024-04-09,2024-04-17,2024-04-22,Road,14,94,449.91,42291.54,Rainy,Central,No,76.0,EcomExpress,Customs,0,0,1
553,2012.0,4.5,8.0,2024-09-26,2024-10-04,2024-10-07,Sea,366,74,3189.57,236028.18,Storm,Central,Yes,79.3,BlueDart,Traffic,0,0,1
554,2619.0,4.8,6.0,2024-03-02,2024-03-08,2024-03-13,Air,1268,39,960.78,37470.42,Storm,West,Yes,78.8,BlueDart,Traffic,0,1,0
555,2255.0,2.8,3.0,2024-11-08,2024-11-11,2024-11-10,Sea,736,10,411.72,4117.2,Storm,South,Yes,74.1,BlueDart,Customs,1,0,1
556,9853.0,3.9,6.0,2024-02-28,2024-03-05,2024-03-04,Sea,617,31,3468.35,107518.85,Storm,South,No,84.7,FedEx,Operational,1,0,1
557,7238.0,4.5,7.0,2024-06-13,2024-06-20,2024-06-24,Sea,326,51,3782.02,192883.02,Rainy,Central,Yes,80.1,FedEx,Weather,0,0,1
558,8654.0,3.5,2.0,2024-05-22,2024-05-24,2024-05-25,Air,511,37,2927.16,108304.92,Clear,East,No,75.0,FedEx,Weather,0,0,1
559,6540.0,4.1,5.0,2024-03-03,2024-03-08,2024-03-09,Sea,925,37,4248.43,157191.91,Cloudy,East,Yes,71.7,EcomExpress,Operational,0,1,0
560,3677.0,3.6,7.0,2024-08-25,2024-09-01,2024-09-06,Air,992,77,637.61,49095.97,Clear,South,Yes,77.8,BlueDart,Operational,0,1,0
561,8576.0,2.8,5.0,2024-07-04,2024-07-09,2024-07-09,Air,1147,83,2128.95,176702.85,Clear,Central,Yes,75.1,BlueDart,Operational,1,0,1
562,3947.0,4.1,3.0,2024-06-19,2024-06-22,2024-06-21,Road,619,32,1924.68,61589.76,Storm,East,Yes,83.1,Delhivery,Traffic,1,0,1
563,6013.0,4.4,4.0,2024-08-18,2024-08-22,2024-08-25,Air,986,58,1520.38,88182.04,Clear,West,Yes,85.7,Delhivery,Customs,0,1,0
564,6738.0,2.8,4.0,2024-02-21,2024-02-25,2024-02-24,Road,630,77,2646.93,203813.61,Clear,East,No,75.5,EcomExpress,Customs,1,0,1
565,7167.0,3.2,2.0,2024-08-28,2024-08-30,2024-09-01,Air,1162,73,3323.0,242579.0,Cloudy,North,Yes,94.3,BlueDart,,0,0,1
566,4973.0,3.2,8.0,2024-02-01,2024-02-09,2024-02-12,Air,1053,24,333.41,8001.84,Cloudy,West,Yes,89.7,EcomExpress,,0,0,1
567,3606.0,4.8,6.0,2024-01-11,2024-01-17,2024-01-16,Sea,40,13,4600.64,59808.32,Rainy,West,No,96.6,EcomExpress,,1,0,1
568,1548.0,3.3,10.0,2024-04-07,2024-04-17,2024-04-18,Road,1108,57,1742.05,99296.85,Clear,East,No,91.1,EcomExpress,Traffic,0,1,0
569,2453.0,3.3,4.0,2024-08-20,2024-08-24,2024-08-28,Sea,857,100,702.75,70275.0,Cloudy,South,No,77.8,Delhivery,Operational,0,0,1
570,8393.0,2.7,2.0,2024-01-06,2024-01-08,2024-01-08,Road,185,49,734.41,35986.09,Clear,North,Yes,92.6,EcomExpress,Weather,1,1,1
571,6645.0,4.2,3.0,2024-05-19,2024-05-22,2024-05-27,Sea,883,32,3716.21,118918.72,Clear,North,No,87.2,EcomExpress,Weather,0,1,0
572,6265.0,3.6,8.0,2024-09-05,2024-09-13,2024-09-17,Road,196,55,3508.12,192946.6,Storm,South,No,82.1,EcomExpress,,0,0,1
573,4672.0,4.5,4.0,2024-03-01,2024-03-05,2024-03-06,Road,226,42,4523.96,190006.32,Storm,Central,No,86.1,EcomExpress,Operational,0,0,1
574,4840.0,3.7,2.0,2024-04-20,2024-04-22,2024-04-25,Sea,774,91,3685.27,335359.57,Rainy,Central,No,82.5,FedEx,,0,1,0
575,5092.0,4.7,9.0,2024-08-04,2024-08-13,2024-08-14,Road,799,55,4504.93,247771.15,Rainy,West,Yes,74.8,Delhivery,Operational,0,1,0
576,9019.0,4.8,7.0,2024-06-01,2024-06-08,2024-06-08,Air,591,44,402.14,17694.16,Cloudy,North,No,96.9,BlueDart,,1,1,1
577,3423.0,3.4,2.0,2024-04-28,2024-04-30,2024-04-30,Sea,110,64,2682.05,171651.2,Storm,Central,Yes,77.6,DHL,Traffic,1,1,1
578,6538.0,3.8,3.0,2024-09-29,2024-10-02,2024-10-04,Air,884,82,1658.53,135999.46,Cloudy,North,Yes,72.2,FedEx,Traffic,0,1,0
579,5098.0,4.7,9.0,2024-06-26,2024-07-05,2024-07-05,Road,152,72,3503.53,252254.16,Rainy,West,Yes,84.3,DHL,Traffic,1,0,1
580,5047.0,4.4,3.0,2024-04-05,2024-04-08,2024-04-13,Sea,448,19,3903.77,74171.63,Storm,North,No,89.9,EcomExpress,Operational,0,0,1
581,3647.0,4.7,8.0,2024-11-26,2024-12-04,2024-12-07,Air,1456,2,2580.25,5160.5,Storm,East,Yes,72.4,EcomExpress,Traffic,0,0,1
582,9493.0,4.9,9.0,2024-05-14,2024-05-23,2024-05-25,Sea,1033,47,1022.11,48039.17,Storm,East,Yes,95.9,Delhivery,Traffic,0,0,1
583,6775.0,4.2,7.0,2024-05-02,2024-05-09,2024-05-12,Air,929,36,3090.0,111240.0,Clear,North,No,95.1,FedEx,Weather,0,0,1
584,4319.0,3.8,8.0,2024-02-29,2024-03-08,2024-03-13,Air,152,37,4844.37,179241.69,Storm,North,No,71.6,EcomExpress,Weather,0,0,1
585,3283.0,2.5,4.0,2024-10-26,2024-10-30,2024-11-04,Road,340,53,3800.4,201421.2,Clear,West,No,73.9,Delhivery,Weather,0,1,0
586,3387.0,3.4,3.0,2024-10-08,2024-10-11,2024-10-10,Road,796,45,2768.84,124597.8,Rainy,West,Yes,85.9,Delhivery,Traffic,1,0,1
587,3620.0,3.3,10.0,2024-10-24,2024-11-03,2024-11-06,Road,270,27,1805.7,48753.9,Cloudy,Central,No,87.3,Delhivery,Weather,0,0,1
588,5262.0,3.5,6.0,2024-11-17,2024-11-23,2024-11-22,Sea,436,79,3741.53,295580.87,Cloudy,West,No,89.3,Delhivery,Traffic,1,1,1
589,3164.0,4.0,4.0,2024-11-09,2024-11-13,2024-11-13,Air,1398,57,2667.29,152035.53,Clear,Central,Yes,73.5,Delhivery,Traffic,1,1,1
590,4448.0,3.0,8.0,2024-09-08,2024-09-16,2024-09-16,Air,440,74,1888.72,139765.28,Rainy,Central,No,94.4,FedEx,,1,1,1
591,6769.0,3.3,10.0,2024-01-26,2024-02-05,2024-02-05,Road,1175,20,4303.27,86065.4,Clear,East,No,81.3,DHL,Operational,1,0,1
592,1576.0,4.3,2.0,2024-03-08,2024-03-10,2024-03-12,Air,1188,26,4716.71,122634.46,Rainy,West,Yes,79.9,EcomExpress,Weather,0,0,1
593,8837.0,2.7,5.0,2024-09-22,2024-09-27,2024-09-27,Sea,543,32,3380.64,108180.48,Cloudy,South,Yes,80.6,Delhivery,Operational,1,1,1
594,4023.0,4.1,2.0,2024-07-01,2024-07-03,2024-07-04,Road,744,76,923.98,70222.48,Rainy,South,No,84.1,FedEx,Traffic,0,0,1
595,7409.0,4.8,4.0,2024-10-18,2024-10-22,2024-10-27,Air,468,85,1639.25,139336.25,Rainy,North,Yes,80.9,Delhivery,Weather,0,0,1
596,5289.0,4.8,3.0,2024-02-26,2024-02-29,2024-02-29,Air,987,21,2143.42,45011.82,Storm,North,Yes,85.0,FedEx,Weather,1,0,1
597,5100.0,3.0,10.0,2024-05-09,2024-05-19,2024-05-19,Road,1304,6,2577.71,15466.26,Rainy,Central,Yes,88.1,BlueDart,Customs,1,0,1
598,4995.0,4.2,5.0,2024-05-21,2024-05-26,2024-05-31,Road,1143,11,260.75,2868.25,Clear,East,Yes,98.6,FedEx,,0,0,1
599,2261.0,4.5,4.0,2024-04-10,2024-04-14,2024-04-16,Sea,989,50,1986.28,99314.0,Rainy,Central,No,72.0,FedEx,Operational,0,0,1
600,1797.0,4.3,7.0,2024-05-19,2024-05-26,2024-05-25,Air,219,72,1502.42,108174.24,Cloudy,South,No,93.7,BlueDart,,1,1,1
601,9985.0,3.8,9.0,2024-06-26,2024-07-05,2024-07-09,Air,579,81,2683.68,217378.08,Cloudy,North,Yes,92.0,EcomExpress,,0,0,1
602,3201.0,4.4,6.0,2024-01-09,2024-01-15,2024-01-16,Sea,685,78,2998.76,233903.28,Clear,North,No,80.3,BlueDart,Customs,0,0,1
603,8120.0,2.7,2.0,2024-07-30,2024-08-01,2024-08-03,Sea,389,61,3273.21,199665.81,Rainy,Central,Yes,70.6,FedEx,Customs,0,0,1
604,8256.0,2.7,2.0,2024-01-17,2024-01-19,2024-01-19,Sea,551,78,3614.94,281965.32,Clear,North,No,83.1,EcomExpress,Weather,1,0,1
605,1969.0,4.3,2.0,2024-05-18,2024-05-20,2024-05-19,Sea,1190,78,251.8,19640.4,Clear,East,No,72.7,BlueDart,Weather,1,1,1
606,1426.0,3.8,6.0,2024-07-14,2024-07-20,2024-07-19,Air,1276,24,575.05,13801.2,Cloudy,Central,No,82.2,EcomExpress,Operational,1,1,1
607,8915.0,3.2,2.0,2024-04-22,2024-04-24,2024-04-28,Road,826,36,4782.83,172181.88,Storm,North,No,95.5,BlueDart,Operational,0,0,1
608,9548.0,3.2,10.0,2024-01-19,2024-01-29,2024-01-31,Sea,732,33,2050.49,67666.17,Rainy,East,Yes,71.3,DHL,Customs,0,0,1
609,2773.0,4.1,3.0,2024-07-22,2024-07-25,2024-07-30,Air,1320,79,1513.27,119548.33,Cloudy,East,Yes,84.9,EcomExpress,,0,0,1
610,9690.0,4.9,6.0,2024-08-10,2024-08-16,2024-08-18,Road,1409,95,1075.08,102132.6,Rainy,East,No,92.4,FedEx,,0,1,0
611,1597.0,3.3,7.0,2024-05-26,2024-06-02,2024-06-05,Road,1226,65,2720.76,176849.4,Clear,West,No,72.3,DHL,Traffic,0,1,0
612,9137.0,2.6,5.0,2024-06-11,2024-06-16,2024-06-20,Air,959,87,1679.92,146153.04,Rainy,West,Yes,74.8,EcomExpress,Operational,0,0,1
613,9579.0,4.2,4.0,2024-05-24,2024-05-28,2024-05-27,Road,811,94,3552.64,333948.16,Cloudy,North,No,95.6,FedEx,Operational,1,0,1
614,7476.0,3.2,2.0,2024-11-18,2024-11-20,2024-11-20,Road,1483,60,114.14,6848.4,Cloudy,Central,Yes,88.6,BlueDart,Weather,1,0,1
615,5299.0,2.8,2.0,2024-03-01,2024-03-03,2024-03-02,Sea,796,25,3234.68,80867.0,Cloudy,South,No,90.8,FedEx,Weather,1,0,1
616,9005.0,4.5,5.0,2024-02-11,2024-02-16,2024-02-16,Air,1368,39,491.65,19174.35,Cloudy,West,No,93.8,FedEx,Customs,1,1,1
617,4525.0,2.6,9.0,2024-06-29,2024-07-08,2024-07-13,Road,1173,27,4569.04,123364.08,Storm,Central,Yes,82.4,Delhivery,Traffic,0,1,0
618,5229.0,3.2,9.0,2024-08-18,2024-08-27,2024-08-29,Sea,444,88,4965.18,436935.84,Rainy,South,No,89.7,Delhivery,Operational,0,1,0
619,7957.0,4.3,3.0,2024-02-26,2024-02-29,2024-03-03,Sea,132,99,3175.39,314363.61,Storm,North,Yes,98.8,DHL,Operational,0,0,1
620,7398.0,3.2,5.0,2024-08-19,2024-08-24,2024-08-28,Sea,437,90,2877.07,258936.3,Clear,South,Yes,91.1,FedEx,Weather,0,0,1
621,7286.0,4.0,6.0,2024-04-13,2024-04-19,2024-04-19,Sea,493,35,3490.2,122157.0,Rainy,North,No,94.9,BlueDart,Operational,1,1,1
622,5931.0,4.4,4.0,2024-04-23,2024-04-27,2024-04-30,Road,1347,94,614.69,57780.86,Storm,South,Yes,94.8,Delhivery,Traffic,0,0,1
623,8345.0,4.4,6.0,2024-01-14,2024-01-20,2024-01-24,Air,192,6,4663.15,27978.9,Clear,West,Yes,80.3,FedEx,Customs,0,1,0
624,3988.0,3.3,10.0,2024-06-20,2024-06-30,2024-06-30,Road,23,3,2717.7,8153.1,Cloudy,South,Yes,78.4,BlueDart,Operational,1,0,1
625,5211.0,3.9,5.0,2024-03-22,2024-03-27,2024-03-26,Sea,42,30,185.32,5559.6,Clear,South,No,89.5,EcomExpress,,1,0,1
626,5416.0,4.0,8.0,2024-11-08,2024-11-16,2024-11-21,Road,106,83,1922.48,159565.84,Clear,South,No,100.0,EcomExpress,Weather,0,0,1
627,5234.0,2.6,6.0,2024-08-21,2024-08-27,2024-09-01,Air,19,78,1119.2,87297.6,Storm,North,Yes,74.5,BlueDart,Weather,0,0,1
628,9970.0,3.4,2.0,2024-06-01,2024-06-03,2024-06-08,Air,83,15,4409.03,66135.45,Clear,South,No,74.3,DHL,Operational,0,1,0
629,7192.0,3.1,2.0,2024-11-24,2024-11-26,2024-12-01,Sea,267,49,142.65,6989.85,Cloudy,East,Yes,75.2,DHL,Customs,0,1,0
630,4262.0,3.8,8.0,2024-06-23,2024-07-01,2024-07-04,Sea,129,100,3631.73,363173.0,Storm,Central,Yes,82.4,BlueDart,Customs,0,1,0
631,3497.0,4.0,8.0,2024-11-12,2024-11-20,2024-11-24,Air,196,70,3559.49,249164.3,Clear,South,Yes,91.9,BlueDart,Traffic,0,0,1
632,4401.0,4.4,8.0,2024-06-22,2024-06-30,2024-06-30,Air,976,100,2370.4,237040.0,Cloudy,East,Yes,91.6,EcomExpress,,1,1,1
633,1496.0,4.1,6.0,2024-02-25,2024-03-02,2024-03-06,Sea,356,3,3051.94,9155.82,Rainy,North,No,70.5,Delhivery,Customs,0,1,0
634,4839.0,5.0,7.0,2024-05-04,2024-05-11,2024-05-12,Road,1216,16,1500.3,24004.8,Cloudy,Central,No,95.5,Delhivery,Operational,0,1,0
635,5475.0,4.2,8.0,2024-05-14,2024-05-22,2024-05-25,Road,1214,43,633.36,27234.48,Storm,North,Yes,77.0,BlueDart,Traffic,0,0,1
636,1472.0,3.2,8.0,2024-11-17,2024-11-25,2024-11-30,Road,333,10,4644.09,46440.9,Clear,North,No,81.3,FedEx,,0,1,0
637,8412.0,2.6,7.0,2024-11-04,2024-11-11,2024-11-14,Sea,547,15,357.16,5357.4,Rainy,Central,Yes,76.3,BlueDart,Customs,0,0,1
638,4500.0,3.6,2.0,2024-07-31,2024-08-02,2024-08-03,Air,1157,54,1250.89,67548.06,Storm,Central,No,91.1,DHL,Weather,0,0,1
639,5311.0,3.9,2.0,2024-01-01,2024-01-03,2024-01-04,Road,883,72,1709.92,123114.24,Rainy,South,Yes,98.9,DHL,Customs,0,0,1
640,3570.0,3.5,9.0,2024-03-20,2024-03-29,2024-04-02,Air,1439,87,208.18,18111.66,Storm,Central,Yes,80.8,DHL,,0,0,1
641,7304.0,4.2,9.0,2024-11-02,2024-11-11,2024-11-15,Air,1238,85,2795.36,237605.6,Clear,East,No,78.8,Delhivery,Operational,0,1,0
642,7970.0,4.7,5.0,2024-02-18,2024-02-23,2024-02-22,Road,1318,14,1065.9,14922.6,Storm,West,Yes,73.0,BlueDart,Customs,1,1,1
643,1794.0,3.4,7.0,2024-10-24,2024-10-31,2024-10-31,Road,1140,17,1728.79,29389.43,Storm,Central,No,96.4,FedEx,Traffic,1,0,1
644,1526.0,3.5,8.0,2024-01-17,2024-01-25,2024-01-27,Sea,1262,2,4671.48,9342.96,Clear,East,Yes,76.2,EcomExpress,Traffic,0,0,1
645,9058.0,4.7,3.0,2024-07-01,2024-07-04,2024-07-08,Sea,1062,99,4979.98,493018.02,Clear,West,Yes,83.1,Delhivery,,0,0,1
646,4421.0,2.6,9.0,2024-02-16,2024-02-25,2024-03-01,Sea,1035,15,1316.23,19743.45,Cloudy,Central,No,84.9,DHL,Customs,0,0,1
647,6056.0,2.5,8.0,2024-01-28,2024-02-05,2024-02-07,Sea,1238,67,3000.9,201060.3,Storm,Central,No,87.7,FedEx,Customs,0,1,0
648,6608.0,3.6,3.0,2024-06-22,2024-06-25,2024-06-26,Air,1343,1,1402.24,1402.24,Rainy,West,Yes,76.8,DHL,Operational,0,1,0
649,2438.0,3.0,5.0,2024-04-25,2024-04-30,2024-05-01,Sea,1198,79,1206.72,95330.88,Storm,West,No,99.5,Delhivery,Traffic,0,0,1
650,3259.0,4.4,7.0,2024-07-05,2024-07-12,2024-07-12,Road,1121,75,3064.61,229845.75,Rainy,North,Yes,98.4,BlueDart,Traffic,1,0,1
651,2949.0,4.3,7.0,2024-02-21,2024-02-28,2024-02-27,Sea,1088,28,2412.84,67559.52,Storm,East,No,86.9,BlueDart,Traffic,1,0,1
652,5639.0,3.9,10.0,2024-02-28,2024-03-09,2024-03-12,Air,1456,15,448.1,6721.5,Cloudy,North,No,93.3,DHL,Traffic,0,0,1
653,1811.0,3.1,5.0,2024-01-17,2024-01-22,2024-01-24,Air,815,81,2044.2,165580.2,Cloudy,South,No,91.0,Delhivery,,0,0,1
654,6794.0,3.6,3.0,2024-10-17,2024-10-20,2024-10-25,Air,1297,45,4106.5,184792.5,Rainy,West,Yes,98.5,DHL,Operational,0,0,1
655,5234.0,4.9,8.0,2024-05-15,2024-05-23,2024-05-26,Road,744,11,2880.1,31681.1,Cloudy,West,Yes,91.0,FedEx,Customs,0,0,1
656,7265.0,4.6,3.0,2024-08-04,2024-08-07,2024-08-11,Sea,35,38,1508.73,57331.74,Rainy,South,Yes,85.8,BlueDart,Operational,0,1,0
657,2293.0,4.8,9.0,2024-05-01,2024-05-10,2024-05-14,Air,1456,18,1227.62,22097.16,Storm,Central,Yes,97.3,EcomExpress,,0,0,1
658,2717.0,3.2,7.0,2024-08-16,2024-08-23,2024-08-26,Sea,440,65,311.4,20241.0,Clear,South,Yes,79.9,FedEx,Operational,0,0,1
659,3588.0,3.5,8.0,2024-11-20,2024-11-28,2024-12-02,Air,685,24,1428.77,34290.48,Storm,North,Yes,77.8,DHL,,0,0,1
660,8915.0,4.0,6.0,2024-03-02,2024-03-08,2024-03-07,Road,1403,38,3784.5,143811.0,Storm,North,Yes,84.4,DHL,Traffic,1,1,1
661,1676.0,4.5,5.0,2024-10-26,2024-10-31,2024-11-03,Road,538,5,316.15,1580.75,Cloudy,South,Yes,85.3,FedEx,Operational,0,1,0
662,3419.0,2.8,6.0,2024-09-04,2024-09-10,2024-09-13,Air,622,96,4537.48,435598.08,Storm,East,No,84.9,BlueDart,Traffic,0,0,1
663,7333.0,3.5,7.0,2024-01-08,2024-01-15,2024-01-16,Road,1202,34,4085.3,138900.2,Storm,South,Yes,72.8,BlueDart,Traffic,0,0,1
664,4283.0,2.7,3.0,2024-06-30,2024-07-03,2024-07-08,Air,790,29,707.52,20518.08,Storm,South,No,95.2,EcomExpress,Operational,0,1,0
665,8061.0,4.6,6.0,2024-07-11,2024-07-17,2024-07-21,Sea,1402,45,4493.74,202218.3,Clear,West,Yes,81.0,DHL,Traffic,0,0,1
666,2369.0,3.1,8.0,2024-02-21,2024-02-29,2024-03-02,Sea,363,38,1167.49,44364.62,Storm,North,Yes,80.5,BlueDart,Operational,0,0,1
667,5448.0,2.9,10.0,2024-02-19,2024-02-29,2024-03-04,Road,92,93,1346.93,125264.49,Clear,North,Yes,74.5,Delhivery,,0,0,1
668,8570.0,4.1,6.0,2024-03-03,2024-03-09,2024-03-14,Air,464,58,3426.62,198743.96,Rainy,South,Yes,93.3,Delhivery,Weather,0,1,0
669,1960.0,4.4,7.0,2024-08-23,2024-08-30,2024-09-03,Air,200,70,2504.09,175286.3,Storm,South,No,80.1,FedEx,,0,0,1
670,1413.0,2.7,9.0,2024-10-20,2024-10-29,2024-10-30,Sea,1217,67,3079.66,206337.22,Cloudy,South,Yes,84.7,DHL,Customs,0,1,0
671,7476.0,3.4,9.0,2024-05-20,2024-05-29,2024-05-29,Sea,883,86,4470.01,384420.86,Rainy,South,Yes,82.9,EcomExpress,Traffic,1,0,1
672,2765.0,3.9,4.0,2024-03-22,2024-03-26,2024-03-26,Sea,1336,8,4436.45,35491.6,Storm,North,Yes,84.9,FedEx,Operational,1,0,1
673,4970.0,3.8,8.0,2024-11-12,2024-11-20,2024-11-20,Road,1346,100,2257.59,225759.0,Storm,East,No,86.2,EcomExpress,Traffic,1,0,1
674,9778.0,3.5,5.0,2024-02-26,2024-03-02,2024-03-03,Sea,78,14,1099.38,15391.32,Cloudy,North,Yes,83.4,DHL,Operational,0,0,1
675,3256.0,4.5,10.0,2024-08-05,2024-08-15,2024-08-18,Road,1058,32,3756.41,120205.12,Storm,Central,Yes,78.1,Delhivery,Traffic,0,0,1
676,9659.0,3.4,10.0,2024-01-19,2024-01-29,2024-02-03,Air,995,83,3660.57,303827.31,Clear,Central,No,92.7,DHL,Traffic,0,0,1
677,3894.0,2.8,9.0,2024-11-18,2024-11-27,2024-11-27,Road,1069,67,4418.45,296036.15,Clear,North,No,73.8,BlueDart,Weather,1,0,1
678,3073.0,3.4,3.0,2024-02-22,2024-02-25,2024-02-28,Road,268,25,1784.15,44603.75,Clear,West,Yes,92.3,FedEx,Weather,0,0,1
679,9662.0,4.3,9.0,2024-02-21,2024-03-01,2024-03-04,Road,918,46,1346.58,61942.68,Clear,West,No,72.8,DHL,Customs,0,0,1
680,9774.0,3.4,8.0,2024-09-17,2024-09-25,2024-09-30,Road,588,45,2557.8,115101.0,Storm,East,Yes,88.1,EcomExpress,Customs,0,0,1
681,3768.0,3.5,10.0,2024-10-07,2024-10-17,2024-10-20,Air,113,11,3872.59,42598.49,Clear,West,Yes,92.9,EcomExpress,Traffic,0,0,1
682,8493.0,3.1,7.0,2024-04-28,2024-05-05,2024-05-10,Air,1194,92,4707.0,433044.0,Cloudy,East,No,81.3,Delhivery,,0,1,0
683,9739.0,2.5,6.0,2024-05-30,2024-06-05,2024-06-06,Road,645,86,854.35,73474.1,Storm,East,Yes,84.5,BlueDart,Operational,0,0,1
684,9497.0,2.7,2.0,2024-09-11,2024-09-13,2024-09-12,Air,56,21,1125.49,23635.29,Storm,Central,No,90.3,BlueDart,Weather,1,0,1
685,7546.0,2.6,2.0,2024-06-16,2024-06-18,2024-06-20,Sea,1164,91,560.71,51024.61,Rainy,East,No,71.1,EcomExpress,Operational,0,1,0
686,3174.0,3.8,4.0,2024-03-24,2024-03-28,2024-03-28,Sea,1443,21,2050.16,43053.36,Storm,South,No,99.4,EcomExpress,Weather,1,1,1
687,2320.0,4.5,3.0,2024-02-11,2024-02-14,2024-02-19,Air,261,42,1554.44,65286.48,Rainy,East,Yes,99.8,FedEx,Weather,0,1,0
688,7240.0,2.6,8.0,2024-07-30,2024-08-07,2024-08-09,Sea,891,75,132.91,9968.25,Clear,East,No,70.7,BlueDart,Weather,0,0,1
689,4468.0,4.5,8.0,2024-07-16,2024-07-24,2024-07-29,Sea,68,76,4443.2,337683.2,Cloudy,North,Yes,83.2,Delhivery,Customs,0,0,1
690,5311.0,4.0,4.0,2024-04-08,2024-04-12,2024-04-16,Sea,149,56,189.88,10633.28,Clear,West,No,80.0,Delhivery,Traffic,0,0,1
691,9887.0,3.9,2.0,2024-09-21,2024-09-23,2024-09-27,Air,193,95,2485.13,236087.35,Storm,West,No,79.8,DHL,Operational,0,1,0
692,4759.0,4.7,4.0,2024-01-29,2024-02-02,2024-02-01,Sea,979,20,675.63,13512.6,Rainy,Central,No,93.8,DHL,Operational,1,0,1
693,3677.0,4.0,7.0,2024-11-26,2024-12-03,2024-12-08,Road,957,58,1131.54,65629.32,Storm,Central,Yes,72.6,Delhivery,Customs,0,0,1
694,4103.0,3.5,8.0,2024-07-13,2024-07-21,2024-07-23,Road,946,17,1415.38,24061.46,Clear,West,Yes,86.1,EcomExpress,Traffic,0,1,0
695,3720.0,5.0,7.0,2024-05-17,2024-05-24,2024-05-28,Road,862,9,1941.55,17473.95,Storm,North,Yes,78.2,Delhivery,Customs,0,0,1
696,7517.0,4.9,7.0,2024-07-13,2024-07-20,2024-07-21,Road,1303,71,3008.06,213572.26,Clear,West,Yes,78.7,Delhivery,Operational,0,1,0
697,6861.0,5.0,10.0,2024-08-18,2024-08-28,2024-08-31,Sea,1290,99,360.87,35726.13,Clear,Central,No,96.0,Delhivery,,0,1,0
698,6095.0,4.0,10.0,2024-10-01,2024-10-11,2024-10-14,Air,267,32,3449.36,110379.52,Storm,South,Yes,73.6,FedEx,Customs,0,0,1
699,6366.0,4.5,10.0,2024-05-14,2024-05-24,2024-05-28,Road,1280,52,2827.56,147033.12,Storm,Central,No,73.3,Delhivery,Traffic,0,0,1
700,4254.0,3.2,6.0,2024-01-06,2024-01-12,2024-01-12,Sea,885,5,3707.11,18535.55,Clear,South,No,94.5,Delhivery,Operational,1,1,1
701,6303.0,4.8,2.0,2024-10-31,2024-11-02,2024-11-06,Air,172,74,3243.3,240004.2,Clear,East,Yes,84.1,EcomExpress,Customs,0,0,1
702,1972.0,4.6,2.0,2024-08-05,2024-08-07,2024-08-08,Sea,1187,96,237.22,22773.12,Clear,East,Yes,71.5,BlueDart,,0,0,1
703,1925.0,4.6,4.0,2024-09-14,2024-09-18,2024-09-19,Road,589,37,680.35,25172.95,Clear,West,No,80.5,Delhivery,Operational,0,1,0
704,6928.0,3.7,6.0,2024-07-17,2024-07-23,2024-07-24,Air,625,67,4300.38,288125.46,Storm,West,No,85.0,DHL,,0,0,1
705,9978.0,2.9,8.0,2024-05-31,2024-06-08,2024-06-07,Road,825,77,1665.1,128212.7,Storm,West,Yes,96.9,FedEx,Traffic,1,0,1
706,7893.0,4.3,5.0,2024-01-21,2024-01-26,2024-01-29,Road,605,86,2516.39,216409.54,Cloudy,East,Yes,76.4,BlueDart,,0,1,0
707,1524.0,4.6,7.0,2024-07-03,2024-07-10,2024-07-10,Sea,1271,43,3938.04,169335.72,Clear,South,No,77.9,Delhivery,Operational,1,0,1
708,6346.0,4.1,5.0,2024-08-06,2024-08-11,2024-08-10,Sea,38,71,3787.53,268914.63,Storm,East,Yes,75.0,EcomExpress,Weather,1,0,1
709,2354.0,4.3,9.0,2024-09-17,2024-09-26,2024-09-27,Sea,961,60,3347.67,200860.2,Storm,South,Yes,91.1,Delhivery,,0,0,1
710,8674.0,4.2,10.0,2024-10-08,2024-10-18,2024-10-17,Air,463,84,1411.16,118537.44,Storm,West,Yes,78.0,BlueDart,Traffic,1,0,1
711,8803.0,3.1,8.0,2024-11-04,2024-11-12,2024-11-16,Sea,637,32,4555.93,145789.76,Clear,North,Yes,73.8,EcomExpress,,0,0,1
712,8519.0,4.8,9.0,2024-09-05,2024-09-14,2024-09-14,Road,220,99,4594.39,454844.61,Rainy,West,No,82.3,FedEx,Traffic,1,0,1
713,2990.0,4.2,9.0,2024-01-11,2024-01-20,2024-01-22,Road,883,69,3858.08,266207.52,Rainy,East,Yes,95.7,DHL,Weather,0,0,1
714,6813.0,3.3,6.0,2024-03-07,2024-03-13,2024-03-18,Air,1240,10,2767.12,27671.2,Rainy,West,No,85.1,Delhivery,Customs,0,0,1
715,8662.0,5.0,10.0,2024-02-20,2024-03-01,2024-03-01,Road,1389,24,2548.5,61164.0,Storm,West,Yes,81.1,FedEx,Weather,1,0,1
716,1683.0,3.3,6.0,2024-08-03,2024-08-09,2024-08-08,Air,1121,66,3088.45,203837.7,Cloudy,South,No,79.1,EcomExpress,,1,1,1
717,8065.0,5.0,10.0,2024-10-08,2024-10-18,2024-10-21,Road,505,78,4742.09,369883.02,Clear,Central,No,86.1,BlueDart,Weather,0,0,1
718,7291.0,3.7,9.0,2024-11-23,2024-12-02,2024-12-02,Sea,744,50,1302.2,65110.0,Cloudy,West,No,73.3,FedEx,Weather,1,1,1
719,7933.0,2.6,10.0,2024-09-08,2024-09-18,2024-09-18,Air,170,95,2590.51,246098.45,Storm,West,No,92.1,FedEx,,1,1,1
720,3928.0,2.7,3.0,2024-07-06,2024-07-09,2024-07-10,Air,1425,67,4588.58,307434.86,Storm,South,Yes,83.5,FedEx,Weather,0,1,0
721,9358.0,3.4,9.0,2024-06-03,2024-06-12,2024-06-15,Air,777,15,3978.22,59673.3,Cloudy,Central,Yes,87.1,EcomExpress,Customs,0,0,1
722,1608.0,3.1,4.0,2024-11-19,2024-11-23,2024-11-28,Air,258,36,269.26,9693.36,Storm,West,Yes,83.3,EcomExpress,Customs,0,0,1
723,4752.0,4.7,8.0,2024-09-03,2024-09-11,2024-09-12,Air,118,22,4789.77,105374.94,Cloudy,Central,Yes,83.0,DHL,,0,0,1
724,6670.0,2.7,4.0,2024-06-01,2024-06-05,2024-06-04,Road,93,21,1844.32,38730.72,Storm,East,No,83.6,BlueDart,Operational,1,1,1
725,9719.0,2.9,4.0,2024-09-01,2024-09-05,2024-09-06,Sea,1382,51,3263.69,166448.19,Rainy,Central,Yes,90.8,FedEx,Weather,0,1,0
726,2611.0,4.2,2.0,2024-04-09,2024-04-11,2024-04-10,Air,1332,19,1195.28,22710.32,Cloudy,West,Yes,79.1,Delhivery,Traffic,1,0,1
727,1203.0,3.8,2.0,2024-08-30,2024-09-01,2024-09-02,Air,529,93,1977.42,183900.06,Rainy,North,No,93.7,Delhivery,Weather,0,0,1
728,4654.0,4.4,8.0,2024-02-25,2024-03-04,2024-03-06,Air,1319,70,2909.29,203650.3,Storm,Central,No,96.0,FedEx,Customs,0,1,0
729,8870.0,4.0,7.0,2024-10-13,2024-10-20,2024-10-19,Road,508,53,1544.21,81843.13,Storm,East,No,75.9,Delhivery,Weather,1,1,1
730,1583.0,4.9,9.0,2024-03-05,2024-03-14,2024-03-17,Air,1201,88,4458.4,392339.2,Clear,East,No,81.1,FedEx,,0,0,1
731,6710.0,2.7,5.0,2024-01-16,2024-01-21,2024-01-25,Air,836,33,1737.2,57327.6,Storm,East,Yes,70.6,Delhivery,,0,0,1
732,1650.0,3.3,8.0,2024-06-02,2024-06-10,2024-06-14,Road,320,46,1352.5,62215.0,Clear,South,No,84.8,Delhivery,,0,1,0
733,5039.0,4.9,4.0,2024-03-21,2024-03-25,2024-03-26,Air,963,40,1398.83,55953.2,Rainy,South,Yes,74.1,EcomExpress,Traffic,0,0,1
734,4568.0,5.0,2.0,2024-05-05,2024-05-07,2024-05-06,Air,903,41,4675.2,191683.2,Rainy,North,Yes,98.0,DHL,Operational,1,1,1
735,2508.0,4.7,3.0,2024-11-15,2024-11-18,2024-11-17,Sea,184,10,2820.43,28204.3,Cloudy,Central,Yes,92.9,Delhivery,Traffic,1,0,1
736,8990.0,2.9,6.0,2024-08-03,2024-08-09,2024-08-12,Sea,339,82,115.08,9436.56,Clear,North,No,75.1,Delhivery,,0,1,0
737,2472.0,2.9,8.0,2024-03-23,2024-03-31,2024-03-30,Sea,937,52,1609.06,83671.12,Rainy,West,Yes,86.7,EcomExpress,Weather,1,1,1
738,9929.0,3.9,6.0,2024-09-16,2024-09-22,2024-09-23,Air,819,74,994.34,73581.16,Storm,Central,Yes,88.9,EcomExpress,Weather,0,0,1
739,4865.0,4.7,4.0,2024-11-24,2024-11-28,2024-12-03,Sea,772,7,4448.79,31141.53,Storm,East,Yes,87.3,DHL,Weather,0,1,0
740,5394.0,4.6,3.0,2024-10-27,2024-10-30,2024-10-31,Road,377,78,1768.98,137980.44,Storm,East,No,97.6,DHL,Operational,0,1,0
741,8154.0,3.5,4.0,2024-10-25,2024-10-29,2024-11-03,Air,206,73,2723.54,198818.42,Rainy,East,No,77.1,Delhivery,Traffic,0,0,1
742,5649.0,3.6,7.0,2024-07-24,2024-07-31,2024-08-05,Air,1488,85,4310.84,366421.4,Rainy,Central,No,84.4,EcomExpress,,0,0,1
743,8576.0,4.0,8.0,2024-09-18,2024-09-26,2024-09-30,Sea,1265,20,4888.83,97776.6,Storm,North,Yes,73.1,EcomExpress,Weather,0,0,1
744,2660.0,4.1,9.0,2024-08-03,2024-08-12,2024-08-16,Sea,1119,64,2655.06,169923.84,Storm,Central,Yes,73.3,BlueDart,,0,1,0
745,3922.0,2.7,4.0,2024-11-16,2024-11-20,2024-11-25,Sea,283,73,1143.04,83441.92,Storm,East,Yes,86.7,FedEx,Operational,0,1,0
746,2719.0,4.7,4.0,2024-11-03,2024-11-07,2024-11-09,Road,306,46,4879.79,224470.34,Clear,West,No,81.3,FedEx,,0,1,0
747,9231.0,3.9,10.0,2024-10-13,2024-10-23,2024-10-26,Sea,984,26,3905.78,101550.28,Storm,South,Yes,78.8,EcomExpress,Operational,0,1,0
748,9618.0,4.0,10.0,2024-07-26,2024-08-05,2024-08-06,Air,1394,82,601.64,49334.48,Clear,North,No,89.8,EcomExpress,Operational,0,0,1
749,6401.0,3.2,8.0,2024-04-19,2024-04-27,2024-04-27,Road,1263,36,1173.08,42230.88,Clear,South,Yes,88.8,BlueDart,Operational,1,0,1
750,6969.0,2.8,6.0,2024-06-17,2024-06-23,2024-06-28,Sea,1137,17,2700.12,45902.04,Clear,East,No,75.5,EcomExpress,Weather,0,0,1
751,7532.0,4.2,10.0,2024-04-26,2024-05-06,2024-05-06,Road,1456,84,4065.13,341470.92,Clear,East,Yes,81.1,FedEx,,1,0,1
752,2402.0,4.0,9.0,2024-05-02,2024-05-11,2024-05-13,Sea,367,77,2800.8,215661.6,Storm,Central,No,74.3,EcomExpress,Customs,0,0,1
753,5100.0,4.1,5.0,2024-01-21,2024-01-26,2024-01-31,Air,1400,11,3335.02,36685.22,Cloudy,East,Yes,83.4,EcomExpress,Traffic,0,1,0
754,6685.0,3.6,5.0,2024-02-23,2024-02-28,2024-02-28,Air,173,57,561.73,32018.61,Storm,East,Yes,95.5,FedEx,Traffic,1,0,1
755,2217.0,3.0,3.0,2024-01-30,2024-02-02,2024-02-04,Road,1191,90,3328.44,299559.6,Storm,Central,No,75.1,FedEx,Operational,0,0,1
756,3676.0,4.0,3.0,2024-08-19,2024-08-22,2024-08-24,Sea,95,25,4930.06,123251.5,Cloudy,Central,Yes,80.7,EcomExpress,Traffic,0,0,1
757,9293.0,4.2,7.0,2024-06-13,2024-06-20,2024-06-25,Sea,888,68,4503.83,306260.44,Cloudy,West,Yes,73.1,EcomExpress,,0,0,1
758,4150.0,2.9,3.0,2024-10-28,2024-10-31,2024-10-31,Sea,549,93,4889.56,454729.08,Rainy,North,Yes,72.0,BlueDart,Weather,1,0,1
759,8006.0,4.9,10.0,2024-05-29,2024-06-08,2024-06-10,Road,1461,24,1211.35,29072.4,Clear,Central,No,92.9,DHL,Customs,0,0,1
760,3204.0,4.8,7.0,2024-10-04,2024-10-11,2024-10-16,Road,48,88,875.18,77015.84,Storm,East,No,89.2,DHL,Traffic,0,0,1
761,5613.0,3.7,9.0,2024-01-18,2024-01-27,2024-02-01,Air,331,2,378.79,757.58,Rainy,Central,No,91.1,Delhivery,Operational,0,0,1
762,5779.0,4.9,7.0,2024-07-08,2024-07-15,2024-07-19,Road,1152,5,167.87,839.35,Clear,North,Yes,97.2,Delhivery,Traffic,0,0,1
763,1772.0,4.9,3.0,2024-10-16,2024-10-19,2024-10-24,Air,1211,38,1676.32,63700.16,Storm,East,Yes,94.5,Delhivery,Operational,0,0,1
764,1989.0,3.9,10.0,2024-03-09,2024-03-19,2024-03-19,Road,1365,96,3962.61,380410.56,Clear,North,No,75.8,DHL,Traffic,1,1,1
765,9428.0,2.8,4.0,2024-02-15,2024-02-19,2024-02-18,Road,1381,69,191.14,13188.66,Cloudy,Central,No,83.0,DHL,Weather,1,0,1
766,9815.0,4.1,8.0,2024-10-25,2024-11-02,2024-11-01,Sea,1039,62,350.26,21716.12,Clear,East,No,89.6,Delhivery,,1,0,1
767,7713.0,2.9,8.0,2024-06-01,2024-06-09,2024-06-12,Air,401,92,1036.14,95324.88,Storm,South,No,96.4,Delhivery,Operational,0,1,0
768,5301.0,3.9,6.0,2024-06-18,2024-06-24,2024-06-24,Road,1430,97,3996.43,387653.71,Storm,South,Yes,96.8,DHL,Traffic,1,0,1
769,2739.0,3.7,7.0,2024-04-18,2024-04-25,2024-04-27,Road,1191,46,2629.69,120965.74,Clear,South,No,82.5,BlueDart,Traffic,0,0,1
770,3398.0,3.9,2.0,2024-04-10,2024-04-12,2024-04-17,Sea,70,3,4956.15,14868.45,Storm,North,No,85.7,DHL,Operational,0,0,1
771,6351.0,5.0,4.0,2024-01-02,2024-01-06,2024-01-10,Sea,404,19,1060.32,20146.08,Cloudy,West,Yes,86.2,BlueDart,Weather,0,0,1
772,1733.0,4.0,3.0,2024-10-25,2024-10-28,2024-10-30,Air,352,39,4249.29,165722.31,Cloudy,West,No,82.9,Delhivery,Weather,0,0,1
773,5141.0,3.1,4.0,2024-01-03,2024-01-07,2024-01-12,Air,1096,45,4390.21,197559.45,Rainy,North,No,99.5,Delhivery,Customs,0,0,1
774,6096.0,4.6,10.0,2024-07-25,2024-08-04,2024-08-08,Sea,111,89,3856.26,343207.14,Storm,West,Yes,74.3,DHL,Customs,0,0,1
775,2340.0,2.5,5.0,2024-06-24,2024-06-29,2024-06-29,Road,412,29,812.54,23563.66,Storm,Central,No,94.7,DHL,,1,0,1
776,8275.0,3.2,9.0,2024-10-27,2024-11-05,2024-11-04,Road,575,64,512.34,32789.76,Cloudy,North,No,99.0,Delhivery,Weather,1,1,1
777,3956.0,4.5,9.0,2024-03-29,2024-04-07,2024-04-06,Road,968,32,3403.14,108900.48,Rainy,Central,Yes,98.2,FedEx,,1,0,1
778,9175.0,3.2,9.0,2024-04-02,2024-04-11,2024-04-13,Road,1219,34,4883.03,166023.02,Cloudy,North,Yes,88.8,FedEx,Traffic,0,0,1
779,8015.0,3.5,4.0,2024-09-06,2024-09-10,2024-09-13,Sea,1179,99,1749.38,173188.62,Rainy,West,Yes,75.7,FedEx,,0,0,1
780,4216.0,3.8,4.0,2024-11-20,2024-11-24,2024-11-29,Sea,212,88,4358.47,383545.36,Clear,West,Yes,81.4,FedEx,Customs,0,0,1
781,3983.0,4.9,3.0,2024-02-21,2024-02-24,2024-02-27,Road,1457,58,329.55,19113.9,Cloudy,South,No,70.8,BlueDart,,0,0,1
782,,3.1,,2024-08-10,2024-08-17,2024-08-20,Air,1022,35,2637.27,,Cloudy,East,No,72.7,Delhivery,Customs,0,1,0
783,9012.0,3.3,9.0,2024-06-07,2024-06-16,2024-06-18,Road,362,2,2066.45,4132.9,Cloudy,South,No,98.4,Delhivery,Traffic,0,0,1
784,5459.0,2.7,4.0,2024-07-28,2024-08-01,2024-07-31,Road,180,82,3555.64,291562.48,Storm,South,Yes,78.1,DHL,Customs,1,1,1
785,9106.0,3.1,6.0,2024-03-20,2024-03-26,2024-03-30,Road,876,98,592.34,58049.32,Cloudy,North,Yes,93.2,BlueDart,Customs,0,0,1
786,1429.0,3.6,4.0,2024-11-17,2024-11-21,2024-11-20,Air,118,16,527.12,8433.92,Cloudy,South,Yes,91.5,Delhivery,Operational,1,1,1
787,2592.0,3.5,5.0,2024-03-08,2024-03-13,2024-03-12,Sea,68,78,4893.11,381662.58,Clear,South,Yes,74.6,BlueDart,Weather,1,0,1
788,4475.0,3.5,4.0,2024-08-23,2024-08-27,2024-09-01,Sea,144,11,2602.6,28628.6,Rainy,South,Yes,80.4,DHL,Customs,0,0,1
789,4422.0,3.2,6.0,2024-04-19,2024-04-25,2024-04-26,Sea,675,84,321.11,26973.24,Clear,South,No,97.7,BlueDart,Weather,0,0,1
790,3654.0,4.7,2.0,2024-08-25,2024-08-27,2024-08-29,Sea,1183,23,4162.66,95741.18,Rainy,Central,No,72.6,BlueDart,Customs,0,1,0
791,3716.0,3.3,4.0,2024-04-12,2024-04-16,2024-04-21,Air,1452,39,4766.58,185896.62,Storm,South,Yes,95.9,EcomExpress,,0,0,1
792,3858.0,2.6,3.0,2024-10-16,2024-10-19,2024-10-18,Road,1098,58,3012.11,174702.38,Rainy,West,No,94.7,FedEx,Traffic,1,0,1
793,,4.8,,2024-08-23,2024-08-28,2024-08-29,Road,76,34,3500.28,,Cloudy,East,No,86.3,DHL,Customs,0,0,1
794,4176.0,4.9,9.0,2024-06-25,2024-07-04,2024-07-07,Road,209,16,2879.76,46076.16,Storm,West,No,86.9,DHL,Traffic,0,0,1
795,3043.0,3.4,4.0,2024-02-27,2024-03-02,2024-03-01,Road,71,69,3054.52,210761.88,Rainy,South,No,90.7,Delhivery,Operational,1,0,1
796,2845.0,2.6,6.0,2024-05-02,2024-05-08,2024-05-13,Air,1168,5,321.98,1609.9,Cloudy,West,No,84.5,FedEx,Weather,0,0,1
797,2646.0,4.6,4.0,2024-07-20,2024-07-24,2024-07-26,Road,1113,7,1140.95,7986.65,Storm,West,No,86.4,Delhivery,Operational,0,1,0
798,1442.0,4.4,6.0,2024-06-08,2024-06-14,2024-06-15,Road,1030,8,1341.03,10728.24,Rainy,West,No,99.8,EcomExpress,Customs,0,1,0
799,3161.0,4.9,6.0,2024-03-04,2024-03-10,2024-03-14,Sea,144,58,2090.83,121268.14,Clear,Central,Yes,99.8,BlueDart,Operational,0,0,1
800,2806.0,2.7,8.0,2024-08-19,2024-08-27,2024-09-01,Sea,419,22,210.77,4636.94,Storm,South,No,82.9,EcomExpress,Customs,0,0,1
801,4211.0,4.5,5.0,2024-01-18,2024-01-23,2024-01-24,Air,122,88,2671.09,235055.92,Storm,South,Yes,76.3,BlueDart,Traffic,0,0,1
802,8733.0,4.7,10.0,2024-03-25,2024-04-04,2024-04-08,Road,486,93,4435.65,412515.45,Rainy,North,No,93.0,FedEx,Weather,0,0,1
803,3455.0,4.2,9.0,2024-05-17,2024-05-26,2024-05-26,Sea,43,7,3292.12,23044.84,Clear,East,No,71.9,Delhivery,Customs,1,0,1
804,3890.0,4.0,5.0,2024-09-16,2024-09-21,2024-09-22,Sea,1441,69,2765.79,190839.51,Rainy,Central,No,70.6,Delhivery,,0,0,1
805,9515.0,3.4,3.0,2024-08-10,2024-08-13,2024-08-12,Air,1473,7,2222.15,15555.05,Cloudy,Central,Yes,99.0,BlueDart,Customs,1,1,1
806,3837.0,3.7,8.0,2024-03-02,2024-03-10,2024-03-11,Road,253,70,3455.28,241869.6,Cloudy,Central,No,77.5,EcomExpress,Customs,0,1,0
807,3373.0,3.2,10.0,2024-08-31,2024-09-10,2024-09-09,Air,870,52,4336.25,225485.0,Rainy,South,Yes,79.0,BlueDart,Customs,1,1,1
808,1835.0,4.7,10.0,2024-04-04,2024-04-14,2024-04-18,Road,1336,3,2357.55,7072.65,Clear,Central,No,86.2,Delhivery,Weather,0,0,1
809,2565.0,4.2,9.0,2024-02-12,2024-02-21,2024-02-20,Air,838,69,2032.65,140252.85,Storm,West,Yes,90.9,BlueDart,Traffic,1,0,1
810,6226.0,4.1,4.0,2024-01-18,2024-01-22,2024-01-22,Sea,56,39,4275.26,166735.14,Rainy,North,Yes,76.2,FedEx,Customs,1,0,1
811,1210.0,4.1,10.0,2024-06-24,2024-07-04,2024-07-08,Sea,829,87,4705.53,409381.11,Storm,North,No,80.9,Delhivery,,0,0,1
812,9870.0,3.4,6.0,2024-09-13,2024-09-19,2024-09-21,Air,1212,82,4092.54,335588.28,Clear,South,Yes,98.6,Delhivery,Operational,0,0,1
813,8035.0,3.6,6.0,2024-01-05,2024-01-11,2024-01-13,Road,325,81,2999.6,242967.6,Cloudy,Central,No,71.2,EcomExpress,,0,0,1
814,6972.0,4.9,3.0,2024-06-15,2024-06-18,2024-06-19,Sea,306,90,1773.08,159577.2,Rainy,Central,No,80.9,Delhivery,Weather,0,1,0
815,5264.0,3.1,6.0,2024-02-23,2024-02-29,2024-03-05,Air,871,63,3157.66,198932.58,Cloudy,Central,Yes,92.9,FedEx,Customs,0,0,1
816,6461.0,4.0,5.0,2024-04-01,2024-04-06,2024-04-06,Road,1043,28,2387.88,66860.64,Clear,East,Yes,91.3,EcomExpress,Operational,1,0,1
817,8332.0,3.7,6.0,2024-11-16,2024-11-22,2024-11-23,Sea,1139,62,1221.33,75722.46,Rainy,Central,Yes,96.7,DHL,Customs,0,1,0
818,7641.0,4.8,9.0,2024-08-18,2024-08-27,2024-08-29,Road,927,18,1416.94,25504.92,Rainy,West,Yes,87.2,Delhivery,Weather,0,1,0
819,8339.0,3.2,8.0,2024-05-04,2024-05-12,2024-05-15,Road,944,98,878.63,86105.74,Storm,North,No,85.9,Delhivery,Traffic,0,1,0
820,5856.0,3.9,6.0,2024-07-30,2024-08-05,2024-08-08,Road,681,58,3336.34,193507.72,Rainy,South,No,72.4,BlueDart,Weather,0,0,1
821,8109.0,3.7,7.0,2024-02-02,2024-02-09,2024-02-10,Sea,175,54,4327.2,233668.8,Rainy,South,No,92.1,FedEx,Operational,0,0,1
822,9213.0,4.8,8.0,2024-11-23,2024-12-01,2024-12-03,Road,1244,12,3401.74,40820.88,Clear,East,No,85.1,FedEx,Operational,0,1,0
823,3303.0,4.9,7.0,2024-01-23,2024-01-30,2024-02-02,Sea,86,35,2217.06,77597.1,Clear,East,No,98.3,DHL,Traffic,0,0,1
824,6555.0,4.9,9.0,2024-08-04,2024-08-13,2024-08-14,Road,1216,9,3640.77,32766.93,Cloudy,West,Yes,96.0,DHL,,0,1,0
825,4138.0,2.6,6.0,2024-02-24,2024-03-01,2024-02-29,Air,26,43,3434.97,147703.71,Rainy,East,Yes,83.4,DHL,Traffic,1,1,1
826,2348.0,2.9,7.0,2024-05-05,2024-05-12,2024-05-12,Road,1142,75,1556.1,116707.5,Rainy,South,No,90.1,Delhivery,Customs,1,1,1
827,7884.0,4.2,9.0,2024-09-12,2024-09-21,2024-09-25,Road,1241,81,1475.49,119514.69,Clear,South,No,73.9,Delhivery,Customs,0,0,1
828,4845.0,3.1,9.0,2024-10-30,2024-11-08,2024-11-11,Road,491,55,2741.13,150762.15,Storm,South,No,70.8,DHL,Operational,0,0,1
829,5687.0,4.8,9.0,2024-01-13,2024-01-22,2024-01-24,Road,1174,84,3443.65,289266.6,Storm,West,Yes,77.6,FedEx,,0,1,0
830,4549.0,5.0,6.0,2024-10-23,2024-10-29,2024-10-28,Air,1207,79,1894.21,149642.59,Cloudy,South,No,86.8,EcomExpress,Weather,1,0,1
831,2338.0,2.9,2.0,2024-03-14,2024-03-16,2024-03-17,Air,576,88,2327.9,204855.2,Cloudy,East,Yes,83.5,Delhivery,,0,0,1
832,8947.0,4.3,10.0,2024-10-12,2024-10-22,2024-10-25,Air,382,65,3512.4,228306.0,Clear,East,No,93.0,EcomExpress,,0,1,0
833,1940.0,4.0,4.0,2024-07-29,2024-08-02,2024-08-02,Sea,1469,20,2026.9,40538.0,Clear,South,Yes,95.3,EcomExpress,Customs,1,0,1
834,3021.0,2.7,5.0,2024-06-03,2024-06-08,2024-06-08,Sea,532,61,4909.09,299454.49,Rainy,East,No,84.3,EcomExpress,Weather,1,0,1
835,3096.0,2.9,7.0,2024-10-20,2024-10-27,2024-10-31,Air,549,60,1185.63,71137.8,Storm,East,Yes,91.7,FedEx,,0,1,0
836,6051.0,2.9,3.0,2024-09-07,2024-09-10,2024-09-09,Road,1344,64,4771.35,305366.4,Clear,North,No,91.5,Delhivery,Customs,1,1,1
837,5220.0,3.8,4.0,2024-06-20,2024-06-24,2024-06-28,Road,1148,39,1591.87,62082.93,Rainy,North,Yes,87.1,EcomExpress,Customs,0,0,1
838,3049.0,2.9,3.0,2024-04-15,2024-04-18,2024-04-23,Road,426,99,4299.28,425628.72,Clear,South,No,82.5,FedEx,Operational,0,0,1
839,6652.0,4.2,4.0,2024-05-02,2024-05-06,2024-05-11,Air,409,92,4985.3,458647.6,Storm,East,Yes,76.3,BlueDart,Customs,0,0,1
840,4276.0,4.1,2.0,2024-09-06,2024-09-08,2024-09-11,Sea,1492,90,3377.54,303978.6,Rainy,North,No,82.1,DHL,,0,0,1
841,4175.0,3.6,8.0,2024-08-02,2024-08-10,2024-08-15,Air,1430,49,3319.84,162672.16,Rainy,Central,No,83.0,Delhivery,Weather,0,0,1
842,6867.0,4.2,6.0,2024-05-22,2024-05-28,2024-06-01,Sea,598,3,378.23,1134.69,Cloudy,North,No,87.8,DHL,Weather,0,0,1
843,3624.0,4.4,8.0,2024-09-26,2024-10-04,2024-10-07,Sea,1452,48,2178.01,104544.48,Rainy,South,Yes,82.1,FedEx,Weather,0,0,1
844,9505.0,3.9,3.0,2024-04-25,2024-04-28,2024-04-27,Road,1278,1,4025.36,4025.36,Rainy,Central,No,91.4,FedEx,,1,0,1
845,2519.0,4.5,2.0,2024-05-09,2024-05-11,2024-05-13,Road,146,14,4675.31,65454.34,Cloudy,Central,No,76.5,DHL,Operational,0,0,1
846,7037.0,4.5,10.0,2024-07-23,2024-08-02,2024-08-07,Road,1222,73,1195.36,87261.28,Rainy,West,No,91.3,DHL,Traffic,0,0,1
847,3841.0,4.4,5.0,2024-05-05,2024-05-10,2024-05-11,Sea,603,65,2644.73,171907.45,Clear,Central,Yes,84.0,Delhivery,,0,1,0
848,7046.0,2.6,3.0,2024-02-05,2024-02-08,2024-02-08,Air,984,57,782.5,44602.5,Cloudy,West,No,94.9,Delhivery,Operational,1,0,1
849,8006.0,3.9,3.0,2024-09-24,2024-09-27,2024-09-28,Air,1392,75,3939.43,295457.25,Storm,East,Yes,88.5,Delhivery,Operational,0,0,1
850,5585.0,2.6,5.0,2024-01-14,2024-01-19,2024-01-23,Sea,1010,79,3997.59,315809.61,Clear,South,Yes,72.4,Delhivery,,0,1,0
851,2794.0,5.0,8.0,2024-02-01,2024-02-09,2024-02-09,Road,1188,5,2245.23,11226.15,Storm,South,No,79.7,BlueDart,Operational,1,0,1
852,7279.0,3.9,5.0,2024-03-28,2024-04-02,2024-04-04,Road,861,77,3633.33,279766.41,Storm,South,No,93.0,DHL,Customs,0,0,1
853,1655.0,4.2,3.0,2024-04-12,2024-04-15,2024-04-17,Road,185,38,2246.45,85365.1,Storm,Central,No,72.5,FedEx,Customs,0,0,1
854,6079.0,4.1,3.0,2024-08-05,2024-08-08,2024-08-08,Sea,1032,81,2956.63,239487.03,Storm,Central,Yes,87.7,Delhivery,Customs,1,0,1
855,5551.0,4.1,4.0,2024-11-22,2024-11-26,2024-11-25,Sea,595,95,3346.05,317874.75,Clear,North,Yes,99.5,EcomExpress,Traffic,1,0,1
856,5626.0,2.8,10.0,2024-05-31,2024-06-10,2024-06-09,Road,1287,22,839.37,18466.14,Rainy,Central,Yes,75.6,DHL,Customs,1,0,1
857,7978.0,4.0,10.0,2024-05-24,2024-06-03,2024-06-05,Air,1380,73,4640.24,338737.52,Clear,South,No,82.5,DHL,Operational,0,0,1
858,3724.0,3.4,10.0,2024-06-10,2024-06-20,2024-06-19,Air,1479,8,1968.25,15746.0,Storm,West,No,86.2,BlueDart,Weather,1,0,1
859,8446.0,2.6,7.0,2024-07-21,2024-07-28,2024-07-28,Road,77,8,1534.32,12274.56,Cloudy,East,No,96.7,FedEx,Customs,1,1,1
860,8103.0,3.4,4.0,2024-01-20,2024-01-24,2024-01-27,Air,545,98,1612.91,158065.18,Cloudy,South,Yes,76.6,Delhivery,,0,1,0
861,7143.0,4.1,10.0,2024-11-02,2024-11-12,2024-11-12,Air,1330,90,1820.1,163809.0,Storm,South,No,83.5,FedEx,,1,1,1
862,3800.0,2.6,6.0,2024-01-25,2024-01-31,2024-01-30,Air,1058,45,2675.11,120379.95,Clear,West,No,86.3,BlueDart,,1,0,1
863,9936.0,5.0,4.0,2024-02-12,2024-02-16,2024-02-19,Air,1172,37,669.08,24755.96,Cloudy,East,Yes,70.1,DHL,Customs,0,0,1
864,4304.0,4.9,9.0,2024-11-07,2024-11-16,2024-11-21,Road,90,74,392.1,29015.4,Rainy,Central,No,74.5,BlueDart,Traffic,0,0,1
865,8016.0,2.8,4.0,2024-06-05,2024-06-09,2024-06-12,Air,946,7,4878.8,34151.6,Storm,Central,Yes,89.7,FedEx,Operational,0,0,1
866,6566.0,4.9,6.0,2024-05-07,2024-05-13,2024-05-13,Road,1143,16,3490.05,55840.8,Storm,North,Yes,73.2,FedEx,,1,0,1
867,3886.0,4.7,2.0,2024-02-19,2024-02-21,2024-02-23,Road,443,93,4106.18,381874.74,Storm,West,No,74.4,BlueDart,Customs,0,0,1
868,5596.0,3.5,2.0,2024-02-11,2024-02-13,2024-02-12,Air,209,45,4832.32,217454.4,Storm,North,No,77.2,BlueDart,Customs,1,1,1
869,6317.0,3.0,7.0,2024-04-26,2024-05-03,2024-05-03,Air,271,57,2810.66,160207.62,Storm,East,No,81.5,BlueDart,Traffic,1,0,1
870,6334.0,4.4,3.0,2024-01-16,2024-01-19,2024-01-18,Road,351,12,329.52,3954.24,Rainy,East,Yes,70.9,EcomExpress,Weather,1,0,1
871,8257.0,4.1,6.0,2024-10-17,2024-10-23,2024-10-23,Sea,432,66,2122.24,140067.84,Rainy,North,No,90.7,BlueDart,Weather,1,0,1
872,6220.0,3.0,6.0,2024-08-28,2024-09-03,2024-09-05,Air,265,31,4158.5,128913.5,Storm,South,No,81.1,BlueDart,Weather,0,0,1
873,6527.0,3.4,10.0,2024-11-18,2024-11-28,2024-12-03,Air,1223,95,1703.59,161841.05,Cloudy,South,No,93.1,DHL,Traffic,0,0,1
874,8843.0,4.4,3.0,2024-04-26,2024-04-29,2024-04-29,Air,1440,9,3804.3,34238.7,Cloudy,West,No,90.6,EcomExpress,,1,0,1
875,3784.0,3.1,3.0,2024-08-01,2024-08-04,2024-08-04,Sea,1094,100,1379.52,137952.0,Cloudy,North,Yes,76.2,EcomExpress,Operational,1,0,1
876,4710.0,4.1,2.0,2024-08-15,2024-08-17,2024-08-21,Air,184,55,818.92,45040.6,Rainy,Central,Yes,86.3,BlueDart,,0,0,1
877,8103.0,3.4,6.0,2024-10-24,2024-10-30,2024-11-01,Road,708,97,3038.14,294699.58,Rainy,South,Yes,99.7,BlueDart,,0,0,1
878,7536.0,3.1,9.0,2024-02-22,2024-03-02,2024-03-02,Air,1479,87,4899.25,426234.75,Rainy,Central,No,74.0,EcomExpress,Traffic,1,0,1
879,3427.0,3.6,8.0,2024-06-02,2024-06-10,2024-06-13,Sea,664,59,3698.82,218230.38,Clear,West,No,83.0,DHL,,0,1,0
880,6421.0,2.8,4.0,2024-09-27,2024-10-01,2024-10-01,Air,778,65,361.74,23513.1,Storm,East,Yes,76.1,BlueDart,Traffic,1,0,1
881,1121.0,2.9,8.0,2024-05-11,2024-05-19,2024-05-24,Road,1317,10,4416.06,44160.6,Storm,Central,No,72.6,FedEx,Traffic,0,1,0
882,3409.0,4.4,10.0,2024-10-18,2024-10-28,2024-11-02,Air,928,24,2852.36,68456.64,Clear,West,No,76.6,BlueDart,Customs,0,0,1
883,1098.0,3.1,3.0,2024-09-10,2024-09-13,2024-09-13,Sea,914,78,3491.0,272298.0,Clear,North,No,98.3,Delhivery,Operational,1,0,1
884,9422.0,3.2,5.0,2024-06-17,2024-06-22,2024-06-24,Sea,1091,9,2715.06,24435.54,Cloudy,North,No,97.4,FedEx,Customs,0,0,1
885,1113.0,4.2,6.0,2024-01-06,2024-01-12,2024-01-11,Sea,915,37,4901.53,181356.61,Clear,East,Yes,95.8,DHL,Traffic,1,1,1
886,4253.0,4.1,8.0,2024-05-20,2024-05-28,2024-05-30,Road,276,72,1802.92,129810.24,Rainy,Central,No,90.1,BlueDart,Customs,0,0,1
887,8580.0,4.1,6.0,2024-01-21,2024-01-27,2024-01-26,Sea,1185,84,876.87,73657.08,Storm,East,Yes,95.1,BlueDart,Operational,1,1,1
888,4623.0,4.4,8.0,2024-09-19,2024-09-27,2024-09-27,Road,287,30,3313.64,99409.2,Cloudy,South,No,79.8,DHL,Operational,1,0,1
889,3932.0,4.7,10.0,2024-10-28,2024-11-07,2024-11-09,Air,999,44,4078.84,179468.96,Rainy,East,Yes,87.9,Delhivery,Weather,0,0,1
890,9448.0,5.0,10.0,2024-05-27,2024-06-06,2024-06-09,Road,1259,71,4348.44,308739.24,Cloudy,West,No,85.0,BlueDart,,0,0,1
891,9320.0,3.7,2.0,2024-05-27,2024-05-29,2024-05-30,Sea,1368,76,1183.84,89971.84,Storm,West,No,98.9,Delhivery,Traffic,0,0,1
892,1958.0,4.9,5.0,2024-06-30,2024-07-05,2024-07-06,Road,551,63,299.45,18865.35,Rainy,South,Yes,84.1,EcomExpress,Traffic,0,1,0
893,7149.0,4.2,5.0,2024-03-06,2024-03-11,2024-03-14,Sea,97,23,1951.3,44879.9,Rainy,East,Yes,85.0,BlueDart,Customs,0,0,1
894,8236.0,3.1,9.0,2024-04-22,2024-05-01,2024-05-03,Sea,752,37,4102.47,151791.39,Clear,Central,No,75.4,DHL,Operational,0,0,1
895,7148.0,3.4,5.0,2024-01-28,2024-02-02,2024-02-01,Air,1272,77,157.97,12163.69,Clear,South,No,91.5,DHL,Weather,1,1,1
896,8472.0,4.2,9.0,2024-06-08,2024-06-17,2024-06-19,Road,1318,77,3679.07,283288.39,Cloudy,East,No,98.5,FedEx,Operational,0,1,0
897,1031.0,3.4,8.0,2024-08-02,2024-08-10,2024-08-12,Sea,1459,62,2193.48,135995.76,Rainy,West,Yes,97.4,DHL,Operational,0,0,1
898,7907.0,2.9,2.0,2024-04-21,2024-04-23,2024-04-27,Road,370,22,1283.08,28227.76,Cloudy,West,No,99.9,DHL,,0,1,0
899,2911.0,4.0,2.0,2024-08-16,2024-08-18,2024-08-21,Road,743,25,2088.36,52209.0,Cloudy,Central,No,95.6,BlueDart,Customs,0,0,1
900,2927.0,4.7,7.0,2024-08-21,2024-08-28,2024-09-01,Sea,1225,29,1342.13,38921.77,Rainy,South,No,82.8,Delhivery,Traffic,0,0,1
901,6034.0,4.4,9.0,2024-04-20,2024-04-29,2024-04-30,Sea,1156,42,2401.34,100856.28,Storm,West,No,80.3,EcomExpress,Weather,0,1,0
902,3221.0,2.9,9.0,2024-01-13,2024-01-22,2024-01-23,Air,1370,47,4781.87,224747.89,Storm,North,Yes,74.5,Delhivery,Customs,0,1,0
903,8189.0,3.6,5.0,2024-07-06,2024-07-11,2024-07-14,Road,729,79,4503.15,355748.85,Clear,Central,Yes,95.8,Delhivery,Operational,0,1,0
904,4206.0,4.4,8.0,2024-02-04,2024-02-12,2024-02-15,Sea,459,44,2986.13,131389.72,Rainy,East,No,89.4,FedEx,Operational,0,1,0
905,3530.0,3.2,3.0,2024-06-26,2024-06-29,2024-07-03,Air,950,58,4881.78,283143.24,Storm,West,Yes,89.4,BlueDart,Traffic,0,0,1
906,9286.0,3.1,10.0,2024-11-01,2024-11-11,2024-11-15,Road,728,73,2585.84,188766.32,Cloudy,South,Yes,92.1,BlueDart,Traffic,0,0,1
907,1347.0,2.7,3.0,2024-10-03,2024-10-06,2024-10-10,Sea,741,76,2833.22,215324.72,Clear,Central,Yes,84.2,Delhivery,Weather,0,0,1
908,6238.0,4.8,7.0,2024-08-15,2024-08-22,2024-08-22,Air,983,19,4633.8,88042.2,Storm,East,Yes,96.4,FedEx,Traffic,1,0,1
909,3961.0,4.3,2.0,2024-09-01,2024-09-03,2024-09-02,Road,791,78,1254.32,97836.96,Storm,South,No,98.9,EcomExpress,Customs,1,1,1
910,6473.0,3.9,9.0,2024-04-28,2024-05-07,2024-05-09,Road,1296,3,847.06,2541.18,Storm,North,Yes,77.6,BlueDart,Operational,0,1,0
911,4415.0,5.0,8.0,2024-03-04,2024-03-12,2024-03-17,Road,939,49,4220.68,206813.32,Clear,East,No,83.9,EcomExpress,Weather,0,0,1
912,3513.0,4.7,2.0,2024-05-23,2024-05-25,2024-05-26,Air,743,40,3179.6,127184.0,Rainy,Central,No,86.5,Delhivery,Weather,0,0,1
913,9499.0,4.7,5.0,2024-06-30,2024-07-05,2024-07-06,Road,1221,53,1881.61,99725.33,Rainy,East,Yes,91.2,FedEx,Weather,0,1,0
914,9654.0,4.8,8.0,2024-06-11,2024-06-19,2024-06-23,Air,987,65,2789.27,181302.55,Cloudy,West,Yes,81.8,Delhivery,Traffic,0,0,1
915,9903.0,4.0,3.0,2024-08-21,2024-08-24,2024-08-26,Air,788,25,2511.18,62779.5,Cloudy,South,No,98.0,Delhivery,Weather,0,0,1
916,4145.0,2.7,7.0,2024-03-28,2024-04-04,2024-04-07,Air,1416,82,758.83,62224.06,Rainy,West,Yes,89.5,Delhivery,Weather,0,0,1
917,3155.0,2.7,6.0,2024-10-07,2024-10-13,2024-10-17,Sea,930,71,2639.4,187397.4,Rainy,South,Yes,73.8,EcomExpress,,0,0,1
918,8855.0,3.1,3.0,2024-04-06,2024-04-09,2024-04-11,Road,599,44,154.09,6779.96,Rainy,South,Yes,85.5,DHL,Traffic,0,1,0
919,1431.0,2.8,8.0,2024-07-17,2024-07-25,2024-07-26,Sea,580,37,634.22,23466.14,Storm,West,No,75.5,DHL,,0,0,1
920,1000.0,4.5,4.0,2024-07-05,2024-07-09,2024-07-11,Road,699,59,2689.75,158695.25,Clear,South,Yes,99.2,FedEx,Customs,0,0,1
921,6950.0,3.5,9.0,2024-01-25,2024-02-03,2024-02-03,Air,50,2,3466.74,6933.48,Cloudy,Central,Yes,80.4,Delhivery,Customs,1,0,1
922,2233.0,4.6,8.0,2024-04-08,2024-04-16,2024-04-16,Sea,807,99,1456.7,144213.3,Storm,North,No,83.8,Delhivery,Customs,1,0,1
923,5096.0,3.6,4.0,2024-10-24,2024-10-28,2024-11-02,Air,1057,93,1784.67,165974.31,Clear,West,Yes,87.7,EcomExpress,Operational,0,0,1
924,1725.0,4.3,8.0,2024-10-23,2024-10-31,2024-11-02,Sea,1385,94,354.84,33354.96,Rainy,West,Yes,85.3,FedEx,,0,0,1
925,1937.0,3.7,7.0,2024-04-13,2024-04-20,2024-04-19,Sea,525,97,4066.69,394468.93,Storm,East,No,96.1,BlueDart,,1,1,1
926,8578.0,2.8,4.0,2024-08-17,2024-08-21,2024-08-26,Sea,651,55,3702.74,203650.7,Rainy,East,Yes,89.1,FedEx,Operational,0,1,0
927,8688.0,2.7,9.0,2024-11-08,2024-11-17,2024-11-18,Sea,856,22,3132.48,68914.56,Rainy,East,No,87.5,FedEx,,0,0,1
928,1185.0,4.0,10.0,2024-02-10,2024-02-20,2024-02-25,Sea,114,72,2334.35,168073.2,Cloudy,Central,No,97.8,Delhivery,,0,1,0
929,2064.0,2.7,8.0,2024-11-24,2024-12-02,2024-12-07,Sea,776,55,4967.7,273223.5,Rainy,West,No,90.0,Delhivery,Weather,0,1,0
930,4190.0,3.1,5.0,2024-10-20,2024-10-25,2024-10-30,Air,986,99,2907.51,287843.49,Storm,West,No,100.0,BlueDart,Traffic,0,1,0
931,9681.0,4.0,10.0,2024-10-16,2024-10-26,2024-10-30,Air,1263,17,588.54,10005.18,Rainy,West,No,98.7,Delhivery,,0,0,1
932,4960.0,2.8,2.0,2024-03-01,2024-03-03,2024-03-03,Air,499,5,4969.63,24848.15,Rainy,West,No,77.4,DHL,Operational,1,0,1
933,8134.0,3.8,6.0,2024-07-15,2024-07-21,2024-07-21,Air,897,15,1682.75,25241.25,Rainy,West,Yes,73.7,Delhivery,Operational,1,0,1
934,9956.0,2.7,7.0,2024-02-12,2024-02-19,2024-02-18,Road,523,86,1596.27,137279.22,Storm,West,Yes,73.7,DHL,Weather,1,0,1
935,4373.0,3.8,2.0,2024-03-09,2024-03-11,2024-03-13,Road,1329,88,2902.99,255463.12,Rainy,South,No,71.0,DHL,Customs,0,1,0
936,7939.0,3.4,3.0,2024-09-06,2024-09-09,2024-09-14,Sea,1465,45,3716.91,167260.95,Clear,South,Yes,94.7,EcomExpress,Traffic,0,0,1
937,4216.0,4.4,4.0,2024-10-25,2024-10-29,2024-11-01,Sea,475,16,1348.91,21582.56,Storm,West,No,87.2,EcomExpress,,0,0,1
938,3693.0,3.7,9.0,2024-01-18,2024-01-27,2024-02-01,Road,705,3,4068.37,12205.11,Storm,East,Yes,98.6,Delhivery,Weather,0,0,1
939,4849.0,4.9,5.0,2024-06-04,2024-06-09,2024-06-09,Air,601,64,1189.05,76099.2,Rainy,East,No,85.1,Delhivery,Weather,1,0,1
940,8933.0,2.6,6.0,2024-04-06,2024-04-12,2024-04-12,Sea,301,35,3239.42,113379.7,Clear,Central,No,91.6,EcomExpress,Weather,1,1,1
941,2390.0,2.8,5.0,2024-04-14,2024-04-19,2024-04-19,Air,80,74,669.37,49533.38,Rainy,Central,No,71.9,BlueDart,Operational,1,1,1
942,3841.0,4.4,2.0,2024-05-01,2024-05-03,2024-05-04,Sea,681,44,4159.53,183019.32,Rainy,North,Yes,73.7,DHL,Traffic,0,0,1
943,2857.0,4.4,3.0,2024-10-05,2024-10-08,2024-10-11,Air,98,83,3704.86,307503.38,Clear,North,Yes,90.7,BlueDart,,0,1,0
944,4227.0,3.1,3.0,2024-03-11,2024-03-14,2024-03-15,Road,1076,19,4466.02,84854.38,Storm,South,No,85.1,FedEx,Weather,0,0,1
945,1312.0,4.0,3.0,2024-08-04,2024-08-07,2024-08-10,Sea,1339,81,4882.86,395511.66,Rainy,South,Yes,89.5,DHL,,0,1,0
946,1775.0,3.0,2.0,2024-04-11,2024-04-13,2024-04-14,Sea,661,46,2900.26,133411.96,Storm,North,Yes,93.0,BlueDart,Weather,0,0,1
947,2904.0,4.2,10.0,2024-06-20,2024-06-30,2024-06-29,Air,904,82,3434.96,281666.72,Rainy,East,No,91.4,BlueDart,Traffic,1,0,1
948,9953.0,4.6,6.0,2024-03-22,2024-03-28,2024-04-01,Road,1193,14,2189.1,30647.4,Clear,Central,Yes,89.8,Delhivery,,0,0,1
949,6513.0,3.7,3.0,2024-07-21,2024-07-24,2024-07-24,Road,452,82,4162.08,341290.56,Rainy,North,Yes,84.3,FedEx,,1,1,1
950,7701.0,3.5,5.0,2024-09-22,2024-09-27,2024-09-30,Air,1369,93,2596.75,241497.75,Cloudy,Central,No,95.1,DHL,Traffic,0,1,0
951,1568.0,4.5,10.0,2024-06-07,2024-06-17,2024-06-20,Air,1241,99,4647.3,460082.7,Cloudy,North,Yes,90.4,EcomExpress,Weather,0,0,1
952,1184.0,4.5,9.0,2024-04-13,2024-04-22,2024-04-24,Sea,1440,96,1907.69,183138.24,Storm,East,Yes,77.6,BlueDart,Operational,0,1,0
953,9017.0,2.7,6.0,2024-09-08,2024-09-14,2024-09-18,Road,676,93,1981.96,184322.28,Rainy,West,No,99.8,BlueDart,Weather,0,1,0
954,9104.0,2.6,9.0,2024-02-28,2024-03-08,2024-03-07,Air,263,62,1882.34,116705.08,Storm,South,No,92.1,EcomExpress,,1,0,1
955,1589.0,3.2,5.0,2024-06-05,2024-06-10,2024-06-10,Sea,778,40,497.13,19885.2,Clear,East,No,93.9,FedEx,Weather,1,0,1
956,6403.0,4.4,2.0,2024-04-19,2024-04-21,2024-04-20,Road,952,19,3729.84,70866.96,Storm,South,No,91.6,DHL,,1,0,1
957,5750.0,4.2,5.0,2024-11-12,2024-11-17,2024-11-21,Sea,1307,91,1187.39,108052.49,Clear,Central,No,76.1,BlueDart,Weather,0,0,1
958,6737.0,2.9,9.0,2024-01-23,2024-02-01,2024-02-06,Road,1241,26,1224.15,31827.9,Rainy,Central,No,92.8,Delhivery,,0,0,1
959,8717.0,2.9,4.0,2024-07-11,2024-07-15,2024-07-20,Air,356,39,2973.43,115963.77,Clear,South,Yes,98.5,BlueDart,,0,0,1
960,9501.0,2.7,5.0,2024-07-27,2024-08-01,2024-08-03,Sea,981,100,4566.13,456613.0,Storm,West,Yes,90.3,EcomExpress,Customs,0,1,0
961,9234.0,3.7,10.0,2024-06-10,2024-06-20,2024-06-25,Sea,1466,91,469.13,42690.83,Rainy,North,No,86.3,DHL,Customs,0,0,1
962,5363.0,2.8,4.0,2024-06-12,2024-06-16,2024-06-19,Air,1233,93,3029.51,281744.43,Storm,East,No,80.8,BlueDart,Weather,0,0,1
963,7057.0,2.6,9.0,2024-11-23,2024-12-02,2024-12-04,Road,617,24,4151.06,99625.44,Rainy,East,Yes,89.4,BlueDart,Weather,0,1,0
964,5411.0,2.8,5.0,2024-10-10,2024-10-15,2024-10-15,Road,1481,57,583.21,33242.97,Cloudy,South,Yes,78.7,EcomExpress,Traffic,1,0,1
965,9273.0,4.8,7.0,2024-01-13,2024-01-20,2024-01-22,Road,924,49,2322.64,113809.36,Rainy,North,Yes,70.3,FedEx,,0,1,0
966,6259.0,4.0,10.0,2024-07-10,2024-07-20,2024-07-24,Road,1142,32,4944.01,158208.32,Storm,North,No,74.2,DHL,Customs,0,0,1
967,1864.0,3.9,3.0,2024-10-30,2024-11-02,2024-11-04,Road,24,78,1653.41,128965.98,Storm,East,No,90.8,FedEx,Customs,0,0,1
968,8490.0,3.1,6.0,2024-08-18,2024-08-24,2024-08-29,Sea,550,22,4396.5,96723.0,Cloudy,South,Yes,93.8,FedEx,Operational,0,1,0
969,1978.0,3.9,3.0,2024-02-13,2024-02-16,2024-02-17,Sea,781,11,1678.27,18460.97,Storm,West,No,83.4,Delhivery,Weather,0,0,1
970,2341.0,3.3,3.0,2024-08-02,2024-08-05,2024-08-10,Road,795,28,4189.32,117300.96,Rainy,East,Yes,80.8,DHL,Traffic,0,0,1
971,7693.0,3.8,3.0,2024-10-22,2024-10-25,2024-10-25,Air,887,21,4783.02,100443.42,Cloudy,West,Yes,96.4,Delhivery,,1,0,1
972,5902.0,2.9,6.0,2024-05-11,2024-05-17,2024-05-21,Sea,1173,76,1721.06,130800.56,Storm,East,No,95.3,Delhivery,Traffic,0,1,0
973,7340.0,2.5,6.0,2024-09-12,2024-09-18,2024-09-17,Sea,41,6,3385.58,20313.48,Storm,West,Yes,78.3,FedEx,,1,0,1
974,9616.0,2.7,7.0,2024-09-19,2024-09-26,2024-09-27,Road,1291,62,3077.16,190783.92,Clear,North,Yes,99.5,FedEx,Customs,0,0,1
975,1783.0,4.5,2.0,2024-04-19,2024-04-21,2024-04-21,Road,1283,71,3582.72,254373.12,Cloudy,South,Yes,75.5,Delhivery,Traffic,1,0,1
976,4235.0,2.9,10.0,2024-06-05,2024-06-15,2024-06-20,Air,1096,81,678.52,54960.12,Rainy,West,No,77.3,EcomExpress,Traffic,0,0,1
977,5907.0,2.8,8.0,2024-06-29,2024-07-07,2024-07-12,Sea,1118,23,3297.46,75841.58,Storm,West,Yes,72.3,DHL,Operational,0,1,0
978,7718.0,3.8,6.0,2024-04-14,2024-04-20,2024-04-21,Air,1032,10,2673.48,26734.8,Rainy,North,Yes,74.2,EcomExpress,Weather,0,1,0
979,3034.0,3.9,2.0,2024-07-26,2024-07-28,2024-07-27,Sea,1457,68,3250.03,221002.04,Clear,South,No,79.3,EcomExpress,Weather,1,0,1
980,9805.0,3.8,9.0,2024-09-26,2024-10-05,2024-10-10,Road,705,74,325.68,24100.32,Clear,Central,Yes,82.9,BlueDart,Traffic,0,0,1
981,8053.0,2.5,5.0,2024-02-15,2024-02-20,2024-02-22,Sea,1173,87,4117.71,358240.77,Clear,West,No,76.6,FedEx,Weather,0,0,1
982,9283.0,4.2,4.0,2024-04-08,2024-04-12,2024-04-13,Air,300,30,3471.18,104135.4,Clear,West,Yes,91.4,BlueDart,Operational,0,0,1
983,9983.0,3.2,6.0,2024-01-25,2024-01-31,2024-02-04,Road,852,36,2330.26,83889.36,Clear,South,No,86.9,FedEx,Weather,0,0,1
984,9575.0,4.4,4.0,2024-03-20,2024-03-24,2024-03-24,Sea,846,52,484.93,25216.36,Rainy,South,Yes,76.1,EcomExpress,Traffic,1,0,1
985,2134.0,3.2,7.0,2024-02-26,2024-03-04,2024-03-04,Air,1414,77,2667.5,205397.5,Cloudy,South,Yes,76.0,DHL,Operational,1,0,1
986,4887.0,4.6,2.0,2024-08-03,2024-08-05,2024-08-10,Sea,195,11,1913.05,21043.55,Clear,East,No,72.0,FedEx,Weather,0,1,0
987,8371.0,3.2,3.0,2024-04-08,2024-04-11,2024-04-14,Air,427,67,3098.87,207624.29,Cloudy,East,No,83.2,BlueDart,Operational,0,0,1
988,4132.0,5.0,10.0,2024-06-14,2024-06-24,2024-06-23,Road,455,46,260.89,12000.94,Clear,East,No,98.6,BlueDart,Customs,1,0,1
989,4237.0,4.8,10.0,2024-06-11,2024-06-21,2024-06-23,Road,549,19,4164.81,79131.39,Rainy,Central,Yes,78.7,FedEx,Operational,0,0,1
990,4081.0,2.8,10.0,2024-10-07,2024-10-17,2024-10-20,Air,1118,52,4494.58,233718.16,Cloudy,West,Yes,85.9,FedEx,Traffic,0,0,1
991,6300.0,3.3,2.0,2024-06-18,2024-06-20,2024-06-22,Air,475,37,2499.19,92470.03,Rainy,West,Yes,89.7,FedEx,Customs,0,0,1
992,8470.0,4.7,4.0,2024-04-24,2024-04-28,2024-05-03,Sea,1029,20,1751.74,35034.8,Storm,South,No,84.6,Delhivery,Weather,0,0,1
993,3995.0,2.6,10.0,2024-03-17,2024-03-27,2024-03-29,Road,1492,45,2714.6,122157.0,Clear,North,No,86.5,DHL,Operational,0,1,0
994,1771.0,3.0,3.0,2024-04-27,2024-04-30,2024-05-05,Road,829,23,1445.82,33253.86,Rainy,Central,Yes,99.2,Delhivery,Customs,0,1,0
995,5333.0,3.9,6.0,2024-04-05,2024-04-11,2024-04-13,Air,91,5,184.7,923.5,Cloudy,North,No,97.3,EcomExpress,,0,0,1
996,9804.0,2.6,10.0,2024-03-30,2024-04-09,2024-04-11,Air,555,8,2474.0,19792.0,Clear,West,No,85.5,Delhivery,Weather,0,1,0
997,8939.0,4.5,6.0,2024-09-07,2024-09-13,2024-09-17,Road,1118,63,2173.4,136924.2,Rainy,West,Yes,84.5,FedEx,Weather,0,1,0
998,7577.0,4.0,4.0,2024-06-12,2024-06-16,2024-06-15,Road,1136,77,523.83,40334.91,Rainy,Central,Yes,70.9,BlueDart,Customs,1,0,1
999,8798.0,4.8,4.0,2024-07-11,2024-07-15,2024-07-15,Road,548,52,3999.63,207980.76,Clear,East,Yes,84.1,FedEx,Traffic,1,0,1
1000,9273.0,3.5,6.0,2024-03-29,2024-04-04,2024-04-06,Sea,953,49,3210.71,157324.79,Rainy,North,No,95.2,BlueDart,,0,0,1
1001,6895.0,3.9,8.0,2024-06-27,2024-07-05,2024-07-07,Sea,1325,63,3320.07,209164.41,Clear,Central,Yes,92.8,FedEx,Weather,0,0,1
1002,7122.0,4.5,3.0,2024-09-08,2024-09-11,2024-09-13,Road,1393,23,3466.45,79728.35,Clear,South,Yes,71.3,EcomExpress,Weather,0,1,0
1003,6135.0,3.2,3.0,2024-06-08,2024-06-11,2024-06-16,Road,975,69,1037.06,71557.14,Rainy,Central,Yes,80.1,BlueDart,Traffic,0,1,0
1004,6231.0,4.9,3.0,2024-03-11,2024-03-14,2024-03-18,Road,670,28,2775.81,77722.68,Storm,South,Yes,77.1,Delhivery,Weather,0,0,1
1005,7477.0,3.5,10.0,2024-02-23,2024-03-04,2024-03-04,Sea,1194,16,3465.84,55453.44,Storm,North,Yes,93.7,FedEx,Operational,1,0,1
1006,9736.0,4.0,10.0,2024-07-07,2024-07-17,2024-07-18,Road,1231,79,3417.05,269946.95,Rainy,West,Yes,96.4,FedEx,Traffic,0,1,0
1007,2769.0,3.4,2.0,2024-08-30,2024-09-01,2024-09-05,Road,1420,63,3631.49,228783.87,Clear,North,No,74.8,Delhivery,Operational,0,0,1
1008,4001.0,3.4,3.0,2024-03-11,2024-03-14,2024-03-14,Air,1463,4,409.05,1636.2,Clear,South,No,99.3,EcomExpress,Operational,1,0,1
1009,2074.0,4.6,9.0,2024-01-14,2024-01-23,2024-01-24,Road,480,17,619.63,10533.71,Cloudy,East,No,79.7,FedEx,,0,1,0
1010,3049.0,4.3,8.0,2024-03-04,2024-03-12,2024-03-15,Road,415,77,2593.74,199717.98,Cloudy,Central,Yes,74.7,FedEx,Customs,0,0,1
1011,3827.0,3.9,5.0,2024-01-26,2024-01-31,2024-01-30,Air,831,56,1031.82,57781.92,Rainy,West,No,74.1,DHL,,1,0,1
1012,1598.0,3.1,10.0,2024-02-29,2024-03-10,2024-03-14,Air,140,67,2856.72,191400.24,Rainy,South,Yes,71.4,EcomExpress,Customs,0,0,1
1013,7836.0,5.0,5.0,2024-02-28,2024-03-04,2024-03-05,Air,1464,40,752.71,30108.4,Cloudy,West,No,71.0,EcomExpress,,0,0,1
1014,6547.0,3.4,9.0,2024-11-14,2024-11-23,2024-11-26,Road,324,34,4307.8,146465.2,Storm,West,No,84.1,FedEx,Weather,0,0,1
1015,1306.0,4.4,6.0,2024-05-02,2024-05-08,2024-05-09,Air,181,89,1606.79,143004.31,Storm,East,No,89.0,BlueDart,,0,0,1
1016,8403.0,3.5,5.0,2024-11-18,2024-11-23,2024-11-25,Air,1137,79,3598.98,284319.42,Storm,East,Yes,99.8,Delhivery,Customs,0,0,1
1017,6850.0,4.9,8.0,2024-08-03,2024-08-11,2024-08-16,Air,749,10,2914.61,29146.1,Storm,East,Yes,70.3,EcomExpress,Weather,0,1,0
1018,3561.0,3.5,3.0,2024-01-17,2024-01-20,2024-01-23,Air,1225,10,367.17,3671.7,Clear,Central,Yes,71.0,FedEx,Traffic,0,0,1
1019,5364.0,4.3,3.0,2024-11-16,2024-11-19,2024-11-23,Sea,1232,6,2605.68,15634.08,Cloudy,West,No,75.1,EcomExpress,Traffic,0,1,0
1020,8085.0,2.8,2.0,2024-08-26,2024-08-28,2024-08-31,Road,963,13,2038.78,26504.14,Rainy,West,Yes,88.6,BlueDart,,0,0,1
1021,4175.0,3.5,8.0,2024-02-09,2024-02-17,2024-02-22,Sea,467,85,4526.12,384720.2,Cloudy,West,Yes,73.0,EcomExpress,Weather,0,0,1
1022,8179.0,2.9,10.0,2024-02-14,2024-02-24,2024-02-23,Road,1149,13,4327.51,56257.63,Storm,Central,Yes,75.8,Delhivery,Traffic,1,0,1
1023,2467.0,4.6,5.0,2024-11-16,2024-11-21,2024-11-20,Air,1272,65,4501.78,292615.7,Storm,South,No,71.3,FedEx,Customs,1,1,1
1024,1286.0,4.6,4.0,2024-02-22,2024-02-26,2024-02-26,Sea,609,57,2576.22,146844.54,Clear,South,No,94.7,BlueDart,Customs,1,0,1
1025,3976.0,3.6,5.0,2024-05-29,2024-06-03,2024-06-06,Air,139,62,2294.24,142242.88,Clear,East,Yes,88.0,Delhivery,Operational,0,0,1
1026,1962.0,4.7,2.0,2024-03-02,2024-03-04,2024-03-09,Sea,217,4,216.88,867.52,Storm,South,Yes,88.1,Delhivery,Traffic,0,1,0
1027,4558.0,4.1,6.0,2024-04-17,2024-04-23,2024-04-23,Sea,1349,54,3958.53,213760.62,Clear,North,Yes,91.0,BlueDart,Weather,1,0,1
1028,1993.0,2.8,8.0,2024-03-19,2024-03-27,2024-03-30,Sea,1186,19,3063.98,58215.62,Clear,Central,No,98.7,Delhivery,Weather,0,0,1
1029,7787.0,4.5,9.0,2024-06-17,2024-06-26,2024-06-25,Sea,224,27,1463.74,39520.98,Cloudy,East,No,84.3,Delhivery,Weather,1,0,1
1030,7906.0,3.7,9.0,2024-03-25,2024-04-03,2024-04-08,Road,84,55,2077.84,114281.2,Rainy,East,Yes,83.1,EcomExpress,Customs,0,0,1
1031,4678.0,3.2,6.0,2024-11-08,2024-11-14,2024-11-15,Air,1250,60,2721.4,163284.0,Cloudy,Central,Yes,71.5,EcomExpress,Traffic,0,0,1
1032,8779.0,4.9,3.0,2024-03-29,2024-04-01,2024-04-01,Sea,1335,52,119.52,6215.04,Rainy,Central,No,77.0,EcomExpress,Traffic,1,0,1
1033,9330.0,2.6,9.0,2024-04-27,2024-05-06,2024-05-06,Road,246,60,1924.38,115462.8,Storm,North,No,70.5,BlueDart,Customs,1,1,1
1034,7701.0,3.2,6.0,2024-07-25,2024-07-31,2024-08-04,Sea,658,72,3018.9,217360.8,Rainy,Central,No,81.1,DHL,Operational,0,0,1
1035,4195.0,3.0,8.0,2024-02-13,2024-02-21,2024-02-22,Road,584,25,3358.52,83963.0,Rainy,Central,Yes,99.9,EcomExpress,Customs,0,0,1
1036,7205.0,4.4,5.0,2024-04-12,2024-04-17,2024-04-16,Road,550,33,3131.9,103352.7,Storm,North,Yes,82.9,DHL,,1,0,1
1037,2468.0,3.0,2.0,2024-06-10,2024-06-12,2024-06-12,Air,970,33,158.19,5220.27,Clear,South,No,90.4,FedEx,,1,0,1
1038,7668.0,2.5,8.0,2024-10-13,2024-10-21,2024-10-22,Road,596,38,2432.29,92427.02,Clear,East,No,76.6,EcomExpress,Customs,0,1,0
1039,7818.0,4.1,9.0,2024-02-12,2024-02-21,2024-02-20,Air,1017,98,706.57,69243.86,Cloudy,West,No,70.4,FedEx,Weather,1,0,1
1040,2303.0,2.9,9.0,2024-09-30,2024-10-09,2024-10-13,Road,981,86,2775.84,238722.24,Storm,Central,No,91.2,FedEx,,0,0,1
1041,5786.0,3.8,9.0,2024-05-12,2024-05-21,2024-05-26,Road,245,80,4991.03,399282.4,Clear,North,Yes,76.2,Delhivery,Customs,0,1,0
1042,3000.0,3.6,7.0,2024-09-08,2024-09-15,2024-09-17,Road,1208,10,3371.29,33712.9,Rainy,South,No,73.1,BlueDart,,0,1,0
1043,5567.0,3.4,5.0,2024-07-08,2024-07-13,2024-07-12,Air,594,2,2347.49,4694.98,Cloudy,East,Yes,94.1,FedEx,Operational,1,0,1
1044,8215.0,2.9,10.0,2024-06-23,2024-07-03,2024-07-07,Road,812,17,4976.1,84593.7,Clear,East,No,72.7,FedEx,Traffic,0,1,0
1045,5098.0,3.1,9.0,2024-08-31,2024-09-09,2024-09-14,Sea,1257,56,1613.37,90348.72,Storm,West,No,99.4,FedEx,Operational,0,1,0
1046,8421.0,3.3,7.0,2024-06-28,2024-07-05,2024-07-09,Road,1034,22,654.61,14401.42,Cloudy,East,No,93.8,EcomExpress,,0,0,1
1047,4853.0,3.5,3.0,2024-07-27,2024-07-30,2024-07-31,Air,1437,2,3452.44,6904.88,Rainy,East,No,77.0,DHL,Operational,0,1,0
1048,3637.0,4.3,3.0,2024-09-13,2024-09-16,2024-09-19,Sea,1041,10,1667.08,16670.8,Storm,West,Yes,73.0,FedEx,Traffic,0,0,1
1049,4723.0,3.6,9.0,2024-10-09,2024-10-18,2024-10-21,Road,1499,65,153.11,9952.15,Cloudy,North,Yes,78.0,DHL,Weather,0,0,1
1050,9412.0,3.8,5.0,2024-01-30,2024-02-04,2024-02-08,Sea,1054,45,884.39,39797.55,Storm,East,Yes,71.4,FedEx,Operational,0,0,1
1051,1298.0,3.9,9.0,2024-11-12,2024-11-21,2024-11-21,Road,159,39,3680.74,143548.86,Storm,West,No,70.3,FedEx,Traffic,1,0,1
1052,7359.0,2.8,3.0,2024-03-04,2024-03-07,2024-03-06,Road,486,21,299.86,6297.06,Rainy,North,Yes,82.4,DHL,Weather,1,0,1
1053,6702.0,3.1,5.0,2024-08-19,2024-08-24,2024-08-24,Sea,162,63,2036.83,128320.29,Cloudy,Central,Yes,96.7,DHL,Customs,1,0,1
1054,2124.0,3.6,6.0,2024-04-01,2024-04-07,2024-04-12,Sea,1257,31,2195.47,68059.57,Rainy,East,Yes,94.6,EcomExpress,Customs,0,0,1
1055,7467.0,3.8,8.0,2024-05-30,2024-06-07,2024-06-12,Sea,1419,42,3467.26,145624.92,Storm,North,Yes,82.4,Delhivery,,0,0,1
1056,6125.0,3.3,5.0,2024-03-22,2024-03-27,2024-03-28,Air,765,57,1148.02,65437.14,Cloudy,East,No,93.2,BlueDart,,0,0,1
1057,5638.0,3.6,4.0,2024-05-24,2024-05-28,2024-05-27,Air,81,95,4639.39,440742.05,Cloudy,West,Yes,74.9,FedEx,,1,0,1
1058,2459.0,3.4,8.0,2024-03-18,2024-03-26,2024-03-31,Road,1087,55,1330.19,73160.45,Rainy,South,Yes,78.5,EcomExpress,,0,0,1
1059,1362.0,3.2,5.0,2024-06-16,2024-06-21,2024-06-24,Sea,695,58,831.02,48199.16,Cloudy,South,No,92.6,DHL,,0,1,0
1060,8855.0,3.0,5.0,2024-09-09,2024-09-14,2024-09-16,Road,232,61,3907.21,238339.81,Cloudy,North,No,99.3,BlueDart,Operational,0,0,1
1061,5002.0,4.5,7.0,2024-01-11,2024-01-18,2024-01-20,Road,949,64,2190.59,140197.76,Storm,North,No,86.1,EcomExpress,Traffic,0,0,1
1062,8795.0,2.7,3.0,2024-05-08,2024-05-11,2024-05-14,Sea,659,89,771.34,68649.26,Cloudy,West,No,93.2,DHL,Customs,0,0,1
1063,5748.0,2.5,3.0,2024-04-23,2024-04-26,2024-04-27,Sea,343,13,4183.06,54379.78,Cloudy,West,No,97.3,BlueDart,Operational,0,0,1
1064,1949.0,3.6,10.0,2024-09-23,2024-10-03,2024-10-02,Sea,261,11,1086.99,11956.89,Storm,North,Yes,93.5,Delhivery,,1,0,1
1065,9481.0,3.9,5.0,2024-06-28,2024-07-03,2024-07-07,Sea,326,95,2440.84,231879.8,Clear,North,No,71.9,Delhivery,Customs,0,0,1
1066,6156.0,4.2,6.0,2024-04-14,2024-04-20,2024-04-24,Air,368,47,786.39,36960.33,Storm,Central,Yes,76.5,BlueDart,,0,1,0
1067,5563.0,5.0,2.0,2024-03-10,2024-03-12,2024-03-14,Sea,1387,75,4336.26,325219.5,Clear,East,Yes,94.1,FedEx,,0,1,0
1068,4284.0,2.7,6.0,2024-07-09,2024-07-15,2024-07-16,Road,928,43,943.36,40564.48,Rainy,East,No,88.0,EcomExpress,Operational,0,0,1
1069,4704.0,3.1,7.0,2024-03-03,2024-03-10,2024-03-14,Road,102,1,126.91,126.91,Clear,Central,Yes,85.2,EcomExpress,Traffic,0,1,0
1070,9282.0,5.0,3.0,2024-10-07,2024-10-10,2024-10-14,Sea,1029,40,3679.45,147178.0,Storm,East,No,96.8,EcomExpress,Weather,0,0,1
1071,2186.0,4.1,2.0,2024-08-01,2024-08-03,2024-08-03,Air,963,66,3551.65,234408.9,Storm,West,Yes,99.3,DHL,Operational,1,0,1
1072,2454.0,4.2,10.0,2024-11-12,2024-11-22,2024-11-21,Air,92,50,3768.05,188402.5,Storm,East,Yes,93.7,DHL,Traffic,1,0,1
1073,7247.0,3.8,10.0,2024-08-06,2024-08-16,2024-08-20,Road,229,8,4122.44,32979.52,Clear,West,Yes,92.6,Delhivery,Traffic,0,0,1
1074,8781.0,4.5,10.0,2024-07-08,2024-07-18,2024-07-22,Road,879,60,740.23,44413.8,Clear,West,No,72.6,EcomExpress,,0,0,1
1075,7286.0,4.0,3.0,2024-05-27,2024-05-30,2024-05-30,Air,436,83,1798.16,149247.28,Storm,South,Yes,95.8,Delhivery,Operational,1,0,1
1076,4814.0,3.4,4.0,2024-01-14,2024-01-18,2024-01-22,Road,912,70,1052.99,73709.3,Cloudy,East,Yes,86.0,Delhivery,,0,1,0
1077,1581.0,2.6,2.0,2024-08-06,2024-08-08,2024-08-12,Air,970,62,2503.69,155228.78,Rainy,South,Yes,89.5,BlueDart,Operational,0,0,1
1078,2002.0,4.0,4.0,2024-04-26,2024-04-30,2024-05-02,Sea,1334,42,3461.83,145396.86,Cloudy,North,No,87.7,Delhivery,Traffic,0,0,1
1079,2548.0,5.0,8.0,2024-04-24,2024-05-02,2024-05-07,Sea,1024,99,2746.76,271929.24,Rainy,West,No,70.3,DHL,Operational,0,0,1
1080,9230.0,4.7,8.0,2024-07-06,2024-07-14,2024-07-14,Sea,1147,48,4660.98,223727.04,Cloudy,East,No,97.0,EcomExpress,Customs,1,1,1
1081,9771.0,2.6,9.0,2024-11-01,2024-11-10,2024-11-12,Sea,56,24,4303.02,103272.48,Rainy,West,No,75.6,FedEx,,0,0,1
1082,2812.0,2.8,2.0,2024-11-14,2024-11-16,2024-11-16,Air,1342,35,3175.96,111158.6,Rainy,West,No,87.6,FedEx,Customs,1,0,1
1083,4945.0,4.0,7.0,2024-10-23,2024-10-30,2024-10-31,Road,1206,47,720.46,33861.62,Clear,North,Yes,94.6,Delhivery,Weather,0,0,1
1084,8045.0,3.3,8.0,2024-07-30,2024-08-07,2024-08-12,Sea,1306,64,3463.19,221644.16,Storm,East,Yes,71.2,Delhivery,Operational,0,0,1
1085,1049.0,5.0,4.0,2024-03-25,2024-03-29,2024-03-31,Sea,157,72,3683.49,265211.28,Clear,South,Yes,99.1,BlueDart,Customs,0,0,1
1086,3069.0,4.6,10.0,2024-03-10,2024-03-20,2024-03-21,Air,1465,89,3964.01,352796.89,Cloudy,Central,Yes,73.3,Delhivery,,0,1,0
1087,1017.0,3.4,9.0,2024-11-11,2024-11-20,2024-11-24,Sea,864,59,3296.8,194511.2,Clear,Central,Yes,77.9,FedEx,Operational,0,0,1
1088,4298.0,3.2,3.0,2024-05-17,2024-05-20,2024-05-22,Air,948,24,2684.69,64432.56,Rainy,West,Yes,92.0,Delhivery,Operational,0,0,1
1089,3641.0,4.5,9.0,2024-03-21,2024-03-30,2024-03-30,Road,922,64,4628.66,296234.24,Cloudy,Central,Yes,88.8,DHL,Traffic,1,0,1
1090,3572.0,3.4,10.0,2024-03-12,2024-03-22,2024-03-24,Air,356,77,560.65,43170.05,Rainy,North,Yes,73.1,FedEx,Operational,0,0,1
1091,9941.0,3.9,10.0,2024-01-01,2024-01-11,2024-01-15,Air,440,18,3545.13,63812.34,Rainy,North,No,89.6,Delhivery,Traffic,0,0,1
1092,5782.0,4.0,6.0,2024-01-23,2024-01-29,2024-01-28,Sea,166,31,4221.43,130864.33,Storm,South,No,72.3,DHL,Weather,1,0,1
1093,7428.0,4.6,2.0,2024-07-27,2024-07-29,2024-08-03,Sea,169,100,1096.92,109692.0,Storm,West,No,86.9,FedEx,Traffic,0,1,0
1094,2349.0,4.5,9.0,2024-05-19,2024-05-28,2024-05-31,Road,908,19,741.77,14093.63,Rainy,South,No,97.8,FedEx,Traffic,0,1,0
1095,7081.0,2.6,2.0,2024-01-15,2024-01-17,2024-01-17,Sea,207,24,1632.42,39178.08,Rainy,East,No,92.4,BlueDart,Customs,1,0,1
1096,1236.0,3.1,4.0,2024-11-01,2024-11-05,2024-11-04,Road,1198,76,1931.01,146756.76,Cloudy,Central,No,89.3,Delhivery,,1,0,1
1097,9760.0,2.6,5.0,2024-10-19,2024-10-24,2024-10-23,Sea,1311,65,313.79,20396.35,Rainy,South,Yes,87.0,DHL,Customs,1,1,1
1098,4647.0,3.8,6.0,2024-06-18,2024-06-24,2024-06-26,Sea,29,27,1788.94,48301.38,Cloudy,East,Yes,95.7,Delhivery,Traffic,0,0,1
1099,2921.0,3.1,7.0,2024-10-12,2024-10-19,2024-10-22,Sea,1408,52,215.91,11227.32,Clear,South,No,73.7,FedEx,Weather,0,1,0
1100,4260.0,2.7,5.0,2024-06-24,2024-06-29,2024-07-01,Sea,1132,65,1540.79,100151.35,Cloudy,East,No,85.1,FedEx,Traffic,0,0,1
1101,2318.0,3.8,4.0,2024-09-21,2024-09-25,2024-09-29,Road,411,74,3929.5,290783.0,Rainy,East,No,77.9,BlueDart,Weather,0,1,0
1102,3857.0,3.3,5.0,2024-02-07,2024-02-12,2024-02-11,Sea,1394,12,2787.22,33446.64,Clear,East,Yes,83.1,DHL,Customs,1,0,1
1103,3717.0,4.2,8.0,2024-07-16,2024-07-24,2024-07-29,Sea,1493,33,3476.15,114712.95,Storm,West,Yes,87.5,DHL,,0,0,1
1104,2713.0,3.4,10.0,2024-08-22,2024-09-01,2024-09-03,Sea,1288,90,3177.39,285965.1,Rainy,South,No,98.5,DHL,Operational,0,0,1
1105,3212.0,4.4,4.0,2024-07-20,2024-07-24,2024-07-29,Sea,349,84,3578.91,300628.44,Clear,East,Yes,95.5,FedEx,Traffic,0,1,0
1106,6649.0,5.0,9.0,2024-04-26,2024-05-05,2024-05-04,Air,596,64,2358.82,150964.48,Storm,North,No,92.6,DHL,Customs,1,0,1
1107,3934.0,2.9,5.0,2024-10-17,2024-10-22,2024-10-27,Air,218,94,3259.24,306368.56,Cloudy,South,No,99.8,Delhivery,Operational,0,0,1
1108,8835.0,3.3,4.0,2024-05-19,2024-05-23,2024-05-25,Sea,414,67,1928.28,129194.76,Cloudy,North,No,78.2,Delhivery,Customs,0,1,0
1109,4732.0,3.6,7.0,2024-09-08,2024-09-15,2024-09-18,Road,1220,95,1163.78,110559.1,Rainy,West,No,85.6,DHL,Weather,0,1,0
1110,4907.0,4.1,6.0,2024-06-29,2024-07-05,2024-07-09,Sea,1180,16,4007.41,64118.56,Clear,West,No,75.2,EcomExpress,Customs,0,1,0
1111,,3.0,,2024-01-23,2024-01-27,2024-01-31,Sea,111,45,238.42,,Rainy,West,Yes,83.5,EcomExpress,Customs,0,0,1
1112,2132.0,4.1,4.0,2024-04-20,2024-04-24,2024-04-23,Sea,801,7,1868.56,13079.92,Storm,West,Yes,73.3,DHL,,1,1,1
1113,7902.0,3.8,4.0,2024-01-11,2024-01-15,2024-01-19,Air,320,81,2659.44,215414.64,Rainy,West,No,85.4,FedEx,Weather,0,0,1
1114,2726.0,4.1,9.0,2024-07-09,2024-07-18,2024-07-23,Sea,243,62,1444.71,89572.02,Clear,East,No,72.0,BlueDart,Weather,0,0,1
1115,6415.0,3.4,4.0,2024-06-25,2024-06-29,2024-07-02,Road,1327,33,4309.74,142221.42,Storm,North,No,86.7,FedEx,Traffic,0,0,1
1116,9765.0,3.0,4.0,2024-07-31,2024-08-04,2024-08-08,Sea,877,2,122.73,245.46,Cloudy,West,Yes,97.9,DHL,Operational,0,0,1
1117,9954.0,3.8,7.0,2024-07-10,2024-07-17,2024-07-21,Air,704,21,546.46,11475.66,Rainy,North,Yes,88.1,FedEx,Traffic,0,0,1
1118,2246.0,2.8,7.0,2024-07-13,2024-07-20,2024-07-21,Road,431,26,172.97,4497.22,Rainy,West,No,74.7,FedEx,Weather,0,1,0
1119,2256.0,4.2,10.0,2024-03-31,2024-04-10,2024-04-12,Road,1338,77,613.04,47204.08,Rainy,West,Yes,77.4,BlueDart,Traffic,0,1,0
1120,1377.0,4.3,8.0,2024-10-14,2024-10-22,2024-10-27,Road,146,8,3236.34,25890.72,Clear,West,No,72.0,FedEx,Weather,0,0,1
1121,2914.0,3.3,3.0,2024-02-19,2024-02-22,2024-02-22,Road,118,33,1183.87,39067.71,Clear,South,No,97.9,BlueDart,Operational,1,0,1
1122,8012.0,4.7,10.0,2024-08-04,2024-08-14,2024-08-19,Sea,348,3,218.0,654.0,Clear,West,Yes,77.4,FedEx,Operational,0,1,0
1123,1268.0,3.5,4.0,2024-11-18,2024-11-22,2024-11-24,Sea,1397,67,3864.91,258948.97,Cloudy,South,No,88.4,BlueDart,Customs,0,0,1
1124,5469.0,4.4,5.0,2024-04-20,2024-04-25,2024-04-29,Road,636,69,4122.09,284424.21,Rainy,South,No,82.2,EcomExpress,,0,1,0
1125,3699.0,4.4,9.0,2024-03-27,2024-04-05,2024-04-10,Road,1499,65,3161.49,205496.85,Rainy,Central,No,88.2,FedEx,Operational,0,0,1
1126,3235.0,3.1,3.0,2024-06-26,2024-06-29,2024-07-01,Air,1073,80,1921.59,153727.2,Clear,North,No,73.8,EcomExpress,Operational,0,0,1
1127,4675.0,3.9,8.0,2024-08-04,2024-08-12,2024-08-15,Road,786,70,1625.29,113770.3,Rainy,Central,Yes,94.1,DHL,Customs,0,1,0
1128,2712.0,4.3,3.0,2024-10-02,2024-10-05,2024-10-08,Air,580,18,203.98,3671.64,Clear,North,No,98.9,FedEx,,0,0,1
1129,7657.0,2.7,5.0,2024-04-08,2024-04-13,2024-04-13,Sea,705,67,605.8,40588.6,Rainy,West,No,98.4,DHL,Operational,1,0,1
1130,9486.0,3.6,6.0,2024-11-17,2024-11-23,2024-11-22,Road,1404,9,2302.22,20719.98,Cloudy,Central,No,75.4,DHL,Operational,1,1,1
1131,8628.0,4.1,8.0,2024-04-17,2024-04-25,2024-04-26,Sea,1137,66,597.5,39435.0,Rainy,East,Yes,86.0,EcomExpress,Customs,0,0,1
1132,1950.0,3.8,5.0,2024-09-13,2024-09-18,2024-09-21,Sea,1260,51,852.06,43455.06,Cloudy,North,No,80.9,FedEx,Customs,0,0,1
1133,4743.0,3.6,9.0,2024-07-25,2024-08-03,2024-08-05,Air,1076,1,1166.41,1166.41,Clear,East,No,86.9,DHL,Operational,0,0,1
1134,7353.0,3.1,2.0,2024-05-22,2024-05-24,2024-05-23,Sea,72,97,4229.22,410234.34,Storm,North,Yes,74.8,EcomExpress,Weather,1,0,1
1135,5743.0,4.1,4.0,2024-05-05,2024-05-09,2024-05-10,Road,582,46,3097.45,142482.7,Clear,East,Yes,99.3,BlueDart,Weather,0,1,0
1136,7780.0,3.6,4.0,2024-11-12,2024-11-16,2024-11-16,Air,937,49,1304.07,63899.43,Cloudy,North,No,89.2,BlueDart,Traffic,1,0,1
1137,5629.0,5.0,10.0,2024-01-05,2024-01-15,2024-01-17,Road,1102,98,929.93,91133.14,Storm,North,Yes,91.4,EcomExpress,,0,0,1
1138,4969.0,4.7,4.0,2024-04-03,2024-04-07,2024-04-09,Road,265,33,3968.09,130946.97,Cloudy,South,Yes,97.8,FedEx,Traffic,0,0,1
1139,5745.0,3.8,2.0,2024-01-03,2024-01-05,2024-01-08,Road,539,67,3295.1,220771.7,Rainy,East,No,91.2,BlueDart,Customs,0,0,1
1140,7544.0,4.1,8.0,2024-07-17,2024-07-25,2024-07-25,Road,188,46,161.68,7437.28,Clear,South,Yes,79.0,BlueDart,,1,0,1
1141,1520.0,4.3,9.0,2024-08-31,2024-09-09,2024-09-12,Air,1264,1,1084.71,1084.71,Clear,North,No,74.0,DHL,Weather,0,1,0
1142,4893.0,4.3,3.0,2024-02-13,2024-02-16,2024-02-21,Road,390,56,1168.0,65408.0,Storm,West,Yes,97.0,EcomExpress,Customs,0,0,1
1143,8618.0,4.3,9.0,2024-01-20,2024-01-29,2024-02-03,Air,1356,66,2664.46,175854.36,Cloudy,Central,Yes,94.8,Delhivery,,0,1,0
1144,9657.0,3.9,4.0,2024-05-23,2024-05-27,2024-05-28,Sea,195,82,1538.55,126161.1,Clear,Central,No,82.1,Delhivery,Customs,0,0,1
1145,3791.0,3.6,10.0,2024-01-05,2024-01-15,2024-01-14,Road,1329,6,4485.49,26912.94,Cloudy,South,No,79.7,EcomExpress,Traffic,1,0,1
1146,1837.0,4.5,6.0,2024-08-08,2024-08-14,2024-08-14,Air,269,34,833.77,28348.18,Rainy,East,No,99.2,EcomExpress,Traffic,1,0,1
1147,9645.0,2.9,2.0,2024-01-25,2024-01-27,2024-01-26,Road,196,9,2154.94,19394.46,Clear,West,No,83.6,Delhivery,,1,0,1
1148,5194.0,2.7,6.0,2024-05-07,2024-05-13,2024-05-13,Sea,1416,77,1018.2,78401.4,Clear,East,Yes,86.6,BlueDart,Customs,1,0,1
1149,1197.0,5.0,6.0,2024-09-11,2024-09-17,2024-09-16,Sea,1086,37,3545.66,131189.42,Clear,North,No,81.6,BlueDart,Traffic,1,0,1
1150,9822.0,2.8,6.0,2024-07-24,2024-07-30,2024-08-03,Road,673,14,3708.31,51916.34,Clear,West,Yes,88.9,Delhivery,Operational,0,0,1
1151,3451.0,4.1,9.0,2024-04-17,2024-04-26,2024-04-26,Air,967,91,3613.75,328851.25,Clear,Central,No,93.1,FedEx,Customs,1,0,1
1152,8787.0,3.0,3.0,2024-05-10,2024-05-13,2024-05-12,Sea,1143,58,2118.77,122888.66,Clear,South,Yes,90.8,EcomExpress,Operational,1,0,1
1153,8774.0,3.4,10.0,2024-03-30,2024-04-09,2024-04-13,Air,424,49,4711.21,230849.29,Cloudy,West,No,89.5,Delhivery,Traffic,0,1,0
1154,5800.0,3.6,5.0,2024-06-05,2024-06-10,2024-06-09,Sea,490,53,3764.88,199538.64,Storm,East,Yes,80.1,DHL,Traffic,1,0,1
1155,5217.0,4.9,10.0,2024-09-09,2024-09-19,2024-09-20,Air,767,100,2081.13,208113.0,Rainy,Central,Yes,90.4,EcomExpress,,0,0,1
1156,3412.0,4.7,5.0,2024-03-21,2024-03-26,2024-03-30,Air,844,54,631.52,34102.08,Cloudy,West,Yes,85.1,BlueDart,Operational,0,0,1
1157,6004.0,2.8,10.0,2024-06-21,2024-07-01,2024-07-05,Sea,1474,91,812.78,73962.98,Clear,West,No,84.1,Delhivery,Traffic,0,0,1
1158,,2.7,,2024-09-29,2024-10-08,2024-10-11,Air,1169,92,163.64,,Storm,West,No,77.3,EcomExpress,,0,1,0
1159,9367.0,3.9,7.0,2024-01-27,2024-02-03,2024-02-03,Road,1126,80,1024.46,81956.8,Cloudy,West,Yes,80.8,FedEx,,1,1,1
1160,8925.0,4.1,8.0,2024-09-09,2024-09-17,2024-09-20,Air,1289,40,3689.15,147566.0,Storm,Central,No,75.1,EcomExpress,Operational,0,0,1
1161,4844.0,5.0,6.0,2024-06-28,2024-07-04,2024-07-08,Road,320,17,2662.25,45258.25,Storm,North,Yes,73.9,DHL,Customs,0,0,1
1162,8227.0,2.9,7.0,2024-04-17,2024-04-24,2024-04-23,Road,237,33,4243.13,140023.29,Clear,Central,Yes,93.2,EcomExpress,,1,0,1
1163,6621.0,4.7,5.0,2024-03-17,2024-03-22,2024-03-26,Road,102,76,805.52,61219.52,Clear,East,Yes,90.3,DHL,Operational,0,1,0
1164,4798.0,3.0,4.0,2024-01-04,2024-01-08,2024-01-07,Road,508,10,4203.59,42035.9,Cloudy,West,Yes,72.7,EcomExpress,Customs,1,0,1
1165,3519.0,3.0,2.0,2024-08-25,2024-08-27,2024-08-29,Air,1477,84,2913.51,244734.84,Storm,North,No,96.2,Delhivery,,0,1,0
1166,6307.0,3.7,4.0,2024-07-13,2024-07-17,2024-07-18,Road,1031,85,3232.43,274756.55,Storm,North,Yes,80.1,FedEx,Customs,0,1,0
1167,2731.0,4.6,6.0,2024-08-03,2024-08-09,2024-08-13,Air,1057,7,4154.2,29079.4,Cloudy,South,No,97.9,DHL,Operational,0,1,0
1168,3107.0,4.9,8.0,2024-07-21,2024-07-29,2024-08-02,Road,580,8,714.04,5712.32,Clear,North,Yes,75.6,Delhivery,Operational,0,1,0
1169,8842.0,4.4,3.0,2024-01-30,2024-02-02,2024-02-05,Air,1070,84,799.83,67185.72,Cloudy,North,Yes,94.9,DHL,Operational,0,0,1
1170,9011.0,3.1,6.0,2024-04-20,2024-04-26,2024-04-26,Road,1164,59,1944.68,114736.12,Cloudy,East,No,97.8,EcomExpress,Customs,1,1,1
1171,4527.0,2.5,5.0,2024-02-05,2024-02-10,2024-02-10,Air,680,31,1095.68,33966.08,Clear,West,No,90.3,DHL,Operational,1,0,1
1172,9880.0,4.8,9.0,2024-05-07,2024-05-16,2024-05-19,Sea,394,71,3026.83,214904.93,Clear,North,No,84.5,FedEx,,0,0,1
1173,7551.0,3.2,6.0,2024-10-20,2024-10-26,2024-10-27,Sea,246,2,1968.09,3936.18,Clear,South,Yes,71.8,Delhivery,Operational,0,1,0
1174,8515.0,2.8,5.0,2024-10-07,2024-10-12,2024-10-13,Air,434,80,3452.87,276229.6,Cloudy,Central,No,98.4,EcomExpress,Traffic,0,0,1
1175,6528.0,3.4,10.0,2024-01-17,2024-01-27,2024-01-31,Air,994,2,225.86,451.72,Cloudy,West,No,95.8,BlueDart,Traffic,0,0,1
1176,8557.0,3.4,8.0,2024-06-10,2024-06-18,2024-06-18,Air,483,83,599.1,49725.3,Storm,Central,Yes,72.5,DHL,,1,0,1
1177,8667.0,4.2,9.0,2024-05-10,2024-05-19,2024-05-22,Road,1254,22,2350.62,51713.64,Cloudy,West,Yes,76.6,DHL,Traffic,0,0,1
1178,4524.0,3.3,3.0,2024-10-06,2024-10-09,2024-10-10,Road,1100,18,726.4,13075.2,Rainy,West,No,88.8,FedEx,Operational,0,1,0
1179,2757.0,2.7,9.0,2024-09-11,2024-09-20,2024-09-24,Road,1233,25,4490.68,112267.0,Clear,North,No,82.1,FedEx,,0,0,1
1180,8747.0,3.5,3.0,2024-09-25,2024-09-28,2024-09-29,Road,775,11,3809.27,41901.97,Cloudy,North,Yes,89.5,Delhivery,Operational,0,0,1
1181,6112.0,2.8,10.0,2024-03-15,2024-03-25,2024-03-30,Air,1095,17,332.2,5647.4,Clear,East,No,96.4,EcomExpress,Weather,0,0,1
1182,5061.0,2.7,8.0,2024-07-07,2024-07-15,2024-07-18,Road,192,19,4155.59,78956.21,Clear,East,Yes,84.5,FedEx,Traffic,0,1,0
1183,2291.0,2.6,7.0,2024-05-25,2024-06-01,2024-06-02,Air,1256,67,1894.72,126946.24,Cloudy,Central,Yes,98.2,BlueDart,Weather,0,1,0
1184,1533.0,4.3,2.0,2024-03-09,2024-03-11,2024-03-12,Road,1138,66,3641.72,240353.52,Rainy,Central,Yes,76.5,BlueDart,Customs,0,1,0
1185,4914.0,4.0,3.0,2024-09-09,2024-09-12,2024-09-15,Air,667,29,1524.27,44203.83,Clear,North,Yes,85.5,EcomExpress,Weather,0,0,1
1186,2350.0,3.1,10.0,2024-03-22,2024-04-01,2024-04-04,Road,377,62,2508.8,155545.6,Storm,Central,No,80.2,FedEx,,0,0,1
1187,9336.0,4.4,4.0,2024-08-01,2024-08-05,2024-08-08,Sea,382,19,4452.24,84592.56,Cloudy,South,No,71.6,Delhivery,Operational,0,0,1
1188,9553.0,4.7,9.0,2024-01-02,2024-01-11,2024-01-12,Road,1045,85,2746.41,233444.85,Cloudy,South,Yes,97.3,BlueDart,Traffic,0,0,1
1189,8391.0,4.6,4.0,2024-10-26,2024-10-30,2024-10-30,Sea,1183,21,729.56,15320.76,Storm,North,Yes,77.7,DHL,Traffic,1,1,1
1190,4362.0,4.4,8.0,2024-01-09,2024-01-17,2024-01-22,Air,1424,79,118.05,9325.95,Rainy,South,No,87.0,Delhivery,Weather,0,0,1
1191,3725.0,4.7,7.0,2024-05-02,2024-05-09,2024-05-10,Road,1351,7,381.19,2668.33,Clear,Central,Yes,73.1,BlueDart,Customs,0,0,1
1192,1659.0,4.4,8.0,2024-03-11,2024-03-19,2024-03-20,Sea,165,9,2525.72,22731.48,Clear,North,No,88.7,DHL,Traffic,0,0,1
1193,5453.0,4.5,8.0,2024-10-21,2024-10-29,2024-11-02,Air,1287,69,4220.68,291226.92,Cloudy,East,No,85.4,DHL,Traffic,0,0,1
1194,3853.0,2.5,4.0,2024-05-01,2024-05-05,2024-05-10,Sea,1027,81,2731.1,221219.1,Rainy,Central,No,89.0,EcomExpress,Traffic,0,0,1
1195,4169.0,3.6,2.0,2024-05-18,2024-05-20,2024-05-21,Road,1199,77,1682.1,129521.7,Cloudy,East,Yes,97.3,FedEx,Customs,0,1,0
1196,1245.0,2.9,7.0,2024-04-09,2024-04-16,2024-04-16,Sea,503,25,488.09,12202.25,Clear,South,No,77.0,Delhivery,Traffic,1,0,1
1197,4893.0,3.3,7.0,2024-10-18,2024-10-25,2024-10-25,Road,951,23,725.35,16683.05,Clear,Central,Yes,82.6,Delhivery,Operational,1,0,1
1198,7261.0,3.4,6.0,2024-01-30,2024-02-05,2024-02-05,Road,400,91,1291.93,117565.63,Clear,West,No,78.4,FedEx,Traffic,1,0,1
1199,3846.0,2.6,5.0,2024-04-03,2024-04-08,2024-04-09,Air,742,29,329.77,9563.33,Storm,East,No,94.5,FedEx,Operational,0,0,1
1200,7744.0,3.6,2.0,2024-06-11,2024-06-13,2024-06-18,Road,373,89,1339.6,119224.4,Cloudy,West,No,74.7,BlueDart,Operational,0,0,1
1201,3307.0,3.9,9.0,2024-04-11,2024-04-20,2024-04-24,Air,150,29,3163.23,91733.67,Cloudy,South,Yes,88.3,BlueDart,Weather,0,0,1
1202,8917.0,3.2,6.0,2024-10-17,2024-10-23,2024-10-27,Sea,258,85,4852.99,412504.15,Rainy,South,No,94.1,DHL,,0,0,1
1203,5771.0,3.3,5.0,2024-06-18,2024-06-23,2024-06-27,Sea,208,65,1722.72,111976.8,Clear,East,Yes,76.3,BlueDart,Operational,0,0,1
1204,9636.0,4.2,2.0,2024-05-27,2024-05-29,2024-06-02,Air,47,94,473.52,44510.88,Rainy,South,No,99.6,Delhivery,,0,0,1
1205,8184.0,4.2,10.0,2024-02-17,2024-02-27,2024-02-27,Road,1080,58,1459.11,84628.38,Storm,North,Yes,90.8,EcomExpress,Weather,1,1,1
1206,6224.0,5.0,6.0,2024-06-28,2024-07-04,2024-07-09,Air,768,91,2064.24,187845.84,Rainy,South,No,82.3,BlueDart,Weather,0,0,1
1207,3844.0,4.5,4.0,2024-04-05,2024-04-09,2024-04-11,Air,1363,97,4672.44,453226.68,Rainy,South,No,84.5,BlueDart,,0,0,1
1208,9890.0,3.5,3.0,2024-06-23,2024-06-26,2024-06-25,Air,551,5,4856.67,24283.35,Rainy,Central,No,74.7,EcomExpress,Operational,1,1,1
1209,4045.0,2.8,5.0,2024-03-28,2024-04-02,2024-04-06,Air,790,40,2042.84,81713.6,Storm,Central,Yes,85.6,Delhivery,Weather,0,0,1
1210,5456.0,2.8,10.0,2024-10-25,2024-11-04,2024-11-09,Air,507,18,4584.46,82520.28,Clear,South,Yes,80.5,Delhivery,Traffic,0,0,1
1211,4007.0,3.8,10.0,2024-09-26,2024-10-06,2024-10-10,Air,904,6,4615.24,27691.44,Rainy,South,Yes,99.7,BlueDart,,0,0,1
1212,6039.0,4.0,7.0,2024-04-25,2024-05-02,2024-05-06,Air,1292,10,3558.63,35586.3,Clear,Central,Yes,89.1,DHL,Traffic,0,0,1
1213,2052.0,2.5,8.0,2024-01-03,2024-01-11,2024-01-14,Road,297,7,2847.07,19929.49,Clear,East,No,85.7,EcomExpress,,0,0,1
1214,7916.0,2.8,8.0,2024-08-28,2024-09-05,2024-09-07,Sea,1348,23,1700.83,39119.09,Cloudy,Central,Yes,92.3,DHL,Traffic,0,0,1
1215,3652.0,3.3,4.0,2024-02-12,2024-02-16,2024-02-21,Sea,1175,97,4082.87,396038.39,Clear,East,No,70.2,EcomExpress,Traffic,0,0,1
1216,1319.0,4.9,3.0,2024-07-03,2024-07-06,2024-07-11,Air,1239,17,655.04,11135.68,Storm,North,No,85.7,DHL,Weather,0,0,1
1217,6259.0,4.2,3.0,2024-03-14,2024-03-17,2024-03-16,Sea,438,91,4917.24,447468.84,Clear,Central,Yes,73.3,FedEx,Weather,1,0,1
1218,4826.0,3.0,8.0,2024-03-16,2024-03-24,2024-03-24,Road,1348,7,721.21,5048.47,Cloudy,Central,Yes,85.5,FedEx,Weather,1,1,1
1219,5047.0,3.8,4.0,2024-03-07,2024-03-11,2024-03-11,Road,872,69,1202.25,82955.25,Clear,South,No,95.9,BlueDart,Weather,1,0,1
1220,5811.0,4.7,4.0,2024-10-23,2024-10-27,2024-10-29,Air,801,71,3257.8,231303.8,Cloudy,Central,Yes,74.6,BlueDart,,0,0,1
1221,7644.0,4.6,9.0,2024-02-06,2024-02-15,2024-02-17,Air,868,31,3296.42,102189.02,Storm,Central,No,98.3,BlueDart,Customs,0,0,1
1222,1191.0,4.1,3.0,2024-05-19,2024-05-22,2024-05-25,Air,1462,96,2257.04,216675.84,Cloudy,West,Yes,87.3,DHL,,0,1,0
1223,7208.0,4.4,10.0,2024-10-26,2024-11-05,2024-11-04,Road,1310,50,2834.18,141709.0,Storm,Central,No,75.0,BlueDart,Operational,1,1,1
1224,9081.0,4.6,2.0,2024-09-21,2024-09-23,2024-09-28,Sea,976,74,932.33,68992.42,Rainy,West,No,91.0,Delhivery,Weather,0,1,0
1225,8349.0,4.8,9.0,2024-01-22,2024-01-31,2024-02-05,Road,1118,90,566.64,50997.6,Cloudy,East,No,90.5,FedEx,Customs,0,0,1
1226,2324.0,4.8,7.0,2024-05-05,2024-05-12,2024-05-13,Sea,1363,77,3653.13,281291.01,Clear,East,Yes,89.7,FedEx,Traffic,0,1,0
1227,2045.0,2.7,2.0,2024-04-20,2024-04-22,2024-04-27,Air,156,16,3069.2,49107.2,Cloudy,Central,Yes,80.7,DHL,Customs,0,1,0
1228,9681.0,4.0,9.0,2024-01-25,2024-02-03,2024-02-05,Sea,1036,34,457.87,15567.58,Rainy,East,No,82.7,BlueDart,Traffic,0,0,1
1229,4441.0,3.5,2.0,2024-08-12,2024-08-14,2024-08-19,Air,369,36,261.32,9407.52,Storm,East,No,73.0,BlueDart,Customs,0,0,1
1230,5619.0,2.7,10.0,2024-06-12,2024-06-22,2024-06-26,Road,340,30,592.78,17783.4,Storm,East,No,81.0,DHL,Traffic,0,0,1
1231,5173.0,2.6,2.0,2024-04-11,2024-04-13,2024-04-14,Road,1368,6,3483.79,20902.74,Clear,North,No,84.2,Delhivery,Operational,0,0,1
1232,3924.0,4.5,2.0,2024-09-30,2024-10-02,2024-10-01,Sea,872,84,2347.04,197151.36,Cloudy,East,No,96.6,Delhivery,Operational,1,0,1
1233,2383.0,3.6,9.0,2024-04-27,2024-05-06,2024-05-10,Road,317,77,3282.12,252723.24,Rainy,Central,No,98.5,EcomExpress,,0,1,0
1234,6334.0,2.6,8.0,2024-03-24,2024-04-01,2024-03-31,Road,1003,75,1106.02,82951.5,Storm,West,Yes,83.5,EcomExpress,,1,1,1
1235,7877.0,2.5,2.0,2024-10-17,2024-10-19,2024-10-18,Air,941,34,1258.72,42796.48,Clear,North,No,91.2,DHL,Operational,1,0,1
1236,3698.0,3.2,9.0,2024-05-01,2024-05-10,2024-05-09,Sea,579,17,1562.67,26565.39,Storm,North,No,91.4,EcomExpress,,1,0,1
1237,3613.0,4.4,7.0,2024-05-14,2024-05-21,2024-05-25,Sea,608,100,981.24,98124.0,Clear,North,Yes,72.6,BlueDart,Traffic,0,0,1
1238,7174.0,3.8,7.0,2024-03-05,2024-03-12,2024-03-14,Sea,1271,36,587.82,21161.52,Cloudy,East,Yes,89.3,DHL,Traffic,0,0,1
1239,4064.0,3.7,9.0,2024-02-18,2024-02-27,2024-03-02,Air,1397,38,1044.53,39692.14,Storm,Central,Yes,89.6,BlueDart,Traffic,0,1,0
1240,8376.0,2.6,4.0,2024-10-07,2024-10-11,2024-10-15,Sea,273,40,733.03,29321.2,Rainy,North,No,71.7,FedEx,,0,0,1
1241,7785.0,3.9,7.0,2024-03-04,2024-03-11,2024-03-14,Road,337,35,3741.4,130949.0,Clear,Central,Yes,94.0,EcomExpress,Operational,0,0,1
1242,7350.0,3.1,3.0,2024-07-24,2024-07-27,2024-07-29,Road,1254,7,3403.38,23823.66,Cloudy,Central,No,72.7,Delhivery,Operational,0,0,1
1243,5870.0,4.1,8.0,2024-09-28,2024-10-06,2024-10-09,Sea,706,60,3999.97,239998.2,Storm,North,Yes,90.2,BlueDart,Operational,0,1,0
1244,2087.0,2.6,2.0,2024-09-01,2024-09-03,2024-09-07,Air,600,67,1030.72,69058.24,Storm,East,Yes,77.1,BlueDart,Traffic,0,1,0
1245,3970.0,4.0,8.0,2024-02-05,2024-02-13,2024-02-12,Air,546,53,2329.63,123470.39,Rainy,East,Yes,94.9,EcomExpress,Traffic,1,0,1
1246,9139.0,4.0,3.0,2024-03-08,2024-03-11,2024-03-12,Air,733,60,4261.05,255663.0,Clear,Central,No,81.8,DHL,,0,0,1
1247,1262.0,3.3,6.0,2024-07-02,2024-07-08,2024-07-08,Road,684,68,933.13,63452.84,Cloudy,South,Yes,77.8,EcomExpress,Weather,1,0,1
1248,8326.0,2.9,6.0,2024-01-07,2024-01-13,2024-01-15,Sea,464,56,2811.56,157447.36,Cloudy,East,Yes,74.3,FedEx,Weather,0,1,0
1249,8074.0,3.2,4.0,2024-05-29,2024-06-02,2024-06-04,Sea,1256,21,3008.67,63182.07,Clear,East,No,98.1,EcomExpress,Customs,0,0,1
1250,9632.0,3.6,2.0,2024-07-28,2024-07-30,2024-07-30,Air,359,96,3495.48,335566.08,Storm,North,Yes,83.7,EcomExpress,,1,1,1
1251,7473.0,3.4,9.0,2024-09-29,2024-10-08,2024-10-10,Sea,1303,44,3835.34,168754.96,Storm,Central,No,74.1,BlueDart,,0,1,0
1252,8432.0,4.3,5.0,2024-01-25,2024-01-30,2024-02-01,Road,947,51,4445.57,226724.07,Clear,West,No,95.8,FedEx,Operational,0,0,1
1253,8198.0,4.5,5.0,2024-01-24,2024-01-29,2024-02-03,Sea,113,8,2723.57,21788.56,Rainy,South,No,89.6,DHL,Customs,0,0,1
1254,7117.0,4.7,2.0,2024-08-05,2024-08-07,2024-08-10,Road,1246,1,4143.26,4143.26,Clear,West,No,98.0,FedEx,,0,0,1
1255,1539.0,3.8,8.0,2024-08-10,2024-08-18,2024-08-18,Road,422,32,2548.88,81564.16,Clear,East,Yes,72.5,DHL,Traffic,1,1,1
1256,2099.0,4.5,8.0,2024-08-02,2024-08-10,2024-08-11,Road,202,85,3150.56,267797.6,Storm,Central,Yes,79.1,EcomExpress,Customs,0,0,1
1257,6938.0,2.9,8.0,2024-03-09,2024-03-17,2024-03-22,Air,703,18,4032.02,72576.36,Cloudy,East,No,72.2,Delhivery,Weather,0,1,0
1258,8003.0,4.1,4.0,2024-01-02,2024-01-06,2024-01-08,Air,1152,27,3304.51,89221.77,Rainy,South,Yes,94.0,FedEx,,0,0,1
1259,9811.0,4.6,2.0,2024-10-23,2024-10-25,2024-10-24,Road,557,41,984.63,40369.83,Rainy,South,Yes,75.0,Delhivery,Operational,1,0,1
1260,6448.0,3.9,9.0,2024-04-07,2024-04-16,2024-04-17,Air,680,6,2627.52,15765.12,Storm,South,Yes,86.6,DHL,Weather,0,1,0
1261,8488.0,3.7,10.0,2024-08-21,2024-08-31,2024-09-04,Sea,1239,29,2244.35,65086.15,Clear,West,No,72.6,DHL,Customs,0,0,1
1262,1444.0,3.2,7.0,2024-05-25,2024-06-01,2024-06-02,Sea,918,22,3917.0,86174.0,Storm,South,No,87.2,BlueDart,,0,1,0
1263,1651.0,3.3,3.0,2024-01-06,2024-01-09,2024-01-11,Air,127,16,3694.49,59111.84,Rainy,North,No,79.3,FedEx,,0,1,0
1264,6153.0,2.9,4.0,2024-01-04,2024-01-08,2024-01-12,Air,1494,22,1017.95,22394.9,Cloudy,Central,Yes,97.0,DHL,Operational,0,0,1
1265,8674.0,3.1,4.0,2024-09-08,2024-09-12,2024-09-11,Sea,191,5,1679.47,8397.35,Storm,East,Yes,89.2,EcomExpress,Traffic,1,1,1
1266,5340.0,4.5,8.0,2024-03-27,2024-04-04,2024-04-09,Sea,209,87,4097.87,356514.69,Clear,West,No,84.0,BlueDart,,0,0,1
1267,1860.0,3.0,9.0,2024-07-16,2024-07-25,2024-07-30,Sea,226,85,1014.41,86224.85,Cloudy,East,No,93.5,BlueDart,Operational,0,0,1
1268,6496.0,3.7,6.0,2024-04-22,2024-04-28,2024-04-29,Road,1003,4,2569.78,10279.12,Rainy,South,No,80.2,FedEx,,0,0,1
1269,4833.0,4.4,6.0,2024-07-23,2024-07-29,2024-08-02,Air,860,95,800.27,76025.65,Cloudy,South,No,84.4,DHL,,0,0,1
1270,1710.0,3.1,2.0,2024-08-03,2024-08-05,2024-08-06,Sea,1500,88,4174.05,367316.4,Rainy,Central,Yes,85.5,Delhivery,Operational,0,1,0
1271,1700.0,3.8,10.0,2024-02-08,2024-02-18,2024-02-21,Air,405,38,1115.63,42393.94,Cloudy,West,No,73.3,Delhivery,Traffic,0,0,1
1272,2897.0,4.4,4.0,2024-06-24,2024-06-28,2024-06-28,Road,46,42,445.64,18716.88,Storm,South,No,94.1,BlueDart,Customs,1,0,1
1273,8568.0,2.7,10.0,2024-02-18,2024-02-28,2024-03-03,Road,226,77,1425.58,109769.66,Clear,West,No,83.3,FedEx,Customs,0,1,0
1274,4745.0,3.4,4.0,2024-08-10,2024-08-14,2024-08-19,Sea,889,12,2276.73,27320.76,Rainy,North,Yes,87.8,DHL,Traffic,0,1,0
1275,3884.0,3.3,9.0,2024-10-31,2024-11-09,2024-11-09,Road,278,77,4650.62,358097.74,Clear,North,Yes,98.6,DHL,Traffic,1,0,1
1276,5868.0,4.0,3.0,2024-05-15,2024-05-18,2024-05-18,Sea,1487,65,1631.43,106042.95,Rainy,South,No,94.8,EcomExpress,Operational,1,0,1
1277,2867.0,3.5,8.0,2024-03-02,2024-03-10,2024-03-09,Air,1023,91,2797.8,254599.8,Cloudy,North,Yes,74.3,FedEx,Customs,1,1,1
1278,6947.0,3.7,10.0,2024-03-24,2024-04-03,2024-04-03,Sea,1123,21,3641.71,76475.91,Rainy,South,Yes,84.7,FedEx,Customs,1,1,1
1279,6498.0,4.8,10.0,2024-02-23,2024-03-04,2024-03-05,Road,511,14,3891.43,54480.02,Rainy,East,No,71.7,BlueDart,Operational,0,0,1
1280,6636.0,2.6,2.0,2024-04-18,2024-04-20,2024-04-24,Sea,1412,50,2636.39,131819.5,Clear,South,Yes,83.2,Delhivery,Traffic,0,0,1
1281,1381.0,4.3,4.0,2024-08-04,2024-08-08,2024-08-12,Sea,708,63,4894.14,308330.82,Clear,West,No,93.2,Delhivery,,0,1,0
1282,2997.0,4.4,3.0,2024-07-27,2024-07-30,2024-08-04,Air,596,99,2749.61,272211.39,Clear,Central,No,88.8,EcomExpress,Traffic,0,1,0
1283,9251.0,3.9,9.0,2024-06-05,2024-06-14,2024-06-16,Sea,1452,69,847.71,58491.99,Clear,South,No,96.0,FedEx,Weather,0,0,1
1284,7789.0,3.2,8.0,2024-10-21,2024-10-29,2024-10-31,Sea,723,61,2007.15,122436.15,Storm,Central,Yes,73.6,FedEx,Customs,0,0,1
1285,6390.0,3.6,9.0,2024-03-21,2024-03-30,2024-03-31,Air,1346,56,773.21,43299.76,Rainy,East,No,73.1,BlueDart,,0,0,1
1286,6502.0,4.8,2.0,2024-02-10,2024-02-12,2024-02-14,Air,415,45,1953.61,87912.45,Clear,East,No,90.4,BlueDart,Weather,0,1,0
1287,4758.0,3.7,3.0,2024-08-10,2024-08-13,2024-08-14,Road,1208,54,471.12,25440.48,Clear,South,No,87.6,FedEx,,0,1,0
1288,3733.0,4.2,5.0,2024-11-05,2024-11-10,2024-11-12,Sea,1107,64,244.47,15646.08,Cloudy,Central,Yes,88.4,EcomExpress,Operational,0,0,1
1289,8850.0,3.4,9.0,2024-10-25,2024-11-03,2024-11-07,Sea,1065,85,1658.37,140961.45,Cloudy,Central,Yes,99.0,EcomExpress,Operational,0,0,1
1290,2147.0,4.3,6.0,2024-09-30,2024-10-06,2024-10-11,Sea,885,54,2503.53,135190.62,Clear,South,Yes,97.5,DHL,Operational,0,0,1
1291,3708.0,2.9,2.0,2024-07-23,2024-07-25,2024-07-30,Sea,765,24,1233.2,29596.8,Storm,Central,No,90.4,FedEx,,0,0,1
1292,9014.0,4.8,9.0,2024-11-13,2024-11-22,2024-11-22,Sea,428,50,3354.59,167729.5,Storm,West,No,82.6,EcomExpress,Customs,1,0,1
1293,9440.0,3.4,4.0,2024-04-16,2024-04-20,2024-04-21,Air,558,73,3024.36,220778.28,Rainy,South,Yes,86.4,BlueDart,,0,0,1
1294,7663.0,4.7,9.0,2024-09-28,2024-10-07,2024-10-11,Sea,1122,73,435.95,31824.35,Storm,North,Yes,88.2,DHL,Weather,0,1,0
1295,3108.0,3.7,7.0,2024-02-23,2024-03-01,2024-03-05,Sea,765,32,1723.14,55140.48,Clear,West,No,98.6,Delhivery,Weather,0,0,1
1296,5510.0,2.6,4.0,2024-06-03,2024-06-07,2024-06-09,Road,1020,63,1970.04,124112.52,Storm,North,Yes,96.6,EcomExpress,Traffic,0,0,1
1297,2237.0,2.5,3.0,2024-04-07,2024-04-10,2024-04-13,Sea,1334,54,2289.96,123657.84,Rainy,South,No,71.3,BlueDart,Customs,0,1,0
1298,7126.0,4.1,6.0,2024-09-19,2024-09-25,2024-09-24,Air,1243,86,4422.1,380300.6,Cloudy,South,Yes,77.3,FedEx,Customs,1,0,1
1299,8865.0,4.7,6.0,2024-07-14,2024-07-20,2024-07-19,Road,702,84,3294.59,276745.56,Clear,West,Yes,78.7,EcomExpress,Weather,1,1,1
1300,5318.0,4.1,8.0,2024-06-03,2024-06-11,2024-06-16,Road,85,5,3165.51,15827.55,Rainy,South,Yes,95.5,EcomExpress,Operational,0,0,1
1301,9021.0,2.9,2.0,2024-02-04,2024-02-06,2024-02-08,Road,1489,57,3786.46,215828.22,Rainy,West,Yes,82.5,EcomExpress,Weather,0,1,0
1302,8890.0,2.6,5.0,2024-06-13,2024-06-18,2024-06-22,Sea,722,56,733.19,41058.64,Rainy,South,Yes,95.5,BlueDart,Traffic,0,0,1
1303,7245.0,4.5,7.0,2024-05-29,2024-06-05,2024-06-06,Road,1325,58,2260.44,131105.52,Rainy,South,No,95.6,BlueDart,Operational,0,0,1
1304,5434.0,4.4,6.0,2024-06-26,2024-07-02,2024-07-04,Air,600,63,156.19,9839.97,Cloudy,Central,No,85.5,BlueDart,Traffic,0,0,1
1305,7034.0,3.7,8.0,2024-07-12,2024-07-20,2024-07-20,Air,1451,14,4917.73,68848.22,Cloudy,West,Yes,92.2,BlueDart,,1,0,1
1306,9824.0,4.0,5.0,2024-07-05,2024-07-10,2024-07-12,Sea,669,26,4925.06,128051.56,Rainy,Central,Yes,91.2,EcomExpress,Operational,0,0,1
1307,6693.0,5.0,7.0,2024-06-01,2024-06-08,2024-06-09,Road,1063,21,993.16,20856.36,Rainy,West,Yes,87.3,DHL,Operational,0,1,0
1308,9698.0,3.8,4.0,2024-10-30,2024-11-03,2024-11-03,Road,1050,16,2661.26,42580.16,Clear,North,Yes,70.6,DHL,Operational,1,0,1
1309,8915.0,4.6,10.0,2024-09-02,2024-09-12,2024-09-17,Sea,1290,82,2877.34,235941.88,Storm,East,No,73.6,BlueDart,Traffic,0,0,1
1310,2581.0,4.9,9.0,2024-06-22,2024-07-01,2024-07-02,Sea,1379,95,3085.36,293109.2,Rainy,East,No,93.0,EcomExpress,,0,1,0
1311,6750.0,3.2,6.0,2024-08-03,2024-08-09,2024-08-11,Road,1345,83,932.09,77363.47,Rainy,East,No,83.6,FedEx,Weather,0,1,0
1312,5230.0,4.0,5.0,2024-04-10,2024-04-15,2024-04-16,Air,1455,58,1145.36,66430.88,Rainy,East,No,70.4,Delhivery,Operational,0,0,1
1313,3075.0,4.6,5.0,2024-06-29,2024-07-04,2024-07-05,Air,1307,67,292.23,19579.41,Clear,South,Yes,98.6,DHL,Weather,0,1,0
1314,4908.0,2.9,5.0,2024-04-05,2024-04-10,2024-04-13,Sea,496,3,3019.05,9057.15,Clear,South,No,86.0,BlueDart,,0,0,1
1315,3896.0,3.3,3.0,2024-11-15,2024-11-18,2024-11-22,Road,691,34,727.12,24722.08,Storm,North,No,80.0,Delhivery,Operational,0,0,1
1316,4957.0,2.5,4.0,2024-03-25,2024-03-29,2024-03-30,Sea,964,31,1612.47,49986.57,Rainy,East,No,72.5,Delhivery,Customs,0,0,1
1317,3668.0,2.6,2.0,2024-09-04,2024-09-06,2024-09-05,Road,389,88,3769.0,331672.0,Cloudy,East,No,96.8,EcomExpress,Traffic,1,0,1
1318,4538.0,3.2,7.0,2024-11-12,2024-11-19,2024-11-20,Road,123,79,524.86,41463.94,Storm,South,Yes,78.1,DHL,Weather,0,0,1
1319,2181.0,4.0,5.0,2024-01-02,2024-01-07,2024-01-08,Sea,1022,94,1095.66,102992.04,Clear,Central,Yes,75.8,FedEx,Customs,0,0,1
1320,3119.0,2.9,3.0,2024-07-29,2024-08-01,2024-08-06,Sea,731,45,1681.59,75671.55,Rainy,West,Yes,97.7,BlueDart,Traffic,0,0,1
1321,3035.0,5.0,6.0,2024-07-26,2024-08-01,2024-08-05,Sea,34,80,4017.06,321364.8,Clear,South,No,91.5,BlueDart,Customs,0,0,1
1322,8781.0,4.5,4.0,2024-02-27,2024-03-02,2024-03-03,Road,287,35,1741.0,60935.0,Cloudy,South,Yes,98.1,Delhivery,,0,0,1
1323,1126.0,3.7,2.0,2024-01-17,2024-01-19,2024-01-24,Air,1076,83,2916.68,242084.44,Cloudy,West,Yes,81.3,DHL,,0,0,1
1324,4643.0,3.1,9.0,2024-03-03,2024-03-12,2024-03-14,Road,1325,23,730.26,16795.98,Cloudy,East,Yes,76.1,FedEx,Customs,0,1,0
1325,9260.0,3.3,10.0,2024-03-20,2024-03-30,2024-04-03,Air,746,20,151.05,3021.0,Storm,Central,Yes,85.6,DHL,Weather,0,0,1
1326,7825.0,3.2,2.0,2024-01-07,2024-01-09,2024-01-13,Air,723,51,295.63,15077.13,Rainy,Central,Yes,95.8,BlueDart,,0,1,0
1327,1366.0,3.2,7.0,2024-11-16,2024-11-23,2024-11-27,Air,768,85,3876.54,329505.9,Storm,North,No,79.7,EcomExpress,Weather,0,1,0
1328,7487.0,2.6,5.0,2024-06-23,2024-06-28,2024-07-03,Road,836,76,1200.34,91225.84,Clear,East,No,72.5,FedEx,,0,1,0
1329,1872.0,4.8,8.0,2024-05-03,2024-05-11,2024-05-12,Sea,601,53,3592.17,190385.01,Storm,West,Yes,83.1,FedEx,,0,0,1
1330,9087.0,4.1,2.0,2024-11-03,2024-11-05,2024-11-09,Air,152,40,429.15,17166.0,Storm,East,No,77.6,FedEx,,0,1,0
1331,9544.0,3.3,10.0,2024-07-19,2024-07-29,2024-08-02,Sea,484,95,200.59,19056.05,Storm,North,No,90.9,FedEx,Traffic,0,0,1
1332,1323.0,3.6,6.0,2024-05-20,2024-05-26,2024-05-29,Sea,1129,81,623.94,50539.14,Cloudy,Central,No,77.1,Delhivery,Customs,0,0,1
1333,8264.0,3.6,9.0,2024-09-04,2024-09-13,2024-09-17,Road,1488,5,4316.59,21582.95,Clear,Central,No,77.2,FedEx,Customs,0,0,1
1334,7458.0,3.4,5.0,2024-08-03,2024-08-08,2024-08-11,Sea,1201,88,2964.67,260890.96,Storm,West,Yes,73.6,Delhivery,,0,1,0
1335,6690.0,3.6,7.0,2024-11-13,2024-11-20,2024-11-24,Air,981,54,2816.06,152067.24,Storm,West,Yes,87.1,FedEx,Customs,0,0,1
1336,6800.0,4.7,6.0,2024-03-03,2024-03-09,2024-03-08,Road,265,58,470.81,27306.98,Storm,South,Yes,78.9,DHL,,1,1,1
1337,1195.0,4.4,6.0,2024-03-24,2024-03-30,2024-03-30,Sea,639,52,4389.04,228230.08,Rainy,East,No,94.7,BlueDart,,1,1,1
1338,2014.0,4.8,3.0,2024-06-22,2024-06-25,2024-06-26,Sea,438,35,1398.62,48951.7,Storm,West,No,96.1,EcomExpress,Weather,0,1,0
1339,7122.0,3.1,9.0,2024-08-02,2024-08-11,2024-08-16,Air,926,100,4912.87,491287.0,Cloudy,North,No,81.6,EcomExpress,,0,0,1
1340,6113.0,3.7,3.0,2024-02-14,2024-02-17,2024-02-17,Air,591,82,343.93,28202.26,Rainy,West,Yes,82.1,DHL,Operational,1,0,1
1341,6424.0,2.6,7.0,2024-08-22,2024-08-29,2024-08-29,Air,1202,19,4446.91,84491.29,Storm,West,Yes,76.5,Delhivery,Customs,1,0,1
1342,1299.0,4.8,9.0,2024-07-22,2024-07-31,2024-08-02,Air,1241,96,3508.33,336799.68,Storm,West,Yes,97.0,EcomExpress,Weather,0,0,1
1343,7952.0,2.8,4.0,2024-09-29,2024-10-03,2024-10-04,Sea,1107,100,4425.96,442596.0,Storm,West,No,84.5,EcomExpress,Operational,0,1,0
1344,8934.0,3.5,8.0,2024-08-09,2024-08-17,2024-08-18,Sea,270,78,2190.67,170872.26,Rainy,South,No,87.1,Delhivery,Operational,0,0,1
1345,4700.0,3.9,9.0,2024-06-24,2024-07-03,2024-07-03,Air,1386,59,109.02,6432.18,Rainy,South,No,86.7,Delhivery,Weather,1,0,1
1346,1346.0,4.3,7.0,2024-02-15,2024-02-22,2024-02-22,Air,1028,13,4977.1,64702.3,Rainy,South,No,73.4,BlueDart,Traffic,1,0,1
1347,4596.0,3.1,7.0,2024-06-05,2024-06-12,2024-06-14,Air,1043,40,4141.18,165647.2,Cloudy,North,No,94.5,Delhivery,Operational,0,0,1
1348,9039.0,3.3,3.0,2024-06-30,2024-07-03,2024-07-04,Air,205,66,4632.31,305732.46,Cloudy,West,Yes,84.8,BlueDart,Traffic,0,1,0
1349,9979.0,4.9,5.0,2024-02-19,2024-02-24,2024-02-23,Sea,879,42,3363.99,141287.58,Rainy,West,No,85.8,DHL,Traffic,1,0,1
1350,7050.0,4.0,9.0,2024-01-08,2024-01-17,2024-01-17,Road,1408,19,1423.51,27046.69,Cloudy,East,No,74.8,EcomExpress,Operational,1,0,1
1351,8629.0,3.7,7.0,2024-04-12,2024-04-19,2024-04-22,Air,753,31,1817.06,56328.86,Rainy,South,No,93.1,FedEx,Traffic,0,0,1
1352,7059.0,4.1,7.0,2024-08-19,2024-08-26,2024-08-28,Road,782,78,3515.93,274242.54,Rainy,East,No,91.4,Delhivery,,0,0,1
1353,8039.0,3.9,8.0,2024-05-07,2024-05-15,2024-05-15,Road,364,43,3108.53,133666.79,Clear,Central,No,73.9,DHL,Operational,1,0,1
1354,7264.0,3.4,10.0,2024-10-09,2024-10-19,2024-10-22,Air,1322,61,1988.73,121312.53,Storm,South,Yes,91.9,FedEx,Operational,0,0,1
1355,7048.0,4.6,10.0,2024-05-07,2024-05-17,2024-05-19,Road,1121,6,2772.63,16635.78,Storm,West,No,73.1,BlueDart,Operational,0,0,1
1356,5857.0,2.9,9.0,2024-08-28,2024-09-06,2024-09-10,Air,62,88,2426.68,213547.84,Rainy,East,Yes,78.0,FedEx,Weather,0,0,1
1357,2524.0,4.6,6.0,2024-10-15,2024-10-21,2024-10-21,Air,785,64,1636.47,104734.08,Rainy,North,Yes,73.4,Delhivery,Weather,1,0,1
1358,2120.0,2.5,6.0,2024-04-25,2024-05-01,2024-05-06,Air,1421,45,2127.92,95756.4,Rainy,North,Yes,82.9,EcomExpress,,0,0,1
1359,5493.0,4.1,6.0,2024-07-19,2024-07-25,2024-07-25,Sea,516,54,3337.97,180250.38,Cloudy,East,No,74.9,FedEx,,1,0,1
1360,3763.0,4.6,5.0,2024-08-06,2024-08-11,2024-08-10,Road,619,49,4931.65,241650.85,Rainy,South,Yes,85.2,DHL,Customs,1,0,1
1361,2384.0,3.1,4.0,2024-10-30,2024-11-03,2024-11-08,Sea,814,66,2836.49,187208.34,Rainy,North,Yes,81.8,BlueDart,Traffic,0,0,1
1362,4589.0,2.7,3.0,2024-06-02,2024-06-05,2024-06-10,Air,1149,74,4431.45,327927.3,Storm,North,No,93.6,FedEx,Weather,0,1,0
1363,9153.0,4.8,6.0,2024-01-06,2024-01-12,2024-01-13,Road,802,90,1194.65,107518.5,Rainy,East,No,96.2,EcomExpress,Weather,0,1,0
1364,1588.0,2.7,4.0,2024-03-10,2024-03-14,2024-03-15,Sea,73,46,2636.31,121270.26,Storm,Central,Yes,96.5,FedEx,Traffic,0,1,0
1365,8636.0,2.7,5.0,2024-08-08,2024-08-13,2024-08-15,Road,708,14,1817.71,25447.94,Cloudy,North,Yes,85.1,BlueDart,Operational,0,0,1
1366,4853.0,4.7,9.0,2024-03-23,2024-04-01,2024-04-06,Sea,624,89,2746.49,244437.61,Clear,East,No,85.8,EcomExpress,Weather,0,1,0
1367,4761.0,2.8,7.0,2024-01-24,2024-01-31,2024-02-02,Air,1164,90,1466.36,131972.4,Clear,South,Yes,90.4,BlueDart,Traffic,0,0,1
1368,9804.0,4.2,8.0,2024-11-26,2024-12-04,2024-12-03,Air,819,27,830.92,22434.84,Storm,Central,No,76.3,FedEx,,1,0,1
1369,9357.0,3.0,6.0,2024-09-05,2024-09-11,2024-09-13,Road,1210,81,4622.7,374438.7,Storm,West,No,89.2,EcomExpress,Weather,0,0,1
1370,7358.0,4.3,10.0,2024-02-03,2024-02-13,2024-02-13,Air,469,18,2246.22,40431.96,Storm,Central,Yes,88.3,Delhivery,Operational,1,1,1
1371,3038.0,4.4,6.0,2024-10-24,2024-10-30,2024-11-03,Air,963,80,1431.07,114485.6,Rainy,East,Yes,70.6,DHL,Customs,0,0,1
1372,7691.0,4.9,7.0,2024-10-02,2024-10-09,2024-10-10,Road,586,41,2974.44,121952.04,Cloudy,West,No,89.8,DHL,Customs,0,0,1
1373,4312.0,2.9,4.0,2024-03-10,2024-03-14,2024-03-19,Sea,683,32,2597.35,83115.2,Cloudy,South,Yes,94.0,Delhivery,Operational,0,1,0
1374,2311.0,3.6,8.0,2024-08-22,2024-08-30,2024-08-30,Road,1252,68,2213.05,150487.4,Clear,West,No,82.6,BlueDart,Customs,1,0,1
1375,6736.0,3.5,9.0,2024-11-10,2024-11-19,2024-11-24,Sea,1067,5,1069.37,5346.85,Rainy,West,Yes,87.5,EcomExpress,,0,1,0
1376,5835.0,2.8,2.0,2024-09-11,2024-09-13,2024-09-17,Sea,321,78,4001.44,312112.32,Clear,West,No,89.5,DHL,Operational,0,0,1
1377,9033.0,4.9,5.0,2024-10-16,2024-10-21,2024-10-21,Air,1373,44,1855.42,81638.48,Cloudy,South,Yes,83.7,BlueDart,,1,0,1
1378,2443.0,4.5,10.0,2024-05-09,2024-05-19,2024-05-23,Sea,108,14,3998.26,55975.64,Cloudy,South,No,74.6,EcomExpress,Traffic,0,0,1
1379,1469.0,4.9,4.0,2024-03-19,2024-03-23,2024-03-25,Sea,948,15,4381.46,65721.9,Rainy,East,Yes,75.0,EcomExpress,Weather,0,0,1
1380,3779.0,4.4,2.0,2024-04-04,2024-04-06,2024-04-07,Sea,108,42,686.84,28847.28,Rainy,Central,Yes,99.3,BlueDart,Weather,0,0,1
1381,1876.0,4.0,9.0,2024-09-24,2024-10-03,2024-10-06,Sea,215,62,598.98,37136.76,Rainy,West,No,86.5,Delhivery,,0,0,1
1382,9074.0,4.1,7.0,2024-08-26,2024-09-02,2024-09-04,Sea,207,98,2139.46,209667.08,Rainy,West,Yes,97.8,EcomExpress,Customs,0,0,1
1383,7566.0,4.2,7.0,2024-08-18,2024-08-25,2024-08-26,Road,466,5,4032.26,20161.3,Cloudy,South,No,71.3,EcomExpress,Operational,0,1,0
1384,7016.0,4.2,5.0,2024-07-09,2024-07-14,2024-07-18,Road,1492,65,310.73,20197.45,Cloudy,East,No,96.2,FedEx,Operational,0,0,1
1385,9880.0,2.6,5.0,2024-06-07,2024-06-12,2024-06-17,Air,1339,8,1429.38,11435.04,Rainy,Central,No,72.1,DHL,,0,0,1
1386,9804.0,2.5,10.0,2024-06-11,2024-06-21,2024-06-26,Road,1083,19,219.61,4172.59,Rainy,North,Yes,89.7,FedEx,Customs,0,0,1
1387,5008.0,2.9,10.0,2024-11-18,2024-11-28,2024-12-03,Air,576,10,1619.9,16199.0,Rainy,East,Yes,82.2,BlueDart,Traffic,0,0,1
1388,7459.0,4.0,10.0,2024-09-20,2024-09-30,2024-09-30,Road,948,97,1632.35,158337.95,Storm,South,Yes,80.7,EcomExpress,Operational,1,0,1
1389,8178.0,4.4,10.0,2024-06-05,2024-06-15,2024-06-16,Air,1166,19,1293.04,24567.76,Clear,West,No,78.1,Delhivery,Weather,0,0,1
1390,8128.0,3.0,4.0,2024-02-03,2024-02-07,2024-02-07,Air,505,98,3900.34,382233.32,Clear,East,No,92.2,BlueDart,,1,1,1
1391,5465.0,4.7,4.0,2024-10-03,2024-10-07,2024-10-07,Road,473,14,4944.47,69222.58,Cloudy,West,Yes,94.5,FedEx,Traffic,1,0,1
1392,1324.0,3.1,9.0,2024-02-05,2024-02-14,2024-02-14,Road,99,40,405.55,16222.0,Clear,West,No,73.7,BlueDart,Customs,1,0,1
1393,2580.0,4.4,4.0,2024-08-23,2024-08-27,2024-08-29,Sea,49,38,750.93,28535.34,Clear,South,Yes,80.9,BlueDart,Traffic,0,0,1
1394,9057.0,2.7,3.0,2024-05-21,2024-05-24,2024-05-23,Air,753,36,1991.72,71701.92,Storm,East,Yes,70.3,Delhivery,Operational,1,0,1
1395,8903.0,4.9,9.0,2024-01-25,2024-02-03,2024-02-07,Road,1047,26,3304.89,85927.14,Rainy,West,Yes,77.3,Delhivery,,0,0,1
1396,8993.0,3.5,2.0,2024-02-25,2024-02-27,2024-03-03,Sea,563,90,2365.26,212873.4,Rainy,East,No,95.3,Delhivery,,0,1,0
1397,1054.0,4.0,10.0,2024-11-08,2024-11-18,2024-11-21,Sea,909,88,1712.91,150736.08,Storm,Central,Yes,77.9,BlueDart,Traffic,0,0,1
1398,9939.0,3.4,3.0,2024-02-12,2024-02-15,2024-02-19,Road,128,89,1967.37,175095.93,Cloudy,Central,No,97.2,DHL,,0,0,1
1399,1582.0,2.9,8.0,2024-01-18,2024-01-26,2024-01-25,Road,276,41,3571.52,146432.32,Rainy,Central,No,95.1,BlueDart,,1,0,1
1400,7196.0,4.9,6.0,2024-02-05,2024-02-11,2024-02-16,Road,602,99,3003.94,297390.06,Clear,Central,Yes,84.0,FedEx,Customs,0,0,1
1401,9150.0,3.1,6.0,2024-03-06,2024-03-12,2024-03-15,Air,318,66,2724.84,179839.44,Cloudy,West,No,87.3,EcomExpress,Weather,0,0,1
1402,1187.0,3.6,5.0,2024-01-15,2024-01-20,2024-01-23,Air,231,80,3165.53,253242.4,Cloudy,South,Yes,92.3,DHL,Traffic,0,0,1
1403,4867.0,2.7,2.0,2024-05-25,2024-05-27,2024-05-31,Sea,1308,40,546.69,21867.6,Clear,South,Yes,91.1,BlueDart,Weather,0,1,0
1404,2236.0,4.4,9.0,2024-08-25,2024-09-03,2024-09-05,Air,448,67,4375.2,293138.4,Cloudy,Central,No,82.1,BlueDart,Traffic,0,1,0
1405,9892.0,2.9,4.0,2024-07-29,2024-08-02,2024-08-04,Sea,1273,85,592.95,50400.75,Clear,North,Yes,75.2,Delhivery,Customs,0,0,1
1406,8428.0,4.7,7.0,2024-01-06,2024-01-13,2024-01-15,Air,617,49,2072.49,101552.01,Storm,West,Yes,77.7,DHL,,0,1,0
1407,8713.0,4.9,3.0,2024-04-06,2024-04-09,2024-04-08,Sea,358,34,499.87,16995.58,Cloudy,Central,No,99.5,DHL,Weather,1,1,1
1408,5676.0,4.7,3.0,2024-11-04,2024-11-07,2024-11-11,Road,1088,11,1535.42,16889.62,Storm,Central,Yes,88.5,FedEx,Traffic,0,0,1
1409,2260.0,3.4,2.0,2024-07-16,2024-07-18,2024-07-21,Air,903,86,2152.04,185075.44,Clear,North,Yes,72.5,FedEx,Customs,0,0,1
1410,8377.0,4.7,7.0,2024-05-11,2024-05-18,2024-05-17,Sea,730,86,3564.85,306577.1,Cloudy,East,No,90.0,DHL,Weather,1,1,1
1411,5567.0,4.5,6.0,2024-04-27,2024-05-03,2024-05-05,Sea,521,69,1436.67,99130.23,Rainy,South,No,80.1,DHL,Customs,0,1,0
1412,7882.0,3.7,8.0,2024-08-22,2024-08-30,2024-09-01,Road,161,98,2243.49,219862.02,Cloudy,Central,No,93.9,FedEx,Traffic,0,0,1
1413,2092.0,3.9,8.0,2024-03-07,2024-03-15,2024-03-15,Sea,287,35,4935.41,172739.35,Storm,South,Yes,74.8,DHL,Operational,1,0,1
1414,2009.0,4.6,6.0,2024-04-02,2024-04-08,2024-04-10,Road,761,6,4849.75,29098.5,Rainy,Central,No,97.8,BlueDart,Customs,0,0,1
1415,5352.0,3.4,7.0,2024-10-30,2024-11-06,2024-11-11,Air,1164,40,2767.47,110698.8,Rainy,Central,No,76.2,Delhivery,,0,0,1
1416,7335.0,2.6,6.0,2024-05-10,2024-05-16,2024-05-17,Road,588,96,3172.23,304534.08,Cloudy,East,No,78.3,EcomExpress,Operational,0,0,1
1417,6417.0,4.9,2.0,2024-06-12,2024-06-14,2024-06-17,Air,919,76,3337.02,253613.52,Storm,South,Yes,76.7,EcomExpress,,0,0,1
1418,8074.0,3.6,7.0,2024-08-09,2024-08-16,2024-08-18,Sea,583,7,919.38,6435.66,Storm,West,Yes,86.4,BlueDart,Weather,0,0,1
1419,5915.0,3.9,4.0,2024-09-27,2024-10-01,2024-10-04,Air,648,88,4207.39,370250.32,Storm,West,No,76.0,EcomExpress,Operational,0,0,1
1420,4925.0,3.4,8.0,2024-04-23,2024-05-01,2024-05-05,Sea,684,80,2959.37,236749.6,Cloudy,Central,Yes,96.7,Delhivery,Customs,0,0,1
1421,4560.0,3.3,9.0,2024-04-01,2024-04-10,2024-04-13,Road,1407,20,1433.63,28672.6,Storm,Central,Yes,86.0,DHL,Weather,0,0,1
1422,1995.0,4.6,8.0,2024-01-22,2024-01-30,2024-02-03,Road,730,78,3214.46,250727.88,Clear,West,Yes,86.2,FedEx,Operational,0,0,1
1423,5726.0,4.8,4.0,2024-08-07,2024-08-11,2024-08-16,Air,503,100,3437.55,343755.0,Cloudy,North,Yes,91.0,DHL,Traffic,0,0,1
1424,9625.0,3.3,3.0,2024-02-15,2024-02-18,2024-02-23,Air,1025,5,2506.23,12531.15,Clear,North,No,77.7,FedEx,Customs,0,0,1
1425,8765.0,4.9,8.0,2024-02-21,2024-02-29,2024-03-04,Road,579,63,4667.69,294064.47,Storm,East,Yes,82.0,EcomExpress,Weather,0,0,1
1426,2866.0,4.9,4.0,2024-03-12,2024-03-16,2024-03-15,Road,231,6,2739.4,16436.4,Cloudy,Central,No,86.0,Delhivery,Operational,1,0,1
1427,5850.0,2.6,6.0,2024-10-03,2024-10-09,2024-10-11,Air,229,79,2056.26,162444.54,Rainy,North,Yes,87.2,DHL,Operational,0,0,1
1428,2644.0,4.9,10.0,2024-02-19,2024-02-29,2024-03-05,Sea,296,3,2362.87,7088.61,Storm,East,Yes,80.7,BlueDart,Weather,0,0,1
1429,6634.0,4.6,3.0,2024-02-11,2024-02-14,2024-02-14,Road,1265,2,545.19,1090.38,Clear,Central,Yes,83.1,DHL,,1,1,1
1430,1738.0,3.0,5.0,2024-03-24,2024-03-29,2024-04-01,Air,292,74,3508.92,259660.08,Cloudy,East,No,94.5,DHL,Traffic,0,1,0
1431,8382.0,3.6,6.0,2024-01-06,2024-01-12,2024-01-14,Air,913,91,1576.38,143450.58,Cloudy,South,Yes,86.2,BlueDart,Customs,0,1,0
1432,5637.0,3.7,7.0,2024-04-30,2024-05-07,2024-05-09,Sea,416,19,2396.68,45536.92,Storm,West,No,90.3,Delhivery,Customs,0,0,1
1433,2456.0,4.9,2.0,2024-10-03,2024-10-05,2024-10-09,Sea,1207,72,2274.54,163766.88,Rainy,East,Yes,92.0,EcomExpress,Operational,0,0,1
1434,8332.0,3.2,9.0,2024-06-02,2024-06-11,2024-06-14,Road,331,20,1785.86,35717.2,Storm,Central,Yes,97.5,FedEx,Traffic,0,1,0
1435,9916.0,3.0,4.0,2024-10-26,2024-10-30,2024-11-03,Air,30,84,4560.74,383102.16,Storm,South,Yes,79.5,BlueDart,Weather,0,1,0
1436,9114.0,2.6,8.0,2024-06-24,2024-07-02,2024-07-04,Sea,589,23,1261.55,29015.65,Storm,West,Yes,94.3,DHL,Traffic,0,0,1
1437,6228.0,2.8,10.0,2024-07-08,2024-07-18,2024-07-17,Sea,949,70,2004.12,140288.4,Storm,East,No,70.4,FedEx,Traffic,1,0,1
1438,7630.0,4.1,6.0,2024-05-05,2024-05-11,2024-05-14,Sea,130,91,2498.6,227372.6,Rainy,West,Yes,78.1,EcomExpress,,0,1,0
1439,9073.0,3.7,9.0,2024-02-15,2024-02-24,2024-02-27,Sea,1139,13,3959.28,51470.64,Clear,North,Yes,91.7,FedEx,Operational,0,0,1
1440,2693.0,2.5,5.0,2024-09-17,2024-09-22,2024-09-21,Sea,585,37,3242.17,119960.29,Rainy,North,Yes,85.2,EcomExpress,Weather,1,0,1
1441,2147.0,4.2,4.0,2024-09-21,2024-09-25,2024-09-29,Air,847,26,4892.49,127204.74,Cloudy,West,No,93.1,BlueDart,Weather,0,1,0
1442,9995.0,4.2,4.0,2024-09-20,2024-09-24,2024-09-26,Air,1197,83,262.6,21795.8,Cloudy,Central,No,95.4,Delhivery,Traffic,0,0,1
1443,2317.0,2.6,4.0,2024-08-27,2024-08-31,2024-09-04,Sea,1472,79,331.79,26211.41,Cloudy,South,Yes,83.9,Delhivery,Operational,0,0,1
1444,5837.0,4.6,2.0,2024-05-23,2024-05-25,2024-05-28,Air,1116,53,4759.51,252254.03,Cloudy,North,Yes,74.3,FedEx,Traffic,0,0,1
1445,1666.0,4.6,4.0,2024-09-11,2024-09-15,2024-09-19,Sea,438,21,4151.93,87190.53,Storm,South,Yes,97.7,Delhivery,Operational,0,0,1
1446,4978.0,2.6,4.0,2024-05-24,2024-05-28,2024-05-28,Air,885,95,4223.26,401209.7,Storm,Central,No,83.5,FedEx,Customs,1,0,1
1447,9232.0,4.9,4.0,2024-05-11,2024-05-15,2024-05-15,Road,1476,7,2929.66,20507.62,Clear,South,No,90.0,EcomExpress,Operational,1,1,1
1448,7674.0,3.4,8.0,2024-06-06,2024-06-14,2024-06-13,Sea,1340,32,1204.58,38546.56,Rainy,North,No,93.9,EcomExpress,Operational,1,0,1
1449,3803.0,4.3,4.0,2024-02-06,2024-02-10,2024-02-14,Sea,607,1,1060.03,1060.03,Clear,North,No,77.8,BlueDart,,0,0,1
1450,8772.0,4.6,8.0,2024-05-03,2024-05-11,2024-05-10,Sea,677,62,3953.28,245103.36,Clear,West,Yes,72.1,Delhivery,Operational,1,0,1
1451,2578.0,4.3,5.0,2024-06-27,2024-07-02,2024-07-06,Sea,1120,77,2014.83,155141.91,Cloudy,East,No,92.5,Delhivery,,0,0,1
1452,6610.0,4.1,5.0,2024-07-09,2024-07-14,2024-07-18,Air,101,35,4624.38,161853.3,Clear,South,No,80.3,DHL,Operational,0,0,1
1453,6271.0,3.4,8.0,2024-04-17,2024-04-25,2024-04-26,Air,758,20,2610.21,52204.2,Clear,East,Yes,75.2,BlueDart,Weather,0,0,1
1454,4622.0,2.9,3.0,2024-11-06,2024-11-09,2024-11-11,Road,1348,26,3772.1,98074.6,Rainy,East,Yes,90.9,BlueDart,Operational,0,0,1
1455,6290.0,2.9,9.0,2024-02-02,2024-02-11,2024-02-10,Air,671,12,2752.97,33035.64,Cloudy,East,Yes,82.7,FedEx,Operational,1,0,1
1456,2717.0,2.8,4.0,2024-11-01,2024-11-05,2024-11-08,Air,300,73,4635.79,338412.67,Rainy,West,No,90.0,BlueDart,Operational,0,0,1
1457,3110.0,4.3,3.0,2024-02-22,2024-02-25,2024-02-27,Air,89,35,4815.36,168537.6,Cloudy,West,No,93.4,DHL,Weather,0,0,1
1458,1612.0,4.8,9.0,2024-09-27,2024-10-06,2024-10-08,Sea,779,9,2252.45,20272.05,Rainy,West,No,90.2,FedEx,Operational,0,0,1
1459,8433.0,3.7,2.0,2024-04-08,2024-04-10,2024-04-12,Road,1230,11,4546.94,50016.34,Clear,South,No,85.8,EcomExpress,Operational,0,0,1
1460,3825.0,3.1,4.0,2024-05-06,2024-05-10,2024-05-09,Road,1057,53,4490.4,237991.2,Cloudy,South,Yes,96.2,DHL,Operational,1,0,1
1461,8870.0,4.6,6.0,2024-11-01,2024-11-07,2024-11-10,Air,1416,72,2301.12,165680.64,Cloudy,North,Yes,90.3,Delhivery,Traffic,0,0,1
1462,1291.0,4.5,4.0,2024-04-16,2024-04-20,2024-04-22,Air,944,62,3608.24,223710.88,Storm,West,No,85.0,Delhivery,Operational,0,0,1
1463,5780.0,3.9,6.0,2024-09-25,2024-10-01,2024-10-03,Air,903,88,4957.37,436248.56,Cloudy,Central,No,94.6,FedEx,Traffic,0,0,1
1464,5355.0,4.7,4.0,2024-05-26,2024-05-30,2024-06-02,Sea,787,5,708.66,3543.3,Rainy,West,Yes,87.7,BlueDart,Weather,0,1,0
1465,9740.0,3.1,4.0,2024-08-26,2024-08-30,2024-09-04,Sea,1113,60,2204.22,132253.2,Storm,Central,Yes,98.2,DHL,Traffic,0,0,1
1466,4535.0,3.3,6.0,2024-09-26,2024-10-02,2024-10-05,Sea,86,97,848.36,82290.92,Clear,East,Yes,83.0,DHL,Operational,0,0,1
1467,3801.0,2.9,7.0,2024-06-25,2024-07-02,2024-07-06,Sea,1489,28,4268.94,119530.32,Rainy,West,No,86.3,FedEx,Traffic,0,0,1
1468,9389.0,2.9,10.0,2024-11-09,2024-11-19,2024-11-22,Air,1299,68,884.04,60114.72,Rainy,West,Yes,97.1,DHL,Operational,0,1,0
1469,1232.0,5.0,8.0,2024-09-18,2024-09-26,2024-10-01,Road,906,59,3334.56,196739.04,Cloudy,South,No,75.7,Delhivery,Operational,0,0,1
1470,1165.0,4.6,8.0,2024-01-06,2024-01-14,2024-01-18,Air,297,67,2149.45,144013.15,Clear,South,Yes,85.8,Delhivery,,0,1,0
1471,6048.0,4.5,10.0,2024-11-22,2024-12-02,2024-12-03,Road,549,41,1420.37,58235.17,Storm,East,No,84.3,BlueDart,Traffic,0,0,1
1472,5505.0,2.8,8.0,2024-01-27,2024-02-04,2024-02-07,Air,1481,45,3576.49,160942.05,Rainy,West,Yes,92.7,EcomExpress,Customs,0,1,0
1473,9063.0,4.5,7.0,2024-11-14,2024-11-21,2024-11-20,Sea,269,3,2907.21,8721.63,Storm,South,No,87.4,BlueDart,Traffic,1,0,1
1474,4342.0,5.0,3.0,2024-03-26,2024-03-29,2024-03-31,Air,23,90,3860.21,347418.9,Cloudy,South,Yes,87.5,DHL,Operational,0,0,1
1475,6058.0,3.4,8.0,2024-09-17,2024-09-25,2024-09-26,Air,696,52,3107.86,161608.72,Rainy,North,Yes,95.3,Delhivery,Customs,0,0,1
1476,3692.0,3.1,10.0,2024-03-10,2024-03-20,2024-03-19,Air,649,100,3387.7,338770.0,Rainy,South,No,97.8,FedEx,Customs,1,1,1
1477,7620.0,4.2,2.0,2024-09-06,2024-09-08,2024-09-11,Air,1096,98,2203.69,215961.62,Storm,Central,Yes,89.3,EcomExpress,,0,0,1
1478,2685.0,4.4,4.0,2024-01-17,2024-01-21,2024-01-20,Road,907,11,1639.2,18031.2,Cloudy,Central,Yes,97.8,Delhivery,Customs,1,0,1
1479,4224.0,4.2,10.0,2024-02-24,2024-03-05,2024-03-10,Air,1375,61,4862.95,296639.95,Rainy,South,No,76.0,Delhivery,Traffic,0,1,0
1480,3189.0,4.4,10.0,2024-02-28,2024-03-09,2024-03-12,Sea,1236,17,3684.22,62631.74,Rainy,North,Yes,73.9,DHL,Operational,0,0,1
1481,1150.0,4.1,4.0,2024-07-11,2024-07-15,2024-07-19,Sea,752,19,1086.78,20648.82,Clear,North,Yes,94.6,Delhivery,Traffic,0,0,1
1482,9013.0,4.8,10.0,2024-03-03,2024-03-13,2024-03-14,Road,231,31,2529.74,78421.94,Storm,Central,Yes,79.9,Delhivery,Operational,0,1,0
1483,2276.0,4.2,9.0,2024-06-22,2024-07-01,2024-07-03,Air,38,85,958.67,81486.95,Cloudy,North,No,71.8,EcomExpress,,0,1,0
1484,7423.0,3.6,4.0,2024-03-20,2024-03-24,2024-03-26,Air,692,34,4016.66,136566.44,Rainy,East,Yes,94.6,DHL,Traffic,0,0,1
1485,2054.0,3.8,3.0,2024-11-02,2024-11-05,2024-11-10,Air,678,34,1759.81,59833.54,Rainy,Central,Yes,91.5,BlueDart,,0,1,0
1486,7396.0,3.2,10.0,2024-04-24,2024-05-04,2024-05-03,Road,582,17,2890.57,49139.69,Cloudy,South,Yes,96.9,DHL,,1,0,1
1487,1504.0,3.9,4.0,2024-09-18,2024-09-22,2024-09-22,Sea,158,35,3378.41,118244.35,Rainy,South,No,94.8,EcomExpress,Weather,1,0,1
1488,9733.0,3.3,5.0,2024-03-31,2024-04-05,2024-04-09,Sea,50,5,2293.35,11466.75,Clear,West,Yes,88.9,EcomExpress,,0,1,0
1489,9818.0,3.9,5.0,2024-05-17,2024-05-22,2024-05-24,Air,1042,78,2049.78,159882.84,Clear,East,No,98.1,Delhivery,,0,0,1
1490,1050.0,4.1,7.0,2024-07-30,2024-08-06,2024-08-08,Air,1048,43,4344.47,186812.21,Rainy,West,No,95.5,DHL,Operational,0,0,1
1491,2361.0,4.1,10.0,2024-11-26,2024-12-06,2024-12-10,Air,1406,37,760.82,28150.34,Clear,West,Yes,91.0,DHL,,0,0,1
1492,3035.0,2.8,7.0,2024-09-02,2024-09-09,2024-09-10,Sea,145,18,889.84,16017.12,Storm,North,No,93.9,Delhivery,Weather,0,0,1
1493,1160.0,3.2,4.0,2024-10-12,2024-10-16,2024-10-16,Sea,367,96,2042.13,196044.48,Clear,East,Yes,84.1,BlueDart,Customs,1,1,1
1494,6219.0,4.3,3.0,2024-07-11,2024-07-14,2024-07-13,Air,1322,76,3547.27,269592.52,Rainy,South,Yes,98.4,EcomExpress,Traffic,1,0,1
1495,4342.0,4.5,9.0,2024-04-11,2024-04-20,2024-04-25,Road,1234,25,694.3,17357.5,Clear,Central,No,84.9,EcomExpress,Weather,0,0,1
1496,7581.0,4.1,2.0,2024-11-02,2024-11-04,2024-11-04,Road,585,57,501.06,28560.42,Clear,South,No,86.8,Delhivery,Weather,1,1,1
1497,8682.0,3.0,3.0,2024-11-12,2024-11-15,2024-11-16,Air,555,4,2916.31,11665.24,Cloudy,South,No,86.4,Delhivery,,0,0,1
1498,1748.0,4.7,9.0,2024-01-30,2024-02-08,2024-02-13,Sea,1191,13,4271.46,55528.98,Cloudy,West,Yes,83.3,EcomExpress,Customs,0,0,1
1499,6972.0,3.2,5.0,2024-11-19,2024-11-24,2024-11-25,Road,298,84,259.99,21839.16,Rainy,North,No,75.5,Delhivery,Customs,0,0,1
1500,9868.0,3.0,5.0,2024-08-16,2024-08-21,2024-08-21,Sea,1459,2,2164.19,4328.38,Clear,West,Yes,95.6,FedEx,Weather,1,0,1
1501,8405.0,3.8,10.0,2024-08-13,2024-08-23,2024-08-22,Road,1309,68,1013.08,68889.44,Storm,Central,Yes,88.8,Delhivery,Operational,1,0,1
1502,9818.0,2.6,8.0,2024-08-10,2024-08-18,2024-08-18,Air,1477,37,2682.5,99252.5,Storm,East,Yes,77.4,DHL,Traffic,1,1,1
1503,4641.0,2.6,7.0,2024-05-24,2024-05-31,2024-06-02,Air,1200,49,1186.1,58118.9,Clear,East,Yes,84.9,EcomExpress,Customs,0,0,1
1504,9112.0,3.4,2.0,2024-08-17,2024-08-19,2024-08-22,Sea,613,69,1346.04,92876.76,Rainy,North,No,97.8,DHL,Weather,0,1,0
1505,9503.0,3.9,3.0,2024-09-20,2024-09-23,2024-09-27,Sea,982,66,4510.52,297694.32,Storm,North,No,84.7,EcomExpress,,0,0,1
1506,8510.0,4.7,5.0,2024-04-12,2024-04-17,2024-04-17,Road,990,32,3687.97,118015.04,Rainy,South,Yes,79.5,BlueDart,Traffic,1,0,1
1507,5909.0,3.7,6.0,2024-06-23,2024-06-29,2024-07-03,Air,1064,1,2262.56,2262.56,Cloudy,Central,No,72.4,DHL,,0,1,0
1508,9114.0,3.0,6.0,2024-08-12,2024-08-18,2024-08-20,Road,1429,35,4994.15,174795.25,Storm,East,Yes,87.6,BlueDart,Traffic,0,0,1
1509,4946.0,3.7,7.0,2024-05-25,2024-06-01,2024-05-31,Sea,25,90,1046.31,94167.9,Cloudy,West,No,77.0,Delhivery,Customs,1,1,1
1510,3970.0,3.0,4.0,2024-11-15,2024-11-19,2024-11-21,Road,792,8,4510.56,36084.48,Clear,East,No,96.3,DHL,Operational,0,0,1
1511,7665.0,4.9,2.0,2024-02-17,2024-02-19,2024-02-23,Road,285,77,4147.68,319371.36,Storm,Central,No,88.8,FedEx,Operational,0,1,0
1512,2050.0,3.7,7.0,2024-08-24,2024-08-31,2024-09-05,Road,1349,79,2165.4,171066.6,Clear,East,No,87.0,FedEx,Weather,0,1,0
1513,1243.0,3.4,3.0,2024-09-30,2024-10-03,2024-10-05,Sea,1455,51,3576.37,182394.87,Clear,South,Yes,98.3,FedEx,,0,0,1
1514,4787.0,3.2,5.0,2024-05-24,2024-05-29,2024-05-30,Air,124,49,2496.7,122338.3,Cloudy,North,No,73.8,DHL,Operational,0,0,1
1515,9501.0,4.3,8.0,2024-03-11,2024-03-19,2024-03-23,Air,1393,34,511.21,17381.14,Rainy,Central,Yes,92.3,Delhivery,Weather,0,0,1
1516,2988.0,3.2,7.0,2024-04-16,2024-04-23,2024-04-25,Road,847,59,671.34,39609.06,Storm,South,No,85.0,FedEx,Operational,0,0,1
1517,8422.0,4.7,4.0,2024-01-24,2024-01-28,2024-01-30,Air,1031,22,190.9,4199.8,Rainy,South,Yes,81.2,Delhivery,Traffic,0,0,1
1518,2090.0,3.0,8.0,2024-10-04,2024-10-12,2024-10-12,Road,267,40,2325.09,93003.6,Rainy,South,No,83.2,BlueDart,Traffic,1,0,1
1519,1734.0,4.4,10.0,2024-07-11,2024-07-21,2024-07-22,Air,54,28,4201.11,117631.08,Cloudy,South,No,70.3,Delhivery,Customs,0,0,1
1520,7142.0,4.1,6.0,2024-02-01,2024-02-07,2024-02-11,Sea,637,34,4318.29,146821.86,Cloudy,Central,Yes,81.8,EcomExpress,Traffic,0,0,1
1521,2475.0,3.7,4.0,2024-01-24,2024-01-28,2024-02-01,Road,604,40,195.1,7804.0,Cloudy,North,Yes,92.6,Delhivery,,0,0,1
1522,9916.0,2.6,9.0,2024-05-14,2024-05-23,2024-05-26,Road,553,36,4641.33,167087.88,Clear,East,No,94.7,BlueDart,Weather,0,0,1
1523,3510.0,4.2,9.0,2024-05-28,2024-06-06,2024-06-09,Air,763,26,4055.14,105433.64,Rainy,South,No,73.5,BlueDart,Customs,0,0,1
1524,4100.0,2.7,9.0,2024-07-16,2024-07-25,2024-07-25,Air,868,53,1148.82,60887.46,Cloudy,North,Yes,87.6,BlueDart,Customs,1,0,1
1525,1978.0,3.8,10.0,2024-04-06,2024-04-16,2024-04-19,Road,864,95,536.86,51001.7,Cloudy,West,No,87.8,DHL,Traffic,0,1,0
1526,1086.0,2.5,9.0,2024-07-08,2024-07-17,2024-07-21,Sea,793,25,2361.84,59046.0,Clear,North,No,92.9,FedEx,Weather,0,0,1
1527,5416.0,5.0,2.0,2024-03-12,2024-03-14,2024-03-15,Road,807,56,1135.99,63615.44,Cloudy,East,No,91.9,Delhivery,Traffic,0,0,1
1528,2450.0,3.0,3.0,2024-11-17,2024-11-20,2024-11-19,Road,644,20,941.39,18827.8,Cloudy,South,No,73.8,FedEx,,1,1,1
1529,5504.0,3.7,9.0,2024-10-28,2024-11-06,2024-11-05,Air,1041,29,2925.86,84849.94,Rainy,South,Yes,75.6,FedEx,Weather,1,0,1
1530,2189.0,4.4,10.0,2024-08-04,2024-08-14,2024-08-14,Road,1265,46,3334.24,153375.04,Cloudy,East,No,90.2,Delhivery,Operational,1,1,1
1531,9118.0,3.7,8.0,2024-01-12,2024-01-20,2024-01-19,Road,38,41,1035.07,42437.87,Cloudy,East,Yes,78.2,Delhivery,,1,0,1
1532,8604.0,2.7,7.0,2024-07-29,2024-08-05,2024-08-04,Road,1356,90,2499.5,224955.0,Clear,West,Yes,94.0,EcomExpress,Weather,1,0,1
1533,4496.0,4.3,10.0,2024-07-04,2024-07-14,2024-07-13,Road,450,56,2279.76,127666.56,Storm,West,Yes,72.9,Delhivery,Customs,1,0,1
1534,9224.0,2.8,2.0,2024-01-23,2024-01-25,2024-01-28,Road,1491,6,3311.44,19868.64,Rainy,South,Yes,89.5,FedEx,Traffic,0,0,1
1535,3951.0,4.3,5.0,2024-06-17,2024-06-22,2024-06-27,Sea,1175,77,1678.21,129222.17,Rainy,South,No,74.8,Delhivery,Customs,0,0,1
1536,1532.0,4.2,7.0,2024-09-03,2024-09-10,2024-09-12,Sea,98,85,3594.71,305550.35,Storm,Central,Yes,99.9,BlueDart,Operational,0,0,1
1537,3524.0,4.9,8.0,2024-11-18,2024-11-26,2024-11-29,Road,835,28,4341.99,121575.72,Cloudy,East,No,78.7,BlueDart,Traffic,0,0,1
1538,5349.0,2.9,5.0,2024-06-04,2024-06-09,2024-06-09,Road,547,81,4873.63,394764.03,Cloudy,North,Yes,86.7,FedEx,Operational,1,0,1
1539,9543.0,3.2,3.0,2024-07-03,2024-07-06,2024-07-07,Sea,594,11,2473.25,27205.75,Rainy,West,Yes,80.7,BlueDart,Weather,0,0,1
1540,4361.0,5.0,9.0,2024-11-05,2024-11-14,2024-11-17,Air,909,90,4167.4,375066.0,Clear,North,No,91.0,FedEx,Operational,0,0,1
1541,9342.0,3.8,6.0,2024-02-10,2024-02-16,2024-02-17,Air,1044,20,1751.13,35022.6,Clear,North,No,99.8,BlueDart,Weather,0,1,0
1542,6428.0,4.3,5.0,2024-11-24,2024-11-29,2024-11-29,Air,584,46,3365.86,154829.56,Storm,East,Yes,83.7,FedEx,Weather,1,1,1
1543,4859.0,4.7,8.0,2024-11-16,2024-11-24,2024-11-26,Sea,1007,18,3564.26,64156.68,Storm,North,Yes,79.4,BlueDart,Operational,0,1,0
1544,9970.0,3.0,2.0,2024-03-24,2024-03-26,2024-03-28,Sea,698,97,3242.27,314500.19,Storm,North,No,98.4,BlueDart,Weather,0,1,0
1545,1084.0,2.9,8.0,2024-03-23,2024-03-31,2024-03-30,Air,483,50,4518.33,225916.5,Cloudy,West,Yes,77.0,Delhivery,Traffic,1,1,1
1546,2234.0,4.3,2.0,2024-08-01,2024-08-03,2024-08-04,Road,326,42,2660.4,111736.8,Cloudy,North,Yes,70.3,FedEx,Weather,0,0,1
1547,9764.0,3.7,7.0,2024-11-20,2024-11-27,2024-12-02,Road,450,42,3829.24,160828.08,Rainy,South,Yes,87.8,BlueDart,Traffic,0,0,1
1548,2208.0,2.6,7.0,2024-02-09,2024-02-16,2024-02-18,Air,394,57,4908.28,279771.96,Rainy,West,Yes,82.2,DHL,Customs,0,0,1
1549,9113.0,4.8,4.0,2024-11-09,2024-11-13,2024-11-17,Road,1499,77,4797.97,369443.69,Rainy,West,Yes,95.9,FedEx,Operational,0,1,0
1550,3971.0,4.8,9.0,2024-07-16,2024-07-25,2024-07-28,Sea,397,71,1628.89,115651.19,Clear,South,Yes,80.1,DHL,Weather,0,0,1
1551,6393.0,3.2,9.0,2024-07-28,2024-08-06,2024-08-11,Air,1178,55,2089.69,114932.95,Clear,West,No,91.5,Delhivery,Customs,0,1,0
1552,8573.0,3.7,9.0,2024-09-24,2024-10-03,2024-10-03,Air,777,9,1161.16,10450.44,Cloudy,Central,No,71.1,FedEx,Weather,1,0,1
1553,4602.0,4.7,8.0,2024-01-16,2024-01-24,2024-01-27,Road,535,26,4794.54,124658.04,Rainy,West,Yes,71.7,Delhivery,,0,0,1
1554,1162.0,3.1,9.0,2024-06-23,2024-07-02,2024-07-06,Air,533,45,3728.23,167770.35,Clear,Central,No,99.6,EcomExpress,Traffic,0,1,0
1555,4414.0,3.1,7.0,2024-05-05,2024-05-12,2024-05-13,Road,280,11,3904.47,42949.17,Storm,North,No,86.5,DHL,,0,1,0
1556,8737.0,4.2,9.0,2024-07-26,2024-08-04,2024-08-08,Road,530,90,622.52,56026.8,Storm,North,No,85.6,DHL,Customs,0,0,1
1557,8976.0,2.9,3.0,2024-11-03,2024-11-06,2024-11-07,Sea,1492,82,2447.57,200700.74,Rainy,West,No,81.2,DHL,Customs,0,1,0
1558,9571.0,4.1,6.0,2024-10-23,2024-10-29,2024-11-01,Sea,764,10,4209.25,42092.5,Clear,Central,No,77.2,Delhivery,Operational,0,0,1
1559,3370.0,3.2,7.0,2024-09-05,2024-09-12,2024-09-14,Road,878,30,2163.9,64917.0,Rainy,Central,Yes,92.3,BlueDart,Customs,0,0,1
1560,8227.0,3.0,10.0,2024-05-01,2024-05-11,2024-05-13,Road,1444,41,3053.81,125206.21,Storm,West,No,92.0,FedEx,Traffic,0,0,1
1561,1649.0,4.2,4.0,2024-04-25,2024-04-29,2024-05-01,Air,952,77,1615.46,124390.42,Storm,Central,No,95.3,FedEx,Customs,0,0,1
1562,8401.0,3.6,4.0,2024-02-14,2024-02-18,2024-02-22,Sea,1074,62,2952.38,183047.56,Rainy,North,No,86.6,BlueDart,Operational,0,0,1
1563,9655.0,3.6,10.0,2024-11-23,2024-12-03,2024-12-02,Road,1251,7,2963.68,20745.76,Storm,East,Yes,78.9,BlueDart,Operational,1,1,1
1564,2741.0,3.1,2.0,2024-01-04,2024-01-06,2024-01-08,Road,328,14,3428.95,48005.3,Storm,Central,Yes,98.4,FedEx,Traffic,0,0,1
1565,1225.0,4.1,6.0,2024-02-11,2024-02-17,2024-02-16,Road,755,83,4633.08,384545.64,Cloudy,Central,No,76.0,FedEx,Weather,1,1,1
1566,1338.0,4.3,3.0,2024-09-17,2024-09-20,2024-09-25,Sea,760,40,338.59,13543.6,Rainy,West,No,80.2,DHL,Weather,0,0,1
1567,9426.0,2.8,6.0,2024-09-13,2024-09-19,2024-09-24,Road,194,11,3581.09,39391.99,Cloudy,Central,Yes,86.7,DHL,,0,0,1
1568,9775.0,4.9,4.0,2024-09-12,2024-09-16,2024-09-21,Air,736,64,4557.69,291692.16,Cloudy,North,Yes,83.5,EcomExpress,,0,0,1
1569,4587.0,4.0,10.0,2024-10-10,2024-10-20,2024-10-23,Sea,1443,31,2531.64,78480.84,Clear,Central,Yes,77.4,DHL,Customs,0,0,1
1570,9416.0,3.4,9.0,2024-04-18,2024-04-27,2024-04-26,Air,969,18,3229.11,58123.98,Storm,South,No,70.3,BlueDart,Weather,1,0,1
1571,9413.0,4.0,7.0,2024-01-08,2024-01-15,2024-01-19,Sea,1132,24,2479.75,59514.0,Rainy,West,No,87.1,EcomExpress,Traffic,0,0,1
1572,3159.0,2.8,8.0,2024-02-26,2024-03-05,2024-03-08,Air,1391,98,827.15,81060.7,Cloudy,Central,Yes,99.6,EcomExpress,,0,0,1
1573,7110.0,2.9,3.0,2024-08-21,2024-08-24,2024-08-29,Air,24,64,162.51,10400.64,Clear,South,Yes,80.1,Delhivery,Traffic,0,0,1
1574,8386.0,3.6,7.0,2024-02-27,2024-03-05,2024-03-08,Air,1352,13,4937.37,64185.81,Cloudy,West,Yes,85.4,DHL,,0,0,1
1575,7751.0,4.0,6.0,2024-11-08,2024-11-14,2024-11-17,Road,53,74,3443.27,254801.98,Clear,Central,Yes,71.6,FedEx,,0,0,1
1576,7238.0,3.3,4.0,2024-11-06,2024-11-10,2024-11-15,Road,1457,5,1902.43,9512.15,Clear,West,Yes,77.1,BlueDart,Traffic,0,0,1
1577,2576.0,2.8,3.0,2024-10-01,2024-10-04,2024-10-06,Air,452,95,4364.13,414592.35,Clear,North,Yes,75.6,FedEx,Operational,0,0,1
1578,3706.0,4.3,2.0,2024-05-16,2024-05-18,2024-05-17,Sea,775,10,4602.86,46028.6,Cloudy,South,No,86.0,BlueDart,Weather,1,0,1
1579,1438.0,5.0,3.0,2024-09-13,2024-09-16,2024-09-19,Sea,862,97,3120.66,302704.02,Rainy,East,Yes,82.7,FedEx,Operational,0,0,1
1580,4376.0,3.7,10.0,2024-07-04,2024-07-14,2024-07-18,Air,658,51,2603.99,132803.49,Clear,West,Yes,87.5,BlueDart,,0,0,1
1581,9055.0,4.0,4.0,2024-03-20,2024-03-24,2024-03-28,Road,1291,76,1913.26,145407.76,Clear,Central,No,73.7,BlueDart,Operational,0,0,1
1582,4318.0,4.1,4.0,2024-03-20,2024-03-24,2024-03-23,Air,123,80,2914.71,233176.8,Clear,North,No,82.7,Delhivery,Weather,1,0,1
1583,4366.0,2.6,3.0,2024-01-23,2024-01-26,2024-01-30,Road,1459,58,4715.74,273512.92,Cloudy,West,Yes,82.9,BlueDart,Traffic,0,0,1
1584,9522.0,2.8,5.0,2024-06-16,2024-06-21,2024-06-21,Sea,1219,15,3512.09,52681.35,Storm,East,No,86.5,EcomExpress,Customs,1,1,1
1585,4037.0,3.0,8.0,2024-03-17,2024-03-25,2024-03-29,Road,1014,28,1686.34,47217.52,Storm,West,Yes,93.0,EcomExpress,Weather,0,1,0
1586,8995.0,3.5,7.0,2024-01-03,2024-01-10,2024-01-09,Road,1177,35,4953.83,173384.05,Storm,North,Yes,92.2,DHL,Traffic,1,0,1
1587,7518.0,3.4,8.0,2024-05-10,2024-05-18,2024-05-20,Road,1167,68,1848.16,125674.88,Rainy,West,Yes,88.9,Delhivery,Customs,0,0,1
1588,6087.0,3.9,4.0,2024-06-18,2024-06-22,2024-06-23,Air,1127,90,1188.71,106983.9,Cloudy,South,Yes,92.9,FedEx,Customs,0,0,1
1589,4109.0,4.3,10.0,2024-07-05,2024-07-15,2024-07-17,Sea,348,76,217.88,16558.88,Rainy,Central,No,76.5,Delhivery,Traffic,0,0,1
1590,7782.0,2.6,5.0,2024-10-03,2024-10-08,2024-10-09,Sea,1342,77,1293.29,99583.33,Storm,South,Yes,79.8,BlueDart,Operational,0,0,1
1591,6619.0,2.8,5.0,2024-07-04,2024-07-09,2024-07-11,Air,1011,46,678.54,31212.84,Clear,South,No,90.6,DHL,Operational,0,0,1
1592,5331.0,3.5,3.0,2024-06-23,2024-06-26,2024-07-01,Air,1034,15,1536.44,23046.6,Clear,East,Yes,83.1,Delhivery,Weather,0,1,0
1593,8238.0,4.3,2.0,2024-04-25,2024-04-27,2024-05-02,Sea,1500,68,1453.94,98867.92,Cloudy,Central,Yes,88.5,EcomExpress,,0,0,1
1594,5334.0,4.3,10.0,2024-03-13,2024-03-23,2024-03-22,Road,1255,5,3729.68,18648.4,Clear,Central,No,70.2,Delhivery,Weather,1,0,1
1595,2144.0,3.4,5.0,2024-04-11,2024-04-16,2024-04-21,Air,1062,66,1328.14,87657.24,Cloudy,East,No,71.0,BlueDart,Operational,0,0,1
1596,5951.0,3.7,8.0,2024-01-09,2024-01-17,2024-01-22,Sea,1221,68,3928.1,267110.8,Rainy,South,Yes,95.6,FedEx,Customs,0,0,1
1597,5552.0,4.8,9.0,2024-06-27,2024-07-06,2024-07-08,Air,60,12,248.62,2983.44,Storm,Central,Yes,99.7,EcomExpress,Weather,0,0,1
1598,5250.0,4.7,10.0,2024-11-07,2024-11-17,2024-11-16,Sea,910,54,4463.89,241050.06,Rainy,West,Yes,89.4,Delhivery,Customs,1,0,1
1599,5171.0,3.0,4.0,2024-01-12,2024-01-16,2024-01-17,Road,936,90,1551.3,139617.0,Rainy,West,Yes,94.4,DHL,Operational,0,0,1
1600,2916.0,3.7,5.0,2024-06-06,2024-06-11,2024-06-10,Road,1314,8,2482.4,19859.2,Storm,South,Yes,85.8,Delhivery,,1,0,1
1601,2839.0,4.3,8.0,2024-06-04,2024-06-12,2024-06-11,Sea,26,61,2685.43,163811.23,Storm,Central,Yes,88.8,EcomExpress,Operational,1,0,1
1602,9607.0,4.4,5.0,2024-07-07,2024-07-12,2024-07-12,Air,936,80,4684.66,374772.8,Clear,South,Yes,86.9,FedEx,Weather,1,1,1
1603,4416.0,2.9,8.0,2024-07-06,2024-07-14,2024-07-18,Sea,22,94,836.11,78594.34,Storm,North,No,91.2,BlueDart,,0,1,0
1604,9792.0,4.0,3.0,2024-04-28,2024-05-01,2024-05-03,Air,1272,13,3146.48,40904.24,Rainy,East,Yes,71.0,EcomExpress,Weather,0,1,0
1605,8980.0,3.2,8.0,2024-03-08,2024-03-16,2024-03-20,Road,497,69,3490.67,240856.23,Rainy,North,Yes,94.8,EcomExpress,Traffic,0,0,1
1606,4533.0,3.7,4.0,2024-03-18,2024-03-22,2024-03-22,Air,828,37,2142.77,79282.49,Cloudy,North,Yes,70.9,FedEx,Operational,1,0,1
1607,3932.0,4.7,8.0,2024-08-20,2024-08-28,2024-08-28,Sea,347,66,1546.97,102100.02,Cloudy,South,Yes,87.0,BlueDart,Traffic,1,0,1
1608,3361.0,2.9,10.0,2024-02-26,2024-03-07,2024-03-07,Sea,1124,89,3845.88,342283.32,Cloudy,Central,No,91.2,DHL,Operational,1,0,1
1609,7371.0,4.6,6.0,2024-08-19,2024-08-25,2024-08-30,Air,976,15,857.96,12869.4,Cloudy,East,Yes,81.1,DHL,Weather,0,0,1
1610,4390.0,3.0,8.0,2024-03-02,2024-03-10,2024-03-14,Sea,91,60,3770.31,226218.6,Rainy,Central,Yes,78.6,DHL,Traffic,0,1,0
1611,7649.0,2.7,9.0,2024-09-05,2024-09-14,2024-09-17,Air,1196,92,2941.23,270593.16,Clear,Central,Yes,71.6,FedEx,Weather,0,0,1
1612,5582.0,2.6,3.0,2024-02-07,2024-02-10,2024-02-12,Air,747,57,4947.97,282034.29,Clear,East,Yes,70.4,Delhivery,Weather,0,0,1
1613,4968.0,3.9,5.0,2024-07-24,2024-07-29,2024-07-31,Sea,946,81,4064.77,329246.37,Storm,West,No,75.1,EcomExpress,Weather,0,0,1
1614,5296.0,3.3,2.0,2024-09-20,2024-09-22,2024-09-24,Sea,339,96,715.88,68724.48,Rainy,North,Yes,95.4,EcomExpress,Weather,0,0,1
1615,8951.0,3.4,9.0,2024-07-08,2024-07-17,2024-07-16,Road,1221,36,539.61,19425.96,Storm,East,Yes,72.8,DHL,Traffic,1,0,1
1616,4361.0,4.4,6.0,2024-05-09,2024-05-15,2024-05-17,Air,66,38,1758.38,66818.44,Clear,South,No,92.6,EcomExpress,Customs,0,0,1
1617,7147.0,4.0,10.0,2024-09-17,2024-09-27,2024-10-02,Sea,1484,5,4526.24,22631.2,Clear,East,Yes,95.0,FedEx,Customs,0,0,1
1618,9638.0,3.7,8.0,2024-02-23,2024-03-02,2024-03-01,Air,718,90,568.63,51176.7,Cloudy,West,Yes,95.0,DHL,Traffic,1,0,1
1619,9299.0,4.8,3.0,2024-07-26,2024-07-29,2024-08-01,Road,186,30,3614.98,108449.4,Cloudy,East,No,80.3,FedEx,Operational,0,0,1
1620,2002.0,4.6,5.0,2024-06-25,2024-06-30,2024-07-03,Sea,1079,57,4659.62,265598.34,Cloudy,Central,No,88.3,FedEx,Weather,0,0,1
1621,8412.0,3.3,4.0,2024-01-07,2024-01-11,2024-01-11,Air,72,5,825.29,4126.45,Storm,East,Yes,82.9,FedEx,Operational,1,1,1
1622,8798.0,2.9,10.0,2024-03-26,2024-04-05,2024-04-06,Sea,753,61,4360.17,265970.37,Cloudy,Central,Yes,86.8,DHL,Traffic,0,0,1
1623,2859.0,3.2,8.0,2024-01-22,2024-01-30,2024-02-04,Road,672,92,276.01,25392.92,Clear,East,No,79.2,DHL,,0,0,1
1624,6563.0,4.3,6.0,2024-06-21,2024-06-27,2024-06-27,Road,576,40,4124.31,164972.4,Rainy,Central,No,77.8,Delhivery,Traffic,1,0,1
1625,1349.0,3.6,7.0,2024-07-08,2024-07-15,2024-07-18,Air,718,47,355.05,16687.35,Cloudy,East,Yes,98.7,EcomExpress,Weather,0,0,1
1626,8297.0,4.7,7.0,2024-11-11,2024-11-18,2024-11-21,Air,1265,40,3633.08,145323.2,Clear,East,Yes,78.2,FedEx,Customs,0,0,1
1627,1216.0,3.3,2.0,2024-07-03,2024-07-05,2024-07-06,Road,57,74,1852.11,137056.14,Rainy,Central,No,86.2,EcomExpress,Customs,0,0,1
1628,9958.0,4.1,6.0,2024-05-13,2024-05-19,2024-05-20,Road,723,76,725.06,55104.56,Clear,Central,Yes,76.1,EcomExpress,Traffic,0,0,1
1629,1621.0,3.9,7.0,2024-10-27,2024-11-03,2024-11-02,Sea,1439,1,2146.5,2146.5,Rainy,South,No,98.2,DHL,,1,1,1
1630,3073.0,2.7,6.0,2024-10-29,2024-11-04,2024-11-08,Road,292,25,1740.4,43510.0,Clear,East,Yes,95.3,BlueDart,Weather,0,0,1
1631,5266.0,3.0,9.0,2024-08-05,2024-08-14,2024-08-17,Sea,1161,4,808.4,3233.6,Cloudy,West,Yes,77.4,FedEx,Traffic,0,0,1
1632,6888.0,4.0,9.0,2024-09-10,2024-09-19,2024-09-19,Sea,1490,84,3574.5,300258.0,Cloudy,Central,No,71.6,Delhivery,Traffic,1,0,1
1633,4325.0,3.6,9.0,2024-01-27,2024-02-05,2024-02-07,Air,312,60,3756.79,225407.4,Storm,South,Yes,86.4,FedEx,Weather,0,1,0
1634,6388.0,4.7,8.0,2024-01-22,2024-01-30,2024-02-04,Sea,401,86,3524.44,303101.84,Clear,West,No,85.5,Delhivery,Customs,0,0,1
1635,8107.0,3.5,7.0,2024-10-12,2024-10-19,2024-10-20,Air,853,67,2072.88,138882.96,Rainy,South,No,82.5,FedEx,Operational,0,1,0
1636,8444.0,4.3,3.0,2024-03-14,2024-03-17,2024-03-17,Road,1196,13,561.78,7303.14,Storm,Central,Yes,95.0,Delhivery,,1,0,1
1637,5524.0,4.9,2.0,2024-01-05,2024-01-07,2024-01-12,Air,1035,59,3462.81,204305.79,Storm,North,No,80.4,EcomExpress,,0,0,1
1638,3318.0,4.6,8.0,2024-09-06,2024-09-14,2024-09-15,Road,471,92,3963.25,364619.0,Storm,North,No,79.1,EcomExpress,Traffic,0,0,1
1639,4434.0,3.6,6.0,2024-02-24,2024-03-01,2024-03-01,Sea,1047,64,1996.23,127758.72,Clear,North,No,75.7,FedEx,Traffic,1,1,1
1640,2123.0,4.0,2.0,2024-04-23,2024-04-25,2024-04-26,Road,1098,51,2528.14,128935.14,Storm,South,Yes,92.9,BlueDart,Weather,0,0,1
1641,1379.0,3.8,5.0,2024-04-15,2024-04-20,2024-04-24,Sea,1042,77,4961.85,382062.45,Storm,North,Yes,98.7,DHL,Traffic,0,0,1
1642,8512.0,2.6,6.0,2024-10-05,2024-10-11,2024-10-11,Sea,1129,96,1102.21,105812.16,Cloudy,North,No,80.8,EcomExpress,Weather,1,1,1
1643,7038.0,4.6,9.0,2024-09-10,2024-09-19,2024-09-24,Sea,1023,65,884.2,57473.0,Storm,North,Yes,95.3,EcomExpress,Weather,0,0,1
1644,1354.0,3.1,3.0,2024-02-05,2024-02-08,2024-02-10,Sea,1154,17,745.05,12665.85,Cloudy,South,Yes,89.4,EcomExpress,Weather,0,0,1
1645,5867.0,4.0,9.0,2024-06-02,2024-06-11,2024-06-14,Road,1425,30,3358.68,100760.4,Cloudy,East,No,89.4,Delhivery,,0,1,0
1646,2950.0,3.2,2.0,2024-11-01,2024-11-03,2024-11-02,Air,610,82,2874.16,235681.12,Clear,South,Yes,83.5,DHL,,1,0,1
1647,7994.0,3.6,2.0,2024-05-23,2024-05-25,2024-05-28,Air,785,3,3157.12,9471.36,Storm,Central,No,74.5,BlueDart,Weather,0,0,1
1648,8860.0,2.7,6.0,2024-10-06,2024-10-12,2024-10-15,Sea,681,19,2285.46,43423.74,Cloudy,Central,No,85.4,Delhivery,Traffic,0,1,0
1649,5518.0,2.6,10.0,2024-10-15,2024-10-25,2024-10-28,Road,1121,13,4661.53,60599.89,Rainy,East,Yes,97.0,EcomExpress,Operational,0,0,1
1650,9035.0,2.9,9.0,2024-07-08,2024-07-17,2024-07-20,Air,782,89,1732.78,154217.42,Clear,South,Yes,71.4,FedEx,Weather,0,0,1
1651,9982.0,3.3,8.0,2024-08-09,2024-08-17,2024-08-18,Air,1451,3,3487.75,10463.25,Cloudy,East,Yes,93.6,FedEx,Traffic,0,0,1
1652,9670.0,2.6,8.0,2024-03-16,2024-03-24,2024-03-28,Sea,536,67,2584.18,173140.06,Cloudy,West,No,94.4,FedEx,Weather,0,1,0
1653,2431.0,3.7,2.0,2024-09-08,2024-09-10,2024-09-11,Sea,32,40,3496.18,139847.2,Cloudy,West,No,71.7,Delhivery,Operational,0,1,0
1654,3799.0,4.9,3.0,2024-07-26,2024-07-29,2024-07-31,Air,1287,55,1223.57,67296.35,Cloudy,South,Yes,91.1,BlueDart,Operational,0,0,1
1655,7691.0,3.0,8.0,2024-11-08,2024-11-16,2024-11-15,Road,1272,87,631.55,54944.85,Clear,Central,Yes,71.7,Delhivery,Customs,1,0,1
1656,9414.0,3.4,3.0,2024-03-03,2024-03-06,2024-03-05,Road,1259,81,2713.84,219821.04,Storm,North,Yes,98.0,FedEx,Weather,1,1,1
1657,2793.0,2.8,3.0,2024-07-09,2024-07-12,2024-07-11,Sea,459,75,877.83,65837.25,Storm,South,No,73.0,Delhivery,,1,0,1
1658,3522.0,4.9,6.0,2024-08-11,2024-08-17,2024-08-20,Road,336,1,1884.42,1884.42,Cloudy,South,Yes,74.6,Delhivery,Weather,0,1,0
1659,8297.0,3.6,3.0,2024-03-12,2024-03-15,2024-03-15,Road,799,94,960.37,90274.78,Storm,North,No,80.9,BlueDart,,1,0,1
1660,4339.0,2.8,4.0,2024-02-28,2024-03-03,2024-03-08,Air,238,80,1254.1,100328.0,Storm,Central,No,92.5,FedEx,Traffic,0,0,1
1661,9694.0,3.5,4.0,2024-02-12,2024-02-16,2024-02-20,Air,492,78,3403.55,265476.9,Storm,West,Yes,84.7,FedEx,Operational,0,0,1
1662,9154.0,4.3,3.0,2024-04-12,2024-04-15,2024-04-15,Air,1481,47,4964.84,233347.48,Rainy,West,No,79.8,FedEx,Operational,1,0,1
1663,7051.0,2.6,5.0,2024-06-10,2024-06-15,2024-06-16,Road,346,64,3609.43,231003.52,Rainy,Central,Yes,81.7,DHL,Customs,0,0,1
1664,3043.0,3.6,6.0,2024-03-21,2024-03-27,2024-04-01,Sea,640,80,3464.63,277170.4,Clear,Central,Yes,81.5,DHL,,0,0,1
1665,4181.0,3.7,5.0,2024-01-19,2024-01-24,2024-01-28,Road,245,81,4464.42,361618.02,Cloudy,North,Yes,80.4,Delhivery,Weather,0,0,1
1666,7285.0,4.1,5.0,2024-04-20,2024-04-25,2024-04-30,Air,1241,43,4628.64,199031.52,Cloudy,North,Yes,86.9,Delhivery,Operational,0,1,0
1667,2132.0,2.7,6.0,2024-06-20,2024-06-26,2024-06-27,Sea,1402,86,4998.43,429864.98,Clear,West,Yes,88.7,Delhivery,Operational,0,0,1
1668,4089.0,4.6,6.0,2024-03-11,2024-03-17,2024-03-20,Air,411,62,1490.35,92401.7,Clear,East,Yes,87.3,DHL,Weather,0,0,1
1669,2772.0,3.4,2.0,2024-03-15,2024-03-17,2024-03-19,Sea,634,47,1937.71,91072.37,Cloudy,South,No,78.4,DHL,,0,0,1
1670,3022.0,4.7,4.0,2024-08-19,2024-08-23,2024-08-25,Road,28,99,2361.68,233806.32,Rainy,East,Yes,90.0,DHL,,0,0,1
1671,4174.0,3.7,5.0,2024-03-06,2024-03-11,2024-03-12,Air,145,92,640.46,58922.32,Clear,West,No,97.9,FedEx,Traffic,0,0,1
1672,5075.0,3.9,4.0,2024-08-08,2024-08-12,2024-08-16,Road,81,63,4375.44,275652.72,Clear,South,No,70.2,FedEx,Operational,0,0,1
1673,4314.0,3.5,6.0,2024-02-16,2024-02-22,2024-02-23,Road,388,86,4566.27,392699.22,Rainy,West,No,81.9,DHL,Operational,0,0,1
1674,8248.0,4.0,9.0,2024-06-27,2024-07-06,2024-07-11,Sea,42,25,2547.58,63689.5,Storm,North,No,91.6,EcomExpress,,0,0,1
1675,2680.0,4.5,5.0,2024-07-22,2024-07-27,2024-07-30,Sea,118,19,2736.96,52002.24,Clear,Central,No,85.2,DHL,Operational,0,0,1
1676,2964.0,3.4,6.0,2024-07-27,2024-08-02,2024-08-01,Sea,1162,38,311.27,11828.26,Rainy,South,Yes,84.5,DHL,,1,1,1
1677,1937.0,3.5,3.0,2024-04-04,2024-04-07,2024-04-09,Sea,310,13,4533.81,58939.53,Rainy,North,No,96.3,EcomExpress,Customs,0,0,1
1678,4657.0,4.9,6.0,2024-09-30,2024-10-06,2024-10-07,Sea,1052,94,327.08,30745.52,Cloudy,North,Yes,83.4,Delhivery,Operational,0,0,1
1679,2639.0,3.2,6.0,2024-06-24,2024-06-30,2024-07-03,Air,1451,70,313.07,21914.9,Rainy,North,Yes,91.1,DHL,Customs,0,0,1
1680,5853.0,3.4,4.0,2024-07-22,2024-07-26,2024-07-29,Air,910,63,2066.08,130163.04,Rainy,North,No,97.4,FedEx,Operational,0,0,1
1681,1645.0,2.9,6.0,2024-01-30,2024-02-05,2024-02-06,Sea,189,93,3491.58,324716.94,Rainy,South,Yes,94.0,BlueDart,Weather,0,0,1
1682,6338.0,2.9,2.0,2024-09-26,2024-09-28,2024-09-29,Sea,690,89,144.86,12892.54,Storm,East,No,95.6,EcomExpress,,0,0,1
1683,2097.0,3.6,10.0,2024-11-10,2024-11-20,2024-11-21,Sea,1449,3,4700.26,14100.78,Clear,North,No,84.4,FedEx,Customs,0,1,0
1684,7258.0,3.9,3.0,2024-04-10,2024-04-13,2024-04-12,Sea,1234,34,3800.74,129225.16,Storm,West,Yes,72.1,FedEx,Weather,1,0,1
1685,9862.0,4.6,3.0,2024-09-26,2024-09-29,2024-09-29,Air,226,40,4522.13,180885.2,Clear,East,Yes,92.8,FedEx,Traffic,1,0,1
1686,6376.0,4.9,8.0,2024-03-13,2024-03-21,2024-03-22,Sea,155,14,1653.5,23149.0,Rainy,North,No,72.3,FedEx,Weather,0,0,1
1687,6244.0,4.4,9.0,2024-05-23,2024-06-01,2024-06-06,Road,1281,82,3198.4,262268.8,Clear,North,Yes,88.3,Delhivery,Customs,0,0,1
1688,6297.0,3.2,8.0,2024-09-16,2024-09-24,2024-09-27,Sea,116,87,2040.42,177516.54,Rainy,South,Yes,75.9,EcomExpress,Weather,0,0,1
1689,7227.0,5.0,2.0,2024-05-15,2024-05-17,2024-05-18,Road,1319,16,2385.73,38171.68,Storm,Central,Yes,92.4,FedEx,Operational,0,0,1
1690,2236.0,2.8,6.0,2024-03-03,2024-03-09,2024-03-10,Road,147,36,641.75,23103.0,Cloudy,West,Yes,91.1,BlueDart,Traffic,0,1,0
1691,7028.0,2.7,3.0,2024-05-02,2024-05-05,2024-05-10,Road,1169,88,1505.31,132467.28,Cloudy,North,No,89.4,FedEx,Weather,0,0,1
1692,1747.0,3.2,3.0,2024-10-28,2024-10-31,2024-11-04,Sea,119,51,3059.69,156044.19,Rainy,South,Yes,71.0,EcomExpress,Weather,0,0,1
1693,3886.0,4.0,5.0,2024-02-10,2024-02-15,2024-02-14,Sea,1008,69,4416.47,304736.43,Clear,Central,Yes,80.8,FedEx,Weather,1,1,1
1694,5202.0,2.7,8.0,2024-02-13,2024-02-21,2024-02-21,Air,1030,25,966.08,24152.0,Clear,North,No,85.7,Delhivery,Operational,1,0,1
1695,7797.0,3.8,4.0,2024-01-05,2024-01-09,2024-01-14,Air,1153,33,2973.65,98130.45,Storm,North,No,88.4,FedEx,Customs,0,0,1
1696,2855.0,2.8,6.0,2024-10-17,2024-10-23,2024-10-28,Road,1422,82,1887.38,154765.16,Cloudy,North,Yes,70.1,EcomExpress,Operational,0,0,1
1697,9179.0,4.8,3.0,2024-10-17,2024-10-20,2024-10-24,Sea,743,22,1064.3,23414.6,Storm,West,Yes,77.4,FedEx,Weather,0,0,1
1698,1896.0,2.9,9.0,2024-01-25,2024-02-03,2024-02-08,Air,690,96,4210.25,404184.0,Rainy,West,No,85.7,DHL,Operational,0,0,1
1699,5712.0,2.8,4.0,2024-05-27,2024-05-31,2024-06-02,Air,544,53,2027.63,107464.39,Cloudy,Central,No,74.0,DHL,Weather,0,0,1
1700,7713.0,2.6,7.0,2024-11-05,2024-11-12,2024-11-17,Air,767,14,548.13,7673.82,Cloudy,East,No,95.4,Delhivery,Customs,0,0,1
1701,3169.0,3.0,10.0,2024-06-12,2024-06-22,2024-06-21,Road,1346,72,1905.7,137210.4,Clear,West,Yes,80.9,FedEx,Operational,1,0,1
1702,7134.0,3.0,9.0,2024-05-01,2024-05-10,2024-05-12,Sea,1002,68,3324.02,226033.36,Cloudy,South,No,78.2,FedEx,Weather,0,0,1
1703,9720.0,3.4,4.0,2024-07-20,2024-07-24,2024-07-26,Sea,705,42,302.6,12709.2,Cloudy,West,Yes,96.8,Delhivery,Customs,0,1,0
1704,8052.0,3.2,10.0,2024-06-15,2024-06-25,2024-06-29,Road,1038,91,1779.27,161913.57,Cloudy,West,No,70.4,BlueDart,Weather,0,1,0
1705,4650.0,4.0,7.0,2024-02-06,2024-02-13,2024-02-17,Air,501,82,4197.38,344185.16,Storm,Central,No,77.9,Delhivery,Weather,0,0,1
1706,8089.0,4.8,6.0,2024-08-26,2024-09-01,2024-08-31,Sea,254,81,198.23,16056.63,Cloudy,East,No,94.3,EcomExpress,Weather,1,0,1
1707,1307.0,3.5,3.0,2024-07-22,2024-07-25,2024-07-25,Road,618,59,3763.45,222043.55,Storm,East,Yes,98.2,DHL,Traffic,1,0,1
1708,9965.0,3.3,9.0,2024-11-20,2024-11-29,2024-12-04,Sea,31,20,230.12,4602.4,Cloudy,East,Yes,92.7,FedEx,Traffic,0,0,1
1709,3057.0,3.7,10.0,2024-10-05,2024-10-15,2024-10-19,Road,541,33,3324.7,109715.1,Clear,West,Yes,79.1,Delhivery,Customs,0,1,0
1710,2393.0,3.1,4.0,2024-04-18,2024-04-22,2024-04-24,Road,1203,98,3329.25,326266.5,Cloudy,North,Yes,74.4,Delhivery,Customs,0,0,1
1711,8593.0,4.0,9.0,2024-07-19,2024-07-28,2024-08-01,Air,282,33,4130.34,136301.22,Cloudy,South,No,96.1,FedEx,Traffic,0,0,1
1712,2822.0,3.1,10.0,2024-02-20,2024-03-01,2024-02-29,Road,337,14,4725.06,66150.84,Clear,Central,Yes,98.9,EcomExpress,Operational,1,0,1
1713,4371.0,3.2,5.0,2024-08-10,2024-08-15,2024-08-14,Air,141,1,4103.0,4103.0,Storm,South,No,76.4,FedEx,,1,1,1
1714,8139.0,3.9,8.0,2024-09-01,2024-09-09,2024-09-09,Sea,1491,81,1479.92,119873.52,Rainy,West,No,81.5,EcomExpress,Weather,1,1,1
1715,7006.0,4.7,9.0,2024-11-02,2024-11-11,2024-11-13,Road,957,49,4834.16,236873.84,Storm,Central,No,93.5,FedEx,Weather,0,1,0
1716,5029.0,4.2,3.0,2024-08-15,2024-08-18,2024-08-18,Road,341,14,2863.46,40088.44,Storm,South,Yes,86.8,FedEx,Operational,1,0,1
1717,4568.0,2.8,9.0,2024-06-21,2024-06-30,2024-07-01,Road,561,78,2766.94,215821.32,Clear,West,No,86.7,FedEx,Traffic,0,0,1
1718,4548.0,4.1,7.0,2024-01-24,2024-01-31,2024-02-01,Sea,1087,29,1058.0,30682.0,Clear,Central,Yes,83.9,Delhivery,Operational,0,0,1
1719,3838.0,4.9,8.0,2024-02-14,2024-02-22,2024-02-25,Sea,985,2,4725.9,9451.8,Cloudy,South,Yes,92.5,EcomExpress,Traffic,0,0,1
1720,7671.0,4.1,6.0,2024-03-12,2024-03-18,2024-03-18,Sea,437,90,2839.38,255544.2,Storm,East,Yes,78.7,BlueDart,Traffic,1,0,1
1721,3271.0,4.1,8.0,2024-08-22,2024-08-30,2024-08-31,Road,1090,72,121.61,8755.92,Cloudy,North,No,99.2,DHL,,0,0,1
1722,3201.0,4.5,10.0,2024-05-26,2024-06-05,2024-06-10,Sea,116,70,4287.71,300139.7,Storm,South,No,78.5,FedEx,Weather,0,1,0
1723,8507.0,4.9,7.0,2024-03-15,2024-03-22,2024-03-23,Road,794,6,4642.78,27856.68,Cloudy,Central,Yes,72.4,FedEx,Traffic,0,0,1
1724,7135.0,2.9,3.0,2024-10-09,2024-10-12,2024-10-12,Road,954,60,1405.36,84321.6,Clear,West,Yes,74.9,EcomExpress,Weather,1,0,1
1725,9894.0,3.2,2.0,2024-08-02,2024-08-04,2024-08-05,Road,562,31,468.46,14522.26,Storm,East,No,83.7,Delhivery,Customs,0,0,1
1726,1290.0,3.3,4.0,2024-02-26,2024-03-01,2024-03-03,Sea,426,90,3491.7,314253.0,Clear,East,Yes,83.4,DHL,,0,0,1
1727,4970.0,4.7,3.0,2024-07-13,2024-07-16,2024-07-17,Air,470,53,155.99,8267.47,Cloudy,North,Yes,85.4,EcomExpress,Weather,0,1,0
1728,1832.0,4.0,2.0,2024-04-05,2024-04-07,2024-04-09,Road,611,21,1584.34,33271.14,Cloudy,South,Yes,89.8,EcomExpress,Operational,0,0,1
1729,3702.0,4.1,5.0,2024-06-27,2024-07-02,2024-07-01,Road,264,70,4290.69,300348.3,Rainy,East,No,81.1,BlueDart,Operational,1,0,1
1730,5024.0,3.1,5.0,2024-06-06,2024-06-11,2024-06-12,Sea,964,23,3617.53,83203.19,Rainy,East,No,76.8,Delhivery,Customs,0,0,1
1731,8460.0,4.0,2.0,2024-01-16,2024-01-18,2024-01-17,Air,908,42,4004.65,168195.3,Rainy,East,No,92.2,DHL,Customs,1,0,1
1732,7960.0,4.2,5.0,2024-08-29,2024-09-03,2024-09-08,Sea,765,76,1788.06,135892.56,Cloudy,South,Yes,83.5,BlueDart,Weather,0,0,1
1733,4237.0,4.3,8.0,2024-03-27,2024-04-04,2024-04-09,Sea,750,18,4414.99,79469.82,Cloudy,South,No,89.9,EcomExpress,,0,0,1
1734,8985.0,2.5,6.0,2024-07-14,2024-07-20,2024-07-25,Air,762,29,3379.84,98015.36,Cloudy,East,No,70.8,Delhivery,Traffic,0,1,0
1735,6336.0,4.1,10.0,2024-01-24,2024-02-03,2024-02-02,Road,47,10,1451.42,14514.2,Clear,South,Yes,94.9,FedEx,Operational,1,0,1
1736,7546.0,4.6,10.0,2024-11-10,2024-11-20,2024-11-23,Air,388,2,838.67,1677.34,Clear,North,Yes,89.7,DHL,Traffic,0,1,0
1737,5772.0,4.5,2.0,2024-02-05,2024-02-07,2024-02-08,Road,209,5,605.62,3028.1,Rainy,West,No,74.8,EcomExpress,,0,0,1
1738,4146.0,3.4,5.0,2024-08-30,2024-09-04,2024-09-07,Road,993,72,1925.52,138637.44,Clear,West,Yes,91.2,DHL,,0,0,1
1739,7556.0,3.7,8.0,2024-10-09,2024-10-17,2024-10-17,Sea,957,26,1161.14,30189.64,Storm,South,No,82.0,DHL,Weather,1,0,1
1740,6938.0,2.8,8.0,2024-02-15,2024-02-23,2024-02-28,Sea,109,93,157.59,14655.87,Cloudy,East,No,92.8,DHL,Weather,0,0,1
1741,9607.0,4.6,6.0,2024-04-04,2024-04-10,2024-04-11,Road,448,41,4146.66,170013.06,Rainy,South,Yes,99.0,FedEx,Customs,0,0,1
1742,4721.0,3.6,4.0,2024-02-05,2024-02-09,2024-02-14,Sea,1360,51,4951.27,252514.77,Clear,East,Yes,79.6,EcomExpress,,0,0,1
1743,1904.0,2.9,10.0,2024-06-09,2024-06-19,2024-06-19,Sea,1301,5,2153.98,10769.9,Storm,East,Yes,89.2,EcomExpress,,1,1,1
1744,5944.0,3.7,2.0,2024-07-22,2024-07-24,2024-07-29,Sea,1006,50,1465.16,73258.0,Storm,West,No,87.8,BlueDart,Traffic,0,0,1
1745,1937.0,3.4,7.0,2024-04-29,2024-05-06,2024-05-08,Sea,1006,19,1292.41,24555.79,Clear,North,Yes,87.3,BlueDart,Operational,0,0,1
1746,6667.0,2.6,3.0,2024-09-17,2024-09-20,2024-09-22,Sea,1056,87,1377.2,119816.4,Cloudy,Central,No,94.1,FedEx,Customs,0,0,1
1747,2747.0,4.2,5.0,2024-09-11,2024-09-16,2024-09-17,Sea,588,38,1172.91,44570.58,Clear,South,Yes,90.5,BlueDart,Operational,0,0,1
1748,2804.0,5.0,10.0,2024-02-21,2024-03-02,2024-03-04,Air,767,65,1514.13,98418.45,Cloudy,North,No,95.2,EcomExpress,Traffic,0,0,1
1749,4283.0,4.0,9.0,2024-05-20,2024-05-29,2024-06-02,Road,623,8,661.38,5291.04,Storm,West,Yes,87.3,FedEx,,0,0,1
1750,3439.0,4.5,8.0,2024-06-21,2024-06-29,2024-06-28,Sea,1457,47,2274.77,106914.19,Storm,North,No,95.9,Delhivery,Traffic,1,0,1
1751,7872.0,3.9,6.0,2024-02-18,2024-02-24,2024-02-24,Air,960,94,2167.68,203761.92,Cloudy,East,No,77.7,FedEx,Customs,1,1,1
1752,2303.0,4.5,7.0,2024-07-13,2024-07-20,2024-07-19,Air,705,96,976.2,93715.2,Rainy,Central,Yes,91.5,EcomExpress,Traffic,1,1,1
1753,8559.0,4.6,4.0,2024-04-05,2024-04-09,2024-04-08,Air,917,37,4778.03,176787.11,Clear,North,Yes,95.8,BlueDart,Customs,1,0,1
1754,4005.0,4.2,7.0,2024-05-07,2024-05-14,2024-05-17,Road,1121,80,800.11,64008.8,Cloudy,West,No,76.3,FedEx,Customs,0,0,1
1755,8864.0,3.7,9.0,2024-02-26,2024-03-06,2024-03-09,Road,1077,72,3003.1,216223.2,Rainy,West,Yes,96.8,FedEx,,0,0,1
1756,1612.0,2.8,4.0,2024-08-05,2024-08-09,2024-08-10,Road,533,44,1299.06,57158.64,Storm,South,No,94.3,FedEx,Weather,0,0,1
1757,9267.0,2.8,7.0,2024-03-29,2024-04-05,2024-04-08,Sea,1419,10,393.17,3931.7,Rainy,West,Yes,86.7,BlueDart,,0,0,1
1758,7415.0,3.1,5.0,2024-10-02,2024-10-07,2024-10-11,Road,1065,51,3816.7,194651.7,Cloudy,South,No,81.0,BlueDart,Customs,0,0,1
1759,5359.0,4.1,7.0,2024-05-25,2024-06-01,2024-05-31,Air,1348,81,3637.42,294631.02,Rainy,West,No,81.5,Delhivery,Operational,1,1,1
1760,5173.0,3.1,8.0,2024-04-01,2024-04-09,2024-04-10,Road,580,33,309.2,10203.6,Cloudy,North,Yes,70.7,Delhivery,Traffic,0,0,1
1761,5703.0,4.5,5.0,2024-06-24,2024-06-29,2024-06-28,Road,585,50,2846.45,142322.5,Clear,Central,Yes,85.9,Delhivery,,1,0,1
1762,2096.0,4.9,8.0,2024-06-01,2024-06-09,2024-06-12,Air,1290,55,1248.64,68675.2,Storm,East,Yes,79.0,FedEx,,0,1,0
1763,9533.0,4.8,10.0,2024-10-24,2024-11-03,2024-11-04,Air,287,22,1794.31,39474.82,Rainy,South,Yes,78.4,FedEx,,0,0,1
1764,5075.0,4.2,7.0,2024-10-01,2024-10-08,2024-10-08,Air,551,56,3193.79,178852.24,Storm,East,Yes,74.3,DHL,Traffic,1,0,1
1765,2824.0,4.0,10.0,2024-08-14,2024-08-24,2024-08-23,Air,1346,20,1533.08,30661.6,Clear,North,No,95.1,BlueDart,Traffic,1,0,1
1766,2859.0,3.8,7.0,2024-08-03,2024-08-10,2024-08-09,Air,1148,74,3017.18,223271.32,Clear,Central,Yes,90.9,BlueDart,Weather,1,1,1
1767,8212.0,2.6,8.0,2024-04-04,2024-04-12,2024-04-11,Air,1395,92,3759.17,345843.64,Rainy,North,Yes,71.9,FedEx,Operational,1,0,1
1768,7652.0,4.1,4.0,2024-02-18,2024-02-22,2024-02-24,Air,83,58,4192.8,243182.4,Rainy,South,Yes,76.0,FedEx,,0,1,0
1769,2189.0,4.4,7.0,2024-06-12,2024-06-19,2024-06-20,Sea,437,10,1576.78,15767.8,Rainy,North,No,97.0,DHL,Weather,0,0,1
1770,6455.0,2.6,5.0,2024-04-08,2024-04-13,2024-04-18,Sea,1341,27,4417.9,119283.3,Rainy,North,Yes,91.1,DHL,Weather,0,0,1
1771,1067.0,2.7,4.0,2024-06-12,2024-06-16,2024-06-16,Road,1368,13,3128.77,40674.01,Storm,East,No,91.9,Delhivery,Customs,1,0,1
1772,1036.0,4.4,3.0,2024-10-26,2024-10-29,2024-10-28,Sea,21,20,763.84,15276.8,Rainy,Central,No,86.0,DHL,Operational,1,1,1
1773,5310.0,3.7,2.0,2024-05-16,2024-05-18,2024-05-19,Air,922,62,2274.01,140988.62,Cloudy,West,No,76.2,Delhivery,Operational,0,0,1
1774,2514.0,4.3,7.0,2024-04-07,2024-04-14,2024-04-14,Road,1461,56,3226.27,180671.12,Clear,Central,No,71.4,BlueDart,Weather,1,1,1
1775,3565.0,4.3,2.0,2024-03-17,2024-03-19,2024-03-21,Sea,689,36,1374.93,49497.48,Clear,East,No,95.1,DHL,Customs,0,1,0
1776,2585.0,4.9,7.0,2024-05-22,2024-05-29,2024-05-30,Air,929,23,627.18,14425.14,Clear,Central,No,91.1,BlueDart,Operational,0,0,1
1777,2612.0,3.9,5.0,2024-11-08,2024-11-13,2024-11-12,Sea,1112,14,2135.26,29893.64,Storm,Central,No,72.8,BlueDart,Operational,1,0,1
1778,7246.0,2.8,10.0,2024-06-11,2024-06-21,2024-06-20,Sea,251,32,820.55,26257.6,Clear,West,Yes,95.2,DHL,Operational,1,0,1
1779,1951.0,2.6,2.0,2024-09-17,2024-09-19,2024-09-18,Sea,616,78,1695.04,132213.12,Storm,East,Yes,72.3,Delhivery,Traffic,1,0,1
1780,1076.0,3.5,2.0,2024-01-13,2024-01-15,2024-01-14,Air,293,6,748.85,4493.1,Storm,Central,No,97.3,DHL,Weather,1,1,1
1781,3551.0,4.6,2.0,2024-02-06,2024-02-08,2024-02-10,Air,1354,74,926.48,68559.52,Cloudy,North,No,83.1,EcomExpress,,0,0,1
1782,3792.0,4.3,4.0,2024-01-09,2024-01-13,2024-01-17,Sea,143,53,1968.7,104341.1,Clear,East,No,92.4,EcomExpress,,0,0,1
1783,9020.0,4.4,4.0,2024-02-19,2024-02-23,2024-02-26,Road,1059,81,3072.15,248844.15,Cloudy,East,Yes,81.8,FedEx,Weather,0,0,1
1784,7226.0,3.4,4.0,2024-06-13,2024-06-17,2024-06-18,Sea,514,68,3141.97,213653.96,Rainy,North,No,77.7,EcomExpress,Customs,0,0,1
1785,6806.0,4.8,10.0,2024-09-22,2024-10-02,2024-10-06,Air,1069,64,2996.47,191774.08,Clear,Central,No,81.5,EcomExpress,Operational,0,1,0
1786,2504.0,4.3,5.0,2024-07-26,2024-07-31,2024-08-04,Sea,769,75,3120.66,234049.5,Cloudy,North,No,99.6,FedEx,Customs,0,0,1
1787,7209.0,3.6,8.0,2024-11-02,2024-11-10,2024-11-10,Road,471,35,2760.9,96631.5,Storm,North,Yes,96.9,FedEx,Operational,1,1,1
1788,2283.0,4.6,5.0,2024-03-21,2024-03-26,2024-03-27,Sea,518,45,1955.81,88011.45,Storm,South,Yes,85.4,BlueDart,Traffic,0,0,1
1789,2237.0,3.7,8.0,2024-04-28,2024-05-06,2024-05-10,Road,633,24,1937.76,46506.24,Storm,South,No,98.9,Delhivery,Weather,0,1,0
1790,8132.0,4.8,6.0,2024-04-30,2024-05-06,2024-05-07,Sea,547,85,2112.24,179540.4,Clear,West,No,71.0,Delhivery,Customs,0,0,1
1791,1675.0,3.8,5.0,2024-07-10,2024-07-15,2024-07-14,Sea,373,50,4237.74,211887.0,Storm,West,No,84.2,BlueDart,,1,0,1
1792,6857.0,2.8,8.0,2024-05-11,2024-05-19,2024-05-23,Air,978,31,2659.09,82431.79,Clear,West,Yes,96.1,DHL,Traffic,0,1,0
1793,8430.0,2.8,2.0,2024-01-03,2024-01-05,2024-01-04,Road,1161,84,184.45,15493.8,Rainy,East,Yes,78.0,Delhivery,Weather,1,0,1
1794,4337.0,2.6,8.0,2024-05-02,2024-05-10,2024-05-15,Air,63,96,2033.79,195243.84,Rainy,East,No,71.6,Delhivery,Customs,0,0,1
1795,8174.0,3.2,2.0,2024-09-07,2024-09-09,2024-09-14,Air,798,77,4521.56,348160.12,Clear,East,No,76.1,Delhivery,Traffic,0,1,0
1796,2283.0,4.0,2.0,2024-03-20,2024-03-22,2024-03-21,Air,369,50,2643.66,132183.0,Storm,West,Yes,90.8,BlueDart,,1,0,1
1797,4199.0,4.9,2.0,2024-09-23,2024-09-25,2024-09-24,Road,148,71,3211.9,228044.9,Rainy,East,Yes,96.5,FedEx,Traffic,1,0,1
1798,1961.0,3.6,7.0,2024-10-27,2024-11-03,2024-11-05,Road,692,95,1043.05,99089.75,Cloudy,Central,Yes,94.3,FedEx,Traffic,0,1,0
1799,6958.0,3.2,6.0,2024-01-22,2024-01-28,2024-01-31,Road,327,45,3909.21,175914.45,Cloudy,South,No,70.8,EcomExpress,Traffic,0,0,1
1800,1842.0,3.7,3.0,2024-05-03,2024-05-06,2024-05-09,Sea,710,30,312.45,9373.5,Clear,East,Yes,97.4,DHL,Weather,0,0,1
1801,8109.0,4.1,2.0,2024-03-02,2024-03-04,2024-03-04,Sea,405,69,2146.5,148108.5,Rainy,North,Yes,82.6,DHL,Weather,1,1,1
1802,6702.0,3.3,5.0,2024-10-17,2024-10-22,2024-10-25,Sea,1338,88,335.38,29513.44,Clear,Central,Yes,78.4,DHL,Customs,0,0,1
1803,2484.0,3.6,3.0,2024-06-13,2024-06-16,2024-06-18,Road,1184,87,1085.29,94420.23,Storm,Central,No,75.7,DHL,Customs,0,0,1
1804,8461.0,4.3,5.0,2024-09-10,2024-09-15,2024-09-15,Air,1079,49,3608.73,176827.77,Storm,Central,Yes,95.7,DHL,Traffic,1,0,1
1805,8574.0,3.6,5.0,2024-10-16,2024-10-21,2024-10-24,Road,629,73,3756.95,274257.35,Cloudy,Central,Yes,77.7,FedEx,Operational,0,0,1
1806,1120.0,4.7,10.0,2024-03-19,2024-03-29,2024-04-02,Sea,331,37,1894.87,70110.19,Storm,North,No,70.5,BlueDart,,0,0,1
1807,8889.0,2.6,2.0,2024-01-06,2024-01-08,2024-01-09,Sea,655,3,1152.26,3456.78,Cloudy,North,No,95.1,Delhivery,Operational,0,1,0
1808,2031.0,2.7,4.0,2024-08-14,2024-08-18,2024-08-21,Air,1386,33,2438.56,80472.48,Cloudy,Central,No,79.5,DHL,,0,0,1
1809,4814.0,3.4,4.0,2024-10-09,2024-10-13,2024-10-14,Air,1099,20,4423.05,88461.0,Storm,East,No,80.1,DHL,,0,0,1
1810,5439.0,2.6,7.0,2024-02-17,2024-02-24,2024-02-26,Air,726,86,4180.72,359541.92,Storm,North,Yes,79.3,DHL,Operational,0,1,0
1811,7174.0,4.7,8.0,2024-02-27,2024-03-06,2024-03-11,Sea,569,85,675.14,57386.9,Cloudy,East,Yes,80.4,FedEx,,0,0,1
1812,9154.0,4.0,4.0,2024-04-21,2024-04-25,2024-04-24,Sea,10,94,4789.3,450194.2,Cloudy,East,Yes,82.3,Delhivery,Weather,1,1,1
1813,7601.0,2.5,4.0,2024-09-03,2024-09-07,2024-09-06,Air,461,44,717.96,31590.24,Storm,West,No,93.2,FedEx,,1,0,1
1814,5724.0,3.3,4.0,2024-08-13,2024-08-17,2024-08-16,Road,740,62,3466.38,214915.56,Rainy,East,Yes,81.3,BlueDart,,1,0,1
1815,2942.0,2.7,6.0,2024-03-30,2024-04-05,2024-04-10,Road,1087,80,1991.39,159311.2,Storm,North,Yes,88.6,DHL,Traffic,0,1,0
1816,3080.0,4.4,3.0,2024-06-10,2024-06-13,2024-06-15,Air,497,8,4132.41,33059.28,Storm,West,No,98.4,Delhivery,Operational,0,0,1
1817,3182.0,3.3,9.0,2024-07-17,2024-07-26,2024-07-27,Road,1238,45,4510.75,202983.75,Rainy,North,No,91.7,DHL,,0,0,1
1818,4426.0,3.8,3.0,2024-10-01,2024-10-04,2024-10-09,Sea,1133,90,1461.41,131526.9,Rainy,East,Yes,91.3,DHL,,0,0,1
1819,7871.0,2.7,2.0,2024-02-18,2024-02-20,2024-02-23,Sea,1362,68,4913.79,334137.72,Rainy,Central,No,92.5,Delhivery,Traffic,0,1,0
1820,7189.0,3.8,10.0,2024-07-03,2024-07-13,2024-07-12,Air,928,83,3346.75,277780.25,Cloudy,Central,No,87.0,BlueDart,Customs,1,0,1
1821,1544.0,3.3,7.0,2024-02-01,2024-02-08,2024-02-11,Road,581,96,1902.91,182679.36,Rainy,North,Yes,78.6,DHL,,0,0,1
1822,4364.0,4.9,6.0,2024-05-22,2024-05-28,2024-05-28,Air,138,26,4824.53,125437.78,Clear,South,Yes,80.2,Delhivery,Traffic,1,0,1
1823,3019.0,3.2,4.0,2024-04-06,2024-04-10,2024-04-13,Air,209,96,2372.23,227734.08,Storm,North,No,74.7,BlueDart,,0,1,0
1824,1253.0,4.2,3.0,2024-01-01,2024-01-04,2024-01-07,Air,1364,9,3928.33,35354.97,Rainy,East,No,93.7,EcomExpress,Weather,0,0,1
1825,3994.0,4.1,6.0,2024-10-12,2024-10-18,2024-10-23,Air,981,28,983.0,27524.0,Storm,North,Yes,74.1,DHL,Weather,0,1,0
1826,2469.0,3.1,4.0,2024-07-03,2024-07-07,2024-07-06,Air,1013,41,2029.39,83204.99,Clear,North,Yes,72.8,FedEx,Weather,1,0,1
1827,2902.0,3.7,8.0,2024-11-05,2024-11-13,2024-11-13,Sea,79,25,4730.68,118267.0,Storm,North,No,79.3,BlueDart,Traffic,1,0,1
1828,6855.0,4.0,4.0,2024-02-14,2024-02-18,2024-02-18,Sea,239,66,4940.23,326055.18,Cloudy,South,Yes,82.4,DHL,Customs,1,0,1
1829,8777.0,4.9,9.0,2024-02-10,2024-02-19,2024-02-23,Sea,76,80,2174.64,173971.2,Storm,North,Yes,79.4,DHL,Weather,0,1,0
1830,7950.0,2.7,6.0,2024-03-12,2024-03-18,2024-03-19,Road,1225,49,1856.13,90950.37,Cloudy,Central,Yes,99.6,EcomExpress,Operational,0,0,1
1831,2877.0,4.6,5.0,2024-10-20,2024-10-25,2024-10-24,Sea,1061,68,3734.27,253930.36,Clear,West,No,93.2,BlueDart,Traffic,1,1,1
1832,4501.0,4.3,2.0,2024-06-07,2024-06-09,2024-06-10,Sea,1014,41,1032.94,42350.54,Cloudy,South,Yes,90.5,EcomExpress,Operational,0,0,1
1833,2134.0,2.8,8.0,2024-04-04,2024-04-12,2024-04-12,Air,1194,42,2604.17,109375.14,Storm,Central,Yes,98.0,EcomExpress,Traffic,1,0,1
1834,7891.0,3.9,5.0,2024-10-21,2024-10-26,2024-10-27,Air,448,83,3991.84,331322.72,Clear,Central,Yes,80.0,BlueDart,,0,0,1
1835,4196.0,4.0,6.0,2024-11-07,2024-11-13,2024-11-13,Sea,303,43,1512.06,65018.58,Storm,West,Yes,76.9,DHL,Operational,1,0,1
1836,9368.0,4.9,7.0,2024-10-08,2024-10-15,2024-10-18,Sea,436,93,2747.69,255535.17,Cloudy,East,No,85.3,Delhivery,Weather,0,0,1
1837,8122.0,3.2,4.0,2024-05-08,2024-05-12,2024-05-13,Sea,1334,68,3952.43,268765.24,Clear,South,Yes,94.0,EcomExpress,Weather,0,0,1
1838,8231.0,3.3,6.0,2024-02-03,2024-02-09,2024-02-14,Sea,481,58,2725.12,158056.96,Rainy,North,No,72.6,EcomExpress,Traffic,0,1,0
1839,7727.0,4.9,10.0,2024-10-15,2024-10-25,2024-10-28,Road,812,16,1110.77,17772.32,Clear,West,Yes,99.7,EcomExpress,Traffic,0,0,1
1840,7441.0,4.9,2.0,2024-02-17,2024-02-19,2024-02-24,Air,233,33,3088.68,101926.44,Rainy,South,Yes,91.7,BlueDart,Traffic,0,1,0
1841,1767.0,2.6,3.0,2024-10-23,2024-10-26,2024-10-27,Air,171,90,2663.04,239673.6,Cloudy,West,No,76.4,EcomExpress,Traffic,0,0,1
1842,9580.0,3.5,8.0,2024-04-17,2024-04-25,2024-04-26,Sea,868,11,4133.96,45473.56,Storm,West,No,84.6,Delhivery,Customs,0,0,1
1843,3625.0,3.7,10.0,2024-11-07,2024-11-17,2024-11-16,Air,814,15,1373.13,20596.95,Rainy,South,No,90.4,DHL,Customs,1,0,1
1844,8298.0,4.3,2.0,2024-09-28,2024-09-30,2024-10-03,Air,98,35,1545.75,54101.25,Rainy,West,No,71.0,BlueDart,Weather,0,1,0
1845,,3.6,,2024-11-18,2024-11-20,2024-11-19,Road,1229,71,4353.37,,Cloudy,Central,Yes,77.6,BlueDart,,1,0,1
1846,4471.0,2.6,2.0,2024-06-28,2024-06-30,2024-07-04,Road,1021,32,3983.71,127478.72,Storm,South,No,79.3,Delhivery,,0,0,1
1847,2984.0,3.1,7.0,2024-03-20,2024-03-27,2024-03-27,Sea,1289,66,3251.05,214569.3,Cloudy,East,Yes,98.7,DHL,,1,0,1
1848,2567.0,2.5,4.0,2024-06-11,2024-06-15,2024-06-20,Sea,1076,67,3755.62,251626.54,Storm,Central,No,77.5,BlueDart,Traffic,0,0,1
1849,2624.0,2.7,9.0,2024-05-21,2024-05-30,2024-06-03,Sea,94,48,3683.58,176811.84,Rainy,South,Yes,87.8,EcomExpress,Customs,0,0,1
1850,8951.0,3.3,9.0,2024-08-21,2024-08-30,2024-09-04,Road,671,3,4204.74,12614.22,Clear,North,Yes,92.1,DHL,Weather,0,0,1
1851,9074.0,4.1,9.0,2024-11-23,2024-12-02,2024-12-04,Air,779,40,4188.37,167534.8,Rainy,North,No,77.7,Delhivery,Operational,0,1,0
1852,4921.0,3.2,3.0,2024-01-02,2024-01-05,2024-01-09,Road,533,51,3884.1,198089.1,Rainy,West,Yes,79.6,Delhivery,Weather,0,0,1
1853,6279.0,4.2,2.0,2024-09-10,2024-09-12,2024-09-15,Road,39,100,2111.94,211194.0,Storm,West,No,98.8,DHL,Operational,0,0,1
1854,3884.0,2.9,10.0,2024-03-03,2024-03-13,2024-03-17,Road,1320,73,285.94,20873.62,Storm,Central,No,70.5,EcomExpress,Operational,0,1,0
1855,5742.0,4.7,4.0,2024-01-19,2024-01-23,2024-01-25,Road,1455,44,739.41,32534.04,Cloudy,East,No,98.6,EcomExpress,Traffic,0,0,1
1856,9893.0,4.4,3.0,2024-06-12,2024-06-15,2024-06-15,Air,801,59,783.69,46237.71,Storm,West,Yes,91.9,DHL,Operational,1,0,1
1857,6718.0,3.2,8.0,2024-07-05,2024-07-13,2024-07-15,Air,1236,33,2785.41,91918.53,Rainy,East,No,77.3,EcomExpress,Customs,0,0,1
1858,3648.0,3.4,10.0,2024-06-23,2024-07-03,2024-07-06,Air,445,37,1097.22,40597.14,Cloudy,East,Yes,93.8,DHL,Weather,0,1,0
1859,8519.0,4.7,8.0,2024-08-09,2024-08-17,2024-08-22,Road,252,88,3427.86,301651.68,Clear,South,No,94.6,DHL,,0,0,1
1860,2918.0,4.1,3.0,2024-03-14,2024-03-17,2024-03-21,Sea,471,45,840.29,37813.05,Cloudy,West,Yes,96.4,DHL,Operational,0,0,1
1861,8645.0,3.1,9.0,2024-04-16,2024-04-25,2024-04-29,Air,334,13,4833.71,62838.23,Storm,South,Yes,86.5,Delhivery,Weather,0,0,1
1862,1789.0,3.5,8.0,2024-01-31,2024-02-08,2024-02-12,Air,1088,10,2091.13,20911.3,Cloudy,South,Yes,99.0,FedEx,,0,0,1
1863,4672.0,2.9,2.0,2024-09-21,2024-09-23,2024-09-24,Road,1089,73,574.86,41964.78,Cloudy,Central,No,72.4,BlueDart,,0,1,0
1864,5486.0,3.6,3.0,2024-01-27,2024-01-30,2024-02-04,Sea,1411,65,4039.38,262559.7,Clear,Central,No,93.5,FedEx,,0,1,0
1865,8395.0,4.7,4.0,2024-10-05,2024-10-09,2024-10-08,Air,1324,99,1011.89,100177.11,Clear,North,Yes,72.6,FedEx,Customs,1,1,1
1866,5656.0,5.0,6.0,2024-08-27,2024-09-02,2024-09-02,Air,307,53,4889.53,259145.09,Cloudy,East,No,96.4,EcomExpress,Weather,1,0,1
1867,7573.0,3.2,4.0,2024-04-12,2024-04-16,2024-04-16,Road,922,10,2423.99,24239.9,Clear,East,No,83.2,FedEx,,1,0,1
1868,3243.0,2.7,9.0,2024-08-27,2024-09-05,2024-09-06,Sea,1323,5,4056.66,20283.3,Cloudy,West,No,78.5,DHL,Traffic,0,0,1
1869,2892.0,3.0,4.0,2024-07-19,2024-07-23,2024-07-27,Air,564,91,2297.05,209031.55,Rainy,Central,Yes,83.8,FedEx,Customs,0,0,1
1870,2935.0,3.8,8.0,2024-03-12,2024-03-20,2024-03-24,Air,742,79,3872.34,305914.86,Rainy,East,Yes,92.4,BlueDart,Weather,0,0,1
1871,2047.0,4.1,5.0,2024-10-13,2024-10-18,2024-10-22,Air,282,33,720.86,23788.38,Clear,North,No,97.3,BlueDart,,0,1,0
1872,4403.0,3.0,5.0,2024-01-12,2024-01-17,2024-01-20,Sea,1247,17,2911.37,49493.29,Clear,Central,Yes,90.3,EcomExpress,Customs,0,0,1
1873,7425.0,4.4,8.0,2024-03-26,2024-04-03,2024-04-05,Road,1085,37,4576.98,169348.26,Rainy,North,No,80.0,FedEx,Customs,0,0,1
1874,1729.0,4.9,6.0,2024-08-12,2024-08-18,2024-08-20,Air,1158,63,4265.54,268729.02,Cloudy,South,Yes,98.9,FedEx,Traffic,0,0,1
1875,9767.0,3.8,6.0,2024-03-22,2024-03-28,2024-03-27,Road,1045,14,206.56,2891.84,Cloudy,West,No,74.8,BlueDart,Traffic,1,0,1
1876,9375.0,4.6,7.0,2024-11-06,2024-11-13,2024-11-15,Air,865,7,3178.98,22252.86,Rainy,West,Yes,74.4,Delhivery,Traffic,0,0,1
1877,9960.0,4.5,2.0,2024-06-13,2024-06-15,2024-06-15,Road,575,13,3255.28,42318.64,Cloudy,East,Yes,85.5,Delhivery,Operational,1,0,1
1878,2352.0,3.5,10.0,2024-06-19,2024-06-29,2024-07-02,Road,1445,60,1156.14,69368.4,Cloudy,North,Yes,86.5,BlueDart,,0,0,1
1879,2797.0,3.2,8.0,2024-07-23,2024-07-31,2024-07-31,Road,1417,44,2155.44,94839.36,Cloudy,Central,Yes,96.1,Delhivery,Customs,1,0,1
1880,8841.0,4.2,7.0,2024-03-28,2024-04-04,2024-04-08,Air,139,26,3110.63,80876.38,Cloudy,South,Yes,71.9,FedEx,Weather,0,0,1
1881,2058.0,2.7,4.0,2024-09-02,2024-09-06,2024-09-08,Road,921,58,4881.96,283153.68,Storm,North,Yes,97.0,BlueDart,Weather,0,0,1
1882,5922.0,4.3,2.0,2024-06-15,2024-06-17,2024-06-17,Air,62,76,1800.97,136873.72,Storm,South,No,98.0,EcomExpress,,1,1,1
1883,6431.0,3.2,9.0,2024-06-14,2024-06-23,2024-06-23,Road,1188,73,2351.72,171675.56,Cloudy,East,Yes,80.2,FedEx,Operational,1,0,1
1884,6153.0,3.7,9.0,2024-08-19,2024-08-28,2024-09-01,Sea,803,53,4587.45,243134.85,Clear,West,No,89.3,EcomExpress,Operational,0,0,1
1885,2929.0,4.9,6.0,2024-02-01,2024-02-07,2024-02-06,Road,1488,93,3557.5,330847.5,Storm,West,No,79.6,BlueDart,Customs,1,0,1
1886,9769.0,3.1,2.0,2024-02-02,2024-02-04,2024-02-05,Road,633,14,2587.66,36227.24,Storm,East,No,77.4,DHL,,0,0,1
1887,6384.0,4.0,7.0,2024-03-02,2024-03-09,2024-03-13,Road,170,45,4684.74,210813.3,Rainy,Central,Yes,91.2,FedEx,Operational,0,1,0
1888,9683.0,3.2,4.0,2024-04-20,2024-04-24,2024-04-23,Sea,1409,49,122.39,5997.11,Rainy,South,Yes,87.1,FedEx,Weather,1,1,1
1889,2091.0,4.3,10.0,2024-06-11,2024-06-21,2024-06-22,Air,830,20,1065.2,21304.0,Rainy,South,No,80.5,FedEx,Traffic,0,0,1
1890,8213.0,4.0,6.0,2024-03-14,2024-03-20,2024-03-21,Air,683,60,1618.63,97117.8,Clear,East,Yes,74.0,DHL,Traffic,0,0,1
1891,6736.0,3.7,8.0,2024-01-14,2024-01-22,2024-01-25,Air,536,77,4174.43,321431.11,Storm,East,Yes,92.1,EcomExpress,Operational,0,1,0
1892,7302.0,3.5,6.0,2024-10-24,2024-10-30,2024-11-01,Road,118,19,507.24,9637.56,Cloudy,West,No,81.7,EcomExpress,Weather,0,0,1
1893,3908.0,4.9,10.0,2024-09-04,2024-09-14,2024-09-13,Road,1303,17,2526.35,42947.95,Rainy,East,Yes,76.3,Delhivery,Operational,1,0,1
1894,8746.0,3.4,5.0,2024-09-16,2024-09-21,2024-09-20,Road,1013,76,3212.22,244128.72,Clear,North,No,87.4,DHL,Traffic,1,0,1
1895,7336.0,3.0,6.0,2024-11-23,2024-11-29,2024-11-28,Road,704,75,2730.8,204810.0,Rainy,East,Yes,81.0,EcomExpress,Weather,1,1,1
1896,8981.0,2.8,4.0,2024-08-01,2024-08-05,2024-08-07,Air,516,50,3211.97,160598.5,Cloudy,Central,Yes,71.9,EcomExpress,Operational,0,0,1
1897,2785.0,3.1,8.0,2024-11-22,2024-11-30,2024-12-04,Air,407,92,530.15,48773.8,Storm,West,No,75.8,FedEx,,0,0,1
1898,2303.0,4.2,9.0,2024-01-17,2024-01-26,2024-01-27,Road,499,31,4303.64,133412.84,Storm,South,No,96.7,DHL,,0,0,1
1899,8541.0,4.9,6.0,2024-03-09,2024-03-15,2024-03-17,Air,1125,5,4801.67,24008.35,Cloudy,West,No,87.6,DHL,Traffic,0,1,0
1900,7739.0,3.2,6.0,2024-07-11,2024-07-17,2024-07-17,Sea,102,22,3270.02,71940.44,Clear,Central,Yes,94.8,FedEx,Operational,1,0,1
1901,9973.0,3.0,2.0,2024-03-10,2024-03-12,2024-03-17,Air,1374,61,2832.3,172770.3,Cloudy,South,Yes,79.5,Delhivery,Operational,0,1,0
1902,3158.0,3.5,10.0,2024-01-04,2024-01-14,2024-01-18,Road,752,35,4492.37,157232.95,Rainy,North,No,70.5,EcomExpress,,0,0,1
1903,7285.0,4.3,3.0,2024-05-29,2024-06-01,2024-06-04,Road,1312,98,440.99,43217.02,Rainy,South,No,94.4,Delhivery,Operational,0,0,1
1904,2862.0,3.2,3.0,2024-01-31,2024-02-03,2024-02-04,Road,187,32,1019.57,32626.24,Cloudy,North,No,91.7,DHL,Operational,0,0,1
1905,9298.0,4.2,2.0,2024-02-12,2024-02-14,2024-02-18,Road,643,96,499.94,47994.24,Storm,South,No,84.4,Delhivery,Operational,0,0,1
1906,5756.0,3.5,10.0,2024-10-15,2024-10-25,2024-10-26,Sea,486,1,1150.54,1150.54,Storm,West,Yes,71.6,FedEx,Customs,0,0,1
1907,9235.0,4.4,10.0,2024-10-23,2024-11-02,2024-11-03,Sea,800,48,3637.11,174581.28,Clear,Central,No,95.7,BlueDart,Customs,0,0,1
1908,3306.0,4.7,2.0,2024-01-12,2024-01-14,2024-01-18,Sea,136,57,4672.87,266353.59,Clear,East,Yes,73.7,Delhivery,Operational,0,0,1
1909,7835.0,2.7,2.0,2024-09-16,2024-09-18,2024-09-18,Air,1052,25,1372.35,34308.75,Storm,West,No,72.4,DHL,Operational,1,0,1
1910,2588.0,2.9,2.0,2024-04-01,2024-04-03,2024-04-07,Air,1056,50,1673.6,83680.0,Clear,South,Yes,78.7,FedEx,Traffic,0,0,1
1911,2589.0,2.7,6.0,2024-06-18,2024-06-24,2024-06-26,Air,75,21,3016.27,63341.67,Storm,West,No,74.1,FedEx,Operational,0,0,1
1912,1371.0,4.7,9.0,2024-08-24,2024-09-02,2024-09-07,Air,36,62,586.31,36351.22,Rainy,North,Yes,98.2,Delhivery,,0,1,0
1913,3603.0,4.9,10.0,2024-05-18,2024-05-28,2024-05-27,Air,443,41,3177.4,130273.4,Clear,South,No,78.9,EcomExpress,Operational,1,1,1
1914,9365.0,3.6,6.0,2024-09-08,2024-09-14,2024-09-18,Air,137,64,3456.87,221239.68,Rainy,North,Yes,92.0,DHL,Traffic,0,1,0
1915,2640.0,3.7,10.0,2024-06-17,2024-06-27,2024-07-02,Road,1066,42,2926.1,122896.2,Cloudy,East,No,74.6,EcomExpress,Weather,0,0,1
1916,1081.0,5.0,2.0,2024-08-13,2024-08-15,2024-08-14,Road,907,24,1512.95,36310.8,Clear,South,No,79.9,DHL,Operational,1,0,1
1917,1300.0,4.1,9.0,2024-10-31,2024-11-09,2024-11-08,Air,1425,45,2601.34,117060.3,Rainy,Central,No,87.2,Delhivery,,1,0,1
1918,7726.0,3.3,7.0,2024-03-15,2024-03-22,2024-03-22,Sea,1046,42,203.13,8531.46,Storm,North,Yes,93.8,DHL,,1,0,1
1919,6235.0,3.2,7.0,2024-01-24,2024-01-31,2024-01-31,Air,699,61,3125.5,190655.5,Cloudy,West,Yes,88.7,BlueDart,Weather,1,0,1
1920,3975.0,2.8,2.0,2024-07-20,2024-07-22,2024-07-24,Air,944,8,4926.38,39411.04,Rainy,North,No,85.7,DHL,Operational,0,1,0
1921,3022.0,3.4,4.0,2024-04-17,2024-04-21,2024-04-25,Air,21,60,3635.43,218125.8,Rainy,North,Yes,84.3,Delhivery,,0,0,1
1922,8067.0,4.3,4.0,2024-03-31,2024-04-04,2024-04-06,Air,421,44,3370.36,148295.84,Storm,South,No,90.9,DHL,Traffic,0,1,0
1923,2203.0,4.6,4.0,2024-11-20,2024-11-24,2024-11-25,Road,490,23,4783.72,110025.56,Cloudy,South,Yes,88.5,DHL,,0,0,1
1924,5138.0,3.2,2.0,2024-01-14,2024-01-16,2024-01-20,Air,1199,15,2843.4,42651.0,Clear,North,No,78.3,DHL,Weather,0,1,0
1925,8235.0,2.6,9.0,2024-07-11,2024-07-20,2024-07-22,Air,747,8,3935.98,31487.84,Cloudy,South,Yes,77.7,DHL,Traffic,0,0,1
1926,2943.0,3.6,4.0,2024-01-03,2024-01-07,2024-01-10,Road,431,49,3485.63,170795.87,Storm,Central,Yes,91.9,EcomExpress,Weather,0,0,1
1927,6522.0,4.4,4.0,2024-02-06,2024-02-10,2024-02-12,Air,1094,26,2015.0,52390.0,Cloudy,North,Yes,86.6,BlueDart,Customs,0,0,1
1928,6843.0,3.5,3.0,2024-04-10,2024-04-13,2024-04-16,Road,151,70,496.41,34748.7,Clear,Central,No,85.6,DHL,Customs,0,0,1
1929,2257.0,4.4,7.0,2024-08-22,2024-08-29,2024-08-31,Air,270,6,4456.76,26740.56,Rainy,East,No,99.1,Delhivery,,0,0,1
1930,2324.0,3.2,8.0,2024-05-16,2024-05-24,2024-05-24,Sea,1016,42,4456.48,187172.16,Storm,East,Yes,74.5,BlueDart,,1,0,1
1931,7098.0,4.0,10.0,2024-04-20,2024-04-30,2024-05-03,Air,93,89,3576.12,318274.68,Rainy,South,No,83.6,Delhivery,Weather,0,1,0
1932,6491.0,3.9,2.0,2024-08-11,2024-08-13,2024-08-14,Air,1146,38,4617.77,175475.26,Cloudy,Central,Yes,72.2,DHL,Weather,0,1,0
1933,8198.0,4.4,10.0,2024-02-12,2024-02-22,2024-02-21,Air,145,39,2316.25,90333.75,Cloudy,West,Yes,98.1,EcomExpress,,1,0,1
1934,7498.0,3.4,8.0,2024-11-16,2024-11-24,2024-11-28,Road,317,91,761.01,69251.91,Cloudy,North,Yes,97.7,EcomExpress,Operational,0,1,0
1935,4690.0,3.3,3.0,2024-01-08,2024-01-11,2024-01-10,Road,871,1,4484.84,4484.84,Rainy,West,Yes,93.5,EcomExpress,,1,0,1
1936,7636.0,3.0,8.0,2024-05-06,2024-05-14,2024-05-17,Road,406,65,2848.49,185151.85,Cloudy,Central,Yes,82.2,FedEx,Operational,0,0,1
1937,7348.0,4.4,6.0,2024-07-05,2024-07-11,2024-07-15,Air,50,48,1876.71,90082.08,Storm,East,No,99.3,BlueDart,Operational,0,0,1
1938,4663.0,4.2,4.0,2024-03-20,2024-03-24,2024-03-23,Sea,1011,55,4840.64,266235.2,Rainy,East,No,85.2,BlueDart,Customs,1,0,1
1939,7917.0,4.5,4.0,2024-01-04,2024-01-08,2024-01-08,Air,224,48,3186.99,152975.52,Cloudy,South,No,91.5,FedEx,Traffic,1,0,1
1940,1952.0,2.8,3.0,2024-09-03,2024-09-06,2024-09-06,Sea,1144,33,4364.6,144031.8,Storm,Central,Yes,83.4,BlueDart,,1,0,1
1941,4174.0,3.8,5.0,2024-03-17,2024-03-22,2024-03-23,Road,628,69,621.46,42880.74,Rainy,West,Yes,71.3,DHL,Operational,0,1,0
1942,6501.0,2.7,6.0,2024-03-30,2024-04-05,2024-04-08,Air,21,91,1130.08,102837.28,Rainy,West,Yes,97.3,FedEx,Traffic,0,1,0
1943,7698.0,3.1,7.0,2024-05-09,2024-05-16,2024-05-19,Air,1190,39,1368.96,53389.44,Clear,South,No,72.3,FedEx,Weather,0,0,1
1944,9349.0,2.9,3.0,2024-09-08,2024-09-11,2024-09-12,Sea,657,27,3749.69,101241.63,Clear,North,Yes,84.2,FedEx,Weather,0,1,0
1945,7326.0,4.7,3.0,2024-05-02,2024-05-05,2024-05-10,Air,597,47,3791.93,178220.71,Storm,East,Yes,91.4,DHL,Operational,0,0,1
1946,2365.0,2.9,9.0,2024-01-14,2024-01-23,2024-01-27,Road,606,93,2622.48,243890.64,Storm,West,Yes,71.5,DHL,Weather,0,1,0
1947,2919.0,3.4,10.0,2024-10-20,2024-10-30,2024-11-04,Sea,1423,56,2541.64,142331.84,Clear,Central,Yes,72.7,DHL,Customs,0,1,0
1948,6200.0,3.8,9.0,2024-05-03,2024-05-12,2024-05-17,Sea,1449,24,2487.54,59700.96,Cloudy,East,Yes,98.2,EcomExpress,,0,0,1
1949,5660.0,3.0,7.0,2024-06-04,2024-06-11,2024-06-16,Road,1416,92,2079.84,191345.28,Clear,East,No,90.4,DHL,Customs,0,0,1
1950,7855.0,4.3,4.0,2024-05-19,2024-05-23,2024-05-25,Road,233,59,3799.44,224166.96,Storm,Central,No,78.4,FedEx,Traffic,0,1,0
1951,8412.0,3.9,9.0,2024-10-16,2024-10-25,2024-10-30,Sea,940,55,2709.64,149030.2,Storm,East,Yes,70.5,BlueDart,Operational,0,0,1
1952,3952.0,4.4,6.0,2024-07-29,2024-08-04,2024-08-05,Air,627,54,853.5,46089.0,Rainy,West,No,92.7,FedEx,Customs,0,0,1
1953,6991.0,4.5,7.0,2024-05-13,2024-05-20,2024-05-25,Sea,1181,6,1817.53,10905.18,Clear,Central,Yes,75.0,BlueDart,,0,0,1
1954,2475.0,4.2,4.0,2024-01-04,2024-01-08,2024-01-10,Air,241,67,843.79,56533.93,Rainy,Central,No,99.1,BlueDart,Operational,0,0,1
1955,6960.0,3.5,7.0,2024-09-01,2024-09-08,2024-09-12,Air,149,18,1108.86,19959.48,Rainy,West,Yes,82.7,DHL,,0,1,0
1956,3465.0,4.5,10.0,2024-01-28,2024-02-07,2024-02-12,Sea,347,49,567.75,27819.75,Clear,West,Yes,71.7,DHL,Weather,0,1,0
1957,5362.0,4.9,4.0,2024-05-19,2024-05-23,2024-05-23,Road,274,16,3158.37,50533.92,Cloudy,West,Yes,71.6,EcomExpress,Customs,1,1,1
1958,9463.0,4.3,6.0,2024-06-18,2024-06-24,2024-06-29,Air,1434,28,2035.35,56989.8,Cloudy,South,Yes,92.1,BlueDart,Customs,0,0,1
1959,1495.0,3.3,7.0,2024-10-15,2024-10-22,2024-10-27,Air,1341,33,4360.57,143898.81,Storm,East,Yes,90.4,DHL,Operational,0,0,1
1960,7339.0,3.9,10.0,2024-05-28,2024-06-07,2024-06-12,Road,930,62,1136.43,70458.66,Storm,North,No,79.4,BlueDart,Weather,0,0,1
1961,7888.0,4.8,8.0,2024-03-13,2024-03-21,2024-03-25,Road,493,68,4647.78,316049.04,Rainy,East,No,83.9,EcomExpress,,0,0,1
1962,8432.0,3.7,4.0,2024-04-13,2024-04-17,2024-04-18,Sea,299,26,1123.6,29213.6,Rainy,East,No,75.6,BlueDart,,0,1,0
1963,,3.3,,2024-06-27,2024-07-04,2024-07-06,Road,368,80,3201.93,,Clear,North,No,98.1,EcomExpress,Traffic,0,0,1
1964,7218.0,5.0,5.0,2024-02-21,2024-02-26,2024-02-25,Road,283,57,3496.42,199295.94,Cloudy,East,No,71.5,FedEx,Customs,1,0,1
1965,8619.0,4.1,5.0,2024-07-06,2024-07-11,2024-07-11,Air,385,40,2085.43,83417.2,Cloudy,North,Yes,70.4,DHL,Operational,1,1,1
1966,9719.0,3.4,9.0,2024-08-21,2024-08-30,2024-09-03,Air,996,89,3863.2,343824.8,Clear,West,No,90.2,EcomExpress,Operational,0,0,1
1967,4724.0,2.7,9.0,2024-10-28,2024-11-06,2024-11-11,Air,491,30,930.38,27911.4,Clear,Central,Yes,76.1,FedEx,Operational,0,0,1
1968,2024.0,2.6,7.0,2024-03-08,2024-03-15,2024-03-14,Air,1429,8,3607.82,28862.56,Storm,North,Yes,73.6,Delhivery,Customs,1,0,1
1969,6150.0,2.6,5.0,2024-11-18,2024-11-23,2024-11-28,Road,1481,26,1921.13,49949.38,Storm,South,Yes,80.3,BlueDart,,0,0,1
1970,4587.0,2.5,5.0,2024-06-12,2024-06-17,2024-06-21,Sea,794,64,1561.67,99946.88,Rainy,Central,No,98.7,BlueDart,Operational,0,0,1
1971,1493.0,4.6,9.0,2024-07-17,2024-07-26,2024-07-31,Air,857,73,4502.39,328674.47,Cloudy,Central,No,80.0,Delhivery,,0,0,1
1972,5289.0,3.8,6.0,2024-05-27,2024-06-02,2024-06-04,Air,612,33,1948.59,64303.47,Storm,Central,No,76.7,EcomExpress,Traffic,0,0,1
1973,9961.0,4.7,10.0,2024-11-25,2024-12-05,2024-12-08,Road,548,20,2654.43,53088.6,Cloudy,East,Yes,93.0,Delhivery,Weather,0,0,1
1974,9442.0,4.5,4.0,2024-11-15,2024-11-19,2024-11-18,Road,789,59,2321.77,136984.43,Clear,North,No,88.6,EcomExpress,Customs,1,0,1
1975,8713.0,4.5,9.0,2024-08-24,2024-09-02,2024-09-07,Road,1207,55,2643.58,145396.9,Clear,West,No,81.9,Delhivery,Customs,0,1,0
1976,6185.0,3.2,8.0,2024-11-11,2024-11-19,2024-11-22,Road,1222,15,4548.44,68226.6,Storm,Central,Yes,89.3,EcomExpress,Operational,0,0,1
1977,6999.0,2.9,7.0,2024-09-23,2024-09-30,2024-10-03,Sea,666,39,4325.36,168689.04,Clear,North,Yes,96.3,EcomExpress,Traffic,0,0,1
1978,9379.0,2.7,7.0,2024-05-17,2024-05-24,2024-05-28,Air,1178,14,1839.42,25751.88,Cloudy,Central,No,75.5,DHL,Traffic,0,0,1
1979,1339.0,2.7,10.0,2024-02-16,2024-02-26,2024-02-26,Air,39,57,489.97,27928.29,Clear,East,No,76.9,DHL,Traffic,1,0,1
1980,2372.0,3.4,2.0,2024-07-07,2024-07-09,2024-07-11,Air,398,72,1905.71,137211.12,Storm,West,No,81.1,BlueDart,,0,1,0
1981,9460.0,3.1,5.0,2024-01-31,2024-02-05,2024-02-04,Air,189,9,3934.84,35413.56,Clear,East,Yes,77.1,FedEx,Traffic,1,0,1
1982,7585.0,4.3,3.0,2024-01-14,2024-01-17,2024-01-19,Road,630,59,3445.13,203262.67,Cloudy,South,Yes,88.4,DHL,Customs,0,1,0
1983,1820.0,2.8,4.0,2024-08-21,2024-08-25,2024-08-29,Air,1174,22,4405.44,96919.68,Storm,West,Yes,93.8,BlueDart,Operational,0,0,1
1984,2594.0,4.0,4.0,2024-07-25,2024-07-29,2024-08-03,Sea,159,86,3779.84,325066.24,Cloudy,North,No,71.7,BlueDart,Traffic,0,0,1
1985,1824.0,2.9,8.0,2024-09-27,2024-10-05,2024-10-10,Sea,590,86,2862.92,246211.12,Rainy,North,No,71.5,DHL,Customs,0,0,1
1986,7412.0,3.2,10.0,2024-06-15,2024-06-25,2024-06-27,Road,796,46,3952.91,181833.86,Rainy,South,Yes,84.6,FedEx,Customs,0,1,0
1987,9694.0,3.6,3.0,2024-03-09,2024-03-12,2024-03-12,Road,102,75,4707.26,353044.5,Clear,East,Yes,83.0,Delhivery,Operational,1,1,1
1988,9762.0,3.3,5.0,2024-01-09,2024-01-14,2024-01-15,Air,1122,81,1472.58,119278.98,Storm,South,Yes,96.1,BlueDart,Customs,0,0,1
1989,1653.0,3.9,2.0,2024-09-22,2024-09-24,2024-09-23,Road,831,24,627.87,15068.88,Storm,Central,No,89.2,FedEx,Traffic,1,1,1
1990,4802.0,4.0,5.0,2024-11-18,2024-11-23,2024-11-26,Sea,468,57,1495.12,85221.84,Storm,Central,Yes,70.4,BlueDart,Weather,0,0,1
1991,8242.0,3.0,8.0,2024-04-03,2024-04-11,2024-04-11,Sea,1110,96,3461.87,332339.52,Rainy,East,No,74.5,FedEx,Customs,1,0,1
1992,1077.0,4.8,7.0,2024-05-07,2024-05-14,2024-05-16,Road,1188,54,1506.92,81373.68,Clear,Central,Yes,82.8,DHL,,0,0,1
1993,9703.0,2.7,4.0,2024-01-09,2024-01-13,2024-01-12,Sea,798,89,414.76,36913.64,Cloudy,East,Yes,87.5,DHL,Operational,1,0,1
1994,3100.0,3.7,7.0,2024-03-19,2024-03-26,2024-03-30,Air,725,21,1241.84,26078.64,Rainy,North,No,95.0,DHL,Weather,0,0,1
1995,7170.0,3.0,2.0,2024-09-01,2024-09-03,2024-09-03,Air,462,63,2481.44,156330.72,Rainy,South,No,87.6,Delhivery,Operational,1,1,1
1996,2690.0,4.2,6.0,2024-07-29,2024-08-04,2024-08-09,Road,631,29,1837.82,53296.78,Rainy,East,Yes,96.0,EcomExpress,Traffic,0,0,1
1997,7104.0,4.8,8.0,2024-01-14,2024-01-22,2024-01-25,Air,583,26,789.02,20514.52,Rainy,South,No,89.0,BlueDart,Customs,0,1,0
1998,6534.0,4.4,6.0,2024-05-02,2024-05-08,2024-05-11,Road,1297,24,4945.36,118688.64,Storm,East,Yes,70.9,DHL,Customs,0,0,1
1999,2989.0,3.7,10.0,2024-05-19,2024-05-29,2024-06-03,Air,917,95,4518.7,429276.5,Rainy,South,No,78.2,FedEx,Weather,0,1,0
2000,2149.0,4.8,10.0,2024-11-25,2024-12-05,2024-12-07,Road,1241,48,2950.04,141601.92,Cloudy,South,Yes,73.8,EcomExpress,Customs,0,0,1
2001,1571.0,3.4,4.0,2024-11-24,2024-11-28,2024-12-01,Air,831,14,4901.37,68619.18,Storm,Central,Yes,71.8,Delhivery,Customs,0,1,0
2002,8276.0,4.9,8.0,2024-08-29,2024-09-06,2024-09-08,Road,1193,12,871.07,10452.84,Cloudy,North,No,84.2,DHL,Customs,0,0,1
2003,8241.0,4.6,6.0,2024-06-09,2024-06-15,2024-06-17,Air,235,53,4065.35,215463.55,Rainy,West,Yes,78.6,DHL,Operational,0,1,0
2004,2013.0,4.2,10.0,2024-08-03,2024-08-13,2024-08-14,Sea,1487,60,1388.55,83313.0,Storm,East,Yes,70.5,DHL,Operational,0,1,0
2005,3419.0,4.2,2.0,2024-10-22,2024-10-24,2024-10-28,Sea,523,93,3819.54,355217.22,Rainy,South,No,75.8,FedEx,Operational,0,0,1
2006,3291.0,3.3,10.0,2024-08-11,2024-08-21,2024-08-22,Road,1257,50,4464.54,223227.0,Storm,Central,No,70.8,FedEx,Traffic,0,1,0
2007,2243.0,4.4,3.0,2024-07-10,2024-07-13,2024-07-12,Road,974,76,3278.62,249175.12,Rainy,Central,No,97.4,EcomExpress,Customs,1,0,1
2008,7281.0,3.2,5.0,2024-03-05,2024-03-10,2024-03-14,Road,620,48,3329.47,159814.56,Clear,North,Yes,95.6,BlueDart,Customs,0,0,1
2009,8966.0,2.7,3.0,2024-11-05,2024-11-08,2024-11-10,Sea,949,7,4157.56,29102.92,Clear,East,No,79.6,BlueDart,Weather,0,0,1
2010,5735.0,3.8,10.0,2024-10-30,2024-11-09,2024-11-11,Air,313,92,237.06,21809.52,Storm,West,No,74.0,EcomExpress,Customs,0,0,1
2011,7813.0,3.6,10.0,2024-03-21,2024-03-31,2024-03-31,Air,207,46,2527.47,116263.62,Clear,South,No,90.5,DHL,Weather,1,0,1
2012,2787.0,4.8,8.0,2024-10-09,2024-10-17,2024-10-22,Road,1417,69,936.04,64586.76,Rainy,East,Yes,73.0,Delhivery,Customs,0,0,1
2013,6469.0,2.5,4.0,2024-01-13,2024-01-17,2024-01-22,Sea,1266,4,3382.37,13529.48,Cloudy,Central,No,93.3,BlueDart,,0,1,0
2014,3844.0,3.7,4.0,2024-09-02,2024-09-06,2024-09-06,Air,716,72,3890.78,280136.16,Clear,North,Yes,87.4,FedEx,,1,0,1
2015,8975.0,4.2,2.0,2024-07-21,2024-07-23,2024-07-24,Road,557,46,1962.84,90290.64,Storm,West,Yes,97.0,DHL,Operational,0,1,0
2016,7730.0,3.3,8.0,2024-02-06,2024-02-14,2024-02-16,Road,1399,76,1263.61,96034.36,Clear,East,Yes,83.3,BlueDart,Operational,0,0,1
2017,7862.0,3.4,2.0,2024-06-13,2024-06-15,2024-06-16,Road,680,75,3817.27,286295.25,Storm,South,No,90.6,FedEx,Weather,0,0,1
2018,9553.0,3.4,9.0,2024-06-12,2024-06-21,2024-06-24,Road,856,88,2773.61,244077.68,Cloudy,East,No,99.2,Delhivery,Operational,0,0,1
2019,3802.0,2.7,4.0,2024-01-25,2024-01-29,2024-01-30,Air,114,3,1962.75,5888.25,Clear,South,No,87.5,EcomExpress,Operational,0,0,1
2020,7087.0,4.9,4.0,2024-02-16,2024-02-20,2024-02-24,Road,894,75,2582.23,193667.25,Rainy,North,No,72.4,FedEx,Customs,0,0,1
2021,7631.0,2.5,4.0,2024-09-17,2024-09-21,2024-09-24,Air,1483,31,4045.1,125398.1,Cloudy,South,Yes,73.1,BlueDart,Customs,0,0,1
2022,8504.0,4.1,3.0,2024-05-21,2024-05-24,2024-05-28,Sea,1256,8,3921.53,31372.24,Clear,East,Yes,79.7,BlueDart,Traffic,0,0,1
2023,4800.0,4.2,8.0,2024-03-17,2024-03-25,2024-03-24,Road,588,78,382.24,29814.72,Clear,North,Yes,85.7,Delhivery,Customs,1,1,1
2024,9848.0,4.9,6.0,2024-07-09,2024-07-15,2024-07-16,Sea,1069,67,3979.53,266628.51,Storm,South,Yes,70.1,BlueDart,,0,0,1
2025,7365.0,4.2,4.0,2024-10-10,2024-10-14,2024-10-17,Road,1032,93,3509.94,326424.42,Storm,East,No,95.7,Delhivery,Customs,0,0,1
2026,1067.0,4.7,7.0,2024-09-07,2024-09-14,2024-09-15,Air,377,4,3166.38,12665.52,Rainy,West,Yes,86.2,DHL,Operational,0,1,0
2027,6836.0,2.5,6.0,2024-03-28,2024-04-03,2024-04-07,Sea,1007,48,2874.96,137998.08,Rainy,East,Yes,96.4,Delhivery,,0,0,1
2028,3594.0,2.9,6.0,2024-08-25,2024-08-31,2024-09-03,Road,681,94,2067.21,194317.74,Storm,West,No,97.8,EcomExpress,,0,1,0
2029,4701.0,3.8,7.0,2024-08-15,2024-08-22,2024-08-27,Road,344,74,245.31,18152.94,Rainy,South,No,93.0,Delhivery,Weather,0,0,1
2030,8332.0,2.8,2.0,2024-05-31,2024-06-02,2024-06-06,Air,1317,57,1811.7,103266.9,Cloudy,South,Yes,77.9,EcomExpress,,0,0,1
2031,3819.0,2.8,4.0,2024-08-28,2024-09-01,2024-09-02,Sea,634,74,2868.28,212252.72,Cloudy,North,No,83.8,FedEx,Operational,0,0,1
2032,8210.0,2.7,3.0,2024-01-01,2024-01-04,2024-01-03,Road,207,62,3559.32,220677.84,Storm,East,Yes,79.5,EcomExpress,Customs,1,0,1
2033,4013.0,4.3,3.0,2024-07-24,2024-07-27,2024-07-29,Sea,67,79,906.17,71587.43,Storm,Central,Yes,70.6,BlueDart,Traffic,0,0,1
2034,4908.0,3.6,9.0,2024-10-01,2024-10-10,2024-10-10,Air,1270,58,2779.22,161194.76,Rainy,West,No,90.2,Delhivery,,1,0,1
2035,6397.0,3.3,4.0,2024-01-24,2024-01-28,2024-01-27,Road,1020,49,3921.89,192172.61,Cloudy,West,No,82.5,EcomExpress,,1,0,1
2036,5016.0,4.1,9.0,2024-02-05,2024-02-14,2024-02-13,Sea,1430,26,1503.46,39089.96,Storm,Central,Yes,92.1,Delhivery,,1,0,1
2037,4354.0,4.6,6.0,2024-06-10,2024-06-16,2024-06-18,Air,814,7,2682.87,18780.09,Rainy,Central,Yes,74.3,DHL,Weather,0,0,1
2038,8931.0,2.8,2.0,2024-01-09,2024-01-11,2024-01-12,Air,521,86,3575.73,307512.78,Rainy,East,Yes,94.1,DHL,Weather,0,0,1
2039,7608.0,4.2,8.0,2024-07-19,2024-07-27,2024-07-29,Road,553,64,4627.64,296168.96,Storm,Central,No,98.2,Delhivery,,0,0,1
2040,6959.0,3.7,8.0,2024-07-07,2024-07-15,2024-07-17,Air,571,81,1426.01,115506.81,Rainy,Central,No,88.9,BlueDart,Operational,0,1,0
2041,3615.0,4.5,4.0,2024-02-11,2024-02-15,2024-02-15,Sea,725,11,3576.45,39340.95,Storm,South,Yes,89.4,BlueDart,Customs,1,1,1
2042,4419.0,3.5,7.0,2024-07-06,2024-07-13,2024-07-14,Sea,12,14,3084.0,43176.0,Clear,South,No,81.7,Delhivery,,0,1,0
2043,8201.0,3.5,10.0,2024-06-30,2024-07-10,2024-07-12,Air,1128,20,1271.02,25420.4,Clear,East,No,82.6,EcomExpress,,0,1,0
2044,5431.0,4.4,5.0,2024-11-13,2024-11-18,2024-11-17,Sea,892,65,3731.91,242574.15,Storm,East,No,77.9,Delhivery,Customs,1,0,1
2045,8179.0,5.0,7.0,2024-07-14,2024-07-21,2024-07-26,Sea,1047,52,430.06,22363.12,Rainy,West,Yes,83.1,FedEx,Weather,0,1,0
2046,6740.0,4.4,5.0,2024-09-18,2024-09-23,2024-09-24,Air,418,24,3778.47,90683.28,Rainy,North,Yes,84.5,BlueDart,,0,0,1
2047,6130.0,4.0,6.0,2024-05-01,2024-05-07,2024-05-08,Road,910,95,3014.48,286375.6,Cloudy,Central,No,77.3,EcomExpress,Customs,0,0,1
2048,6618.0,4.4,7.0,2024-05-30,2024-06-06,2024-06-07,Sea,236,74,2303.15,170433.1,Rainy,East,No,70.1,FedEx,Operational,0,0,1
2049,3260.0,3.2,8.0,2024-04-02,2024-04-10,2024-04-13,Road,60,34,4107.01,139638.34,Cloudy,North,No,91.3,BlueDart,Customs,0,0,1
2050,6260.0,4.3,5.0,2024-08-09,2024-08-14,2024-08-14,Sea,477,22,1565.41,34439.02,Cloudy,Central,No,75.1,DHL,,1,0,1
2051,5799.0,3.1,7.0,2024-10-16,2024-10-23,2024-10-28,Air,716,59,3376.57,199217.63,Cloudy,North,No,75.7,BlueDart,Operational,0,0,1
2052,4943.0,4.5,7.0,2024-07-16,2024-07-23,2024-07-22,Sea,455,80,400.02,32001.6,Storm,West,Yes,96.1,FedEx,Weather,1,0,1
2053,5745.0,2.9,9.0,2024-06-05,2024-06-14,2024-06-13,Road,1441,99,3322.2,328897.8,Storm,Central,Yes,87.0,EcomExpress,Customs,1,0,1
2054,7383.0,4.4,6.0,2024-01-02,2024-01-08,2024-01-13,Road,621,68,2532.34,172199.12,Cloudy,West,No,85.8,Delhivery,Customs,0,0,1
2055,8003.0,4.2,6.0,2024-05-22,2024-05-28,2024-05-30,Air,687,91,1176.58,107068.78,Storm,East,Yes,74.1,DHL,,0,0,1
2056,6986.0,3.9,6.0,2024-03-06,2024-03-12,2024-03-14,Road,1110,34,2875.49,97766.66,Rainy,West,Yes,76.4,BlueDart,,0,0,1
2057,4289.0,2.8,9.0,2024-03-26,2024-04-04,2024-04-04,Air,192,68,4451.88,302727.84,Rainy,South,No,72.3,DHL,Operational,1,0,1
2058,8426.0,4.1,10.0,2024-08-28,2024-09-07,2024-09-07,Sea,889,53,4008.23,212436.19,Rainy,West,No,77.0,BlueDart,Customs,1,0,1
2059,6259.0,4.9,6.0,2024-07-18,2024-07-24,2024-07-27,Air,394,25,1478.07,36951.75,Rainy,Central,No,80.3,Delhivery,Customs,0,0,1
2060,5742.0,3.7,8.0,2024-08-15,2024-08-23,2024-08-28,Air,899,45,3781.3,170158.5,Cloudy,East,No,87.3,DHL,,0,0,1
2061,8675.0,3.2,9.0,2024-11-17,2024-11-26,2024-12-01,Road,148,27,415.1,11207.7,Cloudy,South,Yes,96.7,EcomExpress,Weather,0,1,0
2062,4741.0,3.8,6.0,2024-01-11,2024-01-17,2024-01-16,Air,534,99,890.4,88149.6,Clear,Central,No,83.9,EcomExpress,Traffic,1,0,1
2063,7155.0,2.9,2.0,2024-01-09,2024-01-11,2024-01-10,Air,1083,83,4955.63,411317.29,Cloudy,North,Yes,72.7,BlueDart,Weather,1,0,1
2064,2967.0,3.4,5.0,2024-05-08,2024-05-13,2024-05-17,Air,161,57,3642.08,207598.56,Clear,West,Yes,86.5,EcomExpress,Customs,0,0,1
2065,9900.0,4.3,4.0,2024-10-27,2024-10-31,2024-11-02,Sea,259,48,2559.9,122875.2,Storm,South,Yes,79.6,FedEx,,0,1,0
2066,7274.0,4.2,5.0,2024-07-24,2024-07-29,2024-08-01,Road,1036,15,4908.9,73633.5,Rainy,East,No,72.4,Delhivery,,0,0,1
2067,7232.0,4.1,10.0,2024-11-22,2024-12-02,2024-12-07,Air,178,74,1703.42,126053.08,Rainy,West,Yes,95.4,EcomExpress,Customs,0,0,1
2068,6649.0,3.2,3.0,2024-07-07,2024-07-10,2024-07-10,Air,1192,32,137.31,4393.92,Rainy,West,Yes,96.7,BlueDart,Customs,1,1,1
2069,7371.0,3.4,2.0,2024-04-16,2024-04-18,2024-04-23,Sea,1314,94,483.23,45423.62,Cloudy,West,No,87.3,FedEx,Customs,0,0,1
2070,6151.0,4.7,3.0,2024-03-21,2024-03-24,2024-03-24,Sea,1063,35,2289.18,80121.3,Cloudy,South,Yes,93.3,BlueDart,,1,0,1
2071,7570.0,4.1,7.0,2024-03-13,2024-03-20,2024-03-25,Air,1123,5,4301.45,21507.25,Storm,North,Yes,89.0,Delhivery,,0,0,1
2072,4559.0,3.7,3.0,2024-01-12,2024-01-15,2024-01-19,Sea,487,84,3824.38,321247.92,Cloudy,Central,No,88.4,BlueDart,Customs,0,0,1
2073,6938.0,3.0,8.0,2024-11-24,2024-12-02,2024-12-03,Road,394,54,4435.18,239499.72,Cloudy,West,Yes,85.0,FedEx,Traffic,0,1,0
2074,1229.0,3.2,5.0,2024-08-19,2024-08-24,2024-08-29,Air,1169,18,3056.58,55018.44,Rainy,East,No,76.6,FedEx,,0,0,1
2075,5575.0,3.2,2.0,2024-05-18,2024-05-20,2024-05-19,Sea,1255,94,4734.38,445031.72,Storm,Central,Yes,73.5,EcomExpress,Traffic,1,1,1
2076,1120.0,3.0,2.0,2024-08-09,2024-08-11,2024-08-13,Road,557,87,1267.84,110302.08,Clear,West,No,85.1,DHL,,0,0,1
2077,9680.0,3.0,7.0,2024-02-15,2024-02-22,2024-02-23,Air,884,75,3838.6,287895.0,Storm,West,No,71.4,Delhivery,Traffic,0,0,1
2078,5780.0,3.8,6.0,2024-01-27,2024-02-02,2024-02-07,Air,342,2,4495.47,8990.94,Storm,South,No,94.4,Delhivery,Traffic,0,1,0
2079,7694.0,3.8,10.0,2024-08-18,2024-08-28,2024-08-31,Road,645,44,3420.77,150513.88,Rainy,Central,No,99.3,DHL,Customs,0,1,0
2080,2439.0,3.0,5.0,2024-08-18,2024-08-23,2024-08-28,Road,663,44,3317.42,145966.48,Rainy,West,No,98.9,DHL,Weather,0,1,0
2081,9601.0,4.0,4.0,2024-05-12,2024-05-16,2024-05-19,Road,753,26,2009.97,52259.22,Rainy,West,Yes,99.6,EcomExpress,Operational,0,1,0
2082,9321.0,3.3,10.0,2024-08-23,2024-09-02,2024-09-01,Sea,273,83,3421.88,284016.04,Clear,North,Yes,73.8,FedEx,,1,0,1
2083,1400.0,4.2,7.0,2024-06-12,2024-06-19,2024-06-22,Sea,1355,93,2155.2,200433.6,Cloudy,Central,Yes,95.5,DHL,Customs,0,0,1
2084,5871.0,3.6,8.0,2024-11-08,2024-11-16,2024-11-15,Road,1370,16,4827.39,77238.24,Rainy,South,No,85.3,EcomExpress,Customs,1,0,1
2085,9344.0,3.9,8.0,2024-05-06,2024-05-14,2024-05-14,Road,616,48,4263.67,204656.16,Cloudy,North,Yes,77.0,DHL,Traffic,1,0,1
2086,6334.0,4.6,5.0,2024-11-24,2024-11-29,2024-11-29,Sea,385,70,3787.51,265125.7,Rainy,Central,No,84.0,EcomExpress,,1,1,1
2087,6509.0,4.3,4.0,2024-02-10,2024-02-14,2024-02-17,Air,236,86,1002.15,86184.9,Storm,North,No,70.7,EcomExpress,Traffic,0,1,0
2088,7661.0,4.6,4.0,2024-02-24,2024-02-28,2024-02-29,Sea,756,84,1990.61,167211.24,Storm,South,No,72.4,DHL,Operational,0,1,0
2089,6796.0,2.7,2.0,2024-01-10,2024-01-12,2024-01-16,Air,81,95,2626.64,249530.8,Cloudy,North,Yes,70.7,Delhivery,,0,0,1
2090,5066.0,4.9,5.0,2024-05-07,2024-05-12,2024-05-15,Sea,687,33,3357.07,110783.31,Cloudy,East,No,85.4,BlueDart,,0,0,1
2091,8181.0,4.6,10.0,2024-04-15,2024-04-25,2024-04-24,Sea,340,82,1379.91,113152.62,Clear,Central,No,81.4,BlueDart,Traffic,1,0,1
2092,9581.0,4.9,10.0,2024-05-26,2024-06-05,2024-06-05,Air,702,99,3074.95,304420.05,Rainy,Central,Yes,88.6,FedEx,Traffic,1,1,1
2093,3247.0,3.4,7.0,2024-05-11,2024-05-18,2024-05-19,Air,211,5,2313.04,11565.2,Clear,South,No,74.7,FedEx,Operational,0,1,0
2094,8343.0,4.5,8.0,2024-07-22,2024-07-30,2024-08-04,Road,941,22,1909.3,42004.6,Rainy,Central,No,84.6,BlueDart,Customs,0,0,1
2095,2793.0,3.9,4.0,2024-06-26,2024-06-30,2024-06-30,Road,92,64,3268.45,209180.8,Cloudy,East,Yes,72.8,Delhivery,Operational,1,0,1
2096,5490.0,4.5,8.0,2024-08-28,2024-09-05,2024-09-09,Air,1044,44,1596.04,70225.76,Rainy,South,No,70.5,FedEx,Customs,0,0,1
2097,2542.0,2.6,8.0,2024-11-11,2024-11-19,2024-11-23,Road,1142,44,3683.87,162090.28,Cloudy,West,No,91.4,EcomExpress,Operational,0,0,1
2098,2499.0,4.9,4.0,2024-03-26,2024-03-30,2024-03-31,Road,1246,37,4885.27,180754.99,Rainy,South,No,88.6,Delhivery,,0,0,1
2099,9438.0,4.5,2.0,2024-08-13,2024-08-15,2024-08-19,Sea,768,76,1061.03,80638.28,Cloudy,South,No,96.6,EcomExpress,Weather,0,0,1
2100,6121.0,3.3,4.0,2024-02-02,2024-02-06,2024-02-10,Road,1080,79,1012.09,79955.11,Clear,North,No,86.4,FedEx,,0,0,1
2101,5232.0,4.9,8.0,2024-01-02,2024-01-10,2024-01-13,Air,381,79,2717.4,214674.6,Rainy,South,Yes,81.8,EcomExpress,Traffic,0,0,1
2102,4387.0,3.6,2.0,2024-03-15,2024-03-17,2024-03-19,Sea,1095,31,4203.43,130306.33,Rainy,Central,No,95.4,EcomExpress,Operational,0,0,1
2103,5031.0,3.6,3.0,2024-10-10,2024-10-13,2024-10-17,Road,161,71,2095.79,148801.09,Rainy,North,No,96.2,EcomExpress,Traffic,0,0,1
2104,3636.0,4.5,4.0,2024-09-20,2024-09-24,2024-09-24,Air,1292,93,2624.43,244071.99,Clear,Central,Yes,99.0,FedEx,Customs,1,0,1
2105,2899.0,2.5,6.0,2024-06-21,2024-06-27,2024-06-27,Air,556,21,4395.59,92307.39,Storm,South,Yes,95.2,EcomExpress,Operational,1,0,1
2106,4591.0,3.8,7.0,2024-05-25,2024-06-01,2024-06-03,Sea,866,88,3673.24,323245.12,Rainy,Central,Yes,88.6,Delhivery,,0,1,0
2107,5111.0,2.9,8.0,2024-02-24,2024-03-03,2024-03-06,Air,983,37,1189.36,44006.32,Cloudy,East,Yes,81.8,EcomExpress,,0,1,0
2108,2524.0,3.4,8.0,2024-07-13,2024-07-21,2024-07-24,Sea,31,75,2807.16,210537.0,Storm,South,Yes,71.3,FedEx,,0,1,0
2109,1535.0,2.8,9.0,2024-03-02,2024-03-11,2024-03-12,Road,1373,41,505.56,20727.96,Cloudy,North,No,82.1,FedEx,Customs,0,1,0
2110,8670.0,3.0,6.0,2024-04-12,2024-04-18,2024-04-20,Road,917,68,2083.7,141691.6,Cloudy,Central,Yes,93.6,Delhivery,Traffic,0,0,1
2111,3469.0,2.7,6.0,2024-02-29,2024-03-06,2024-03-11,Sea,464,70,145.71,10199.7,Rainy,West,No,78.8,FedEx,Customs,0,0,1
2112,4158.0,2.7,10.0,2024-02-14,2024-02-24,2024-02-25,Sea,391,54,2620.35,141498.9,Storm,West,No,95.1,DHL,,0,0,1
2113,1675.0,4.4,7.0,2024-06-02,2024-06-09,2024-06-11,Road,1240,49,1555.23,76206.27,Rainy,Central,No,79.6,DHL,Traffic,0,1,0
2114,3367.0,3.6,5.0,2024-03-19,2024-03-24,2024-03-26,Air,122,97,969.67,94057.99,Clear,West,Yes,70.4,DHL,Customs,0,0,1
2115,3217.0,4.7,10.0,2024-01-12,2024-01-22,2024-01-22,Air,671,49,1449.83,71041.67,Rainy,East,Yes,98.2,BlueDart,,1,0,1
2116,2108.0,3.5,2.0,2024-06-19,2024-06-21,2024-06-24,Road,611,14,1975.11,27651.54,Clear,Central,No,95.9,FedEx,Weather,0,0,1
2117,5017.0,2.7,5.0,2024-03-10,2024-03-15,2024-03-17,Road,78,67,3101.84,207823.28,Storm,East,Yes,88.1,BlueDart,Traffic,0,1,0
2118,5042.0,3.4,7.0,2024-05-27,2024-06-03,2024-06-02,Air,349,48,3426.11,164453.28,Cloudy,South,No,97.6,Delhivery,Operational,1,0,1
2119,4032.0,2.5,10.0,2024-06-21,2024-07-01,2024-07-01,Road,1201,68,4578.48,311336.64,Storm,West,Yes,75.5,EcomExpress,Operational,1,0,1
2120,7607.0,3.6,7.0,2024-02-25,2024-03-03,2024-03-02,Road,591,27,981.14,26490.78,Rainy,North,No,80.9,BlueDart,Traffic,1,1,1
2121,1962.0,4.9,7.0,2024-04-10,2024-04-17,2024-04-18,Road,1307,99,2335.64,231228.36,Storm,Central,No,81.5,Delhivery,Customs,0,0,1
2122,4385.0,4.2,7.0,2024-09-21,2024-09-28,2024-09-30,Road,1489,29,2408.6,69849.4,Rainy,East,No,86.8,DHL,Traffic,0,1,0
2123,6482.0,4.2,2.0,2024-02-16,2024-02-18,2024-02-18,Sea,755,12,3533.09,42397.08,Clear,South,No,80.4,BlueDart,Traffic,1,0,1
2124,5641.0,4.8,3.0,2024-05-03,2024-05-06,2024-05-07,Sea,814,38,1883.03,71555.14,Rainy,South,No,71.4,Delhivery,Weather,0,0,1
2125,6878.0,4.1,8.0,2024-01-10,2024-01-18,2024-01-20,Sea,831,65,165.22,10739.3,Storm,West,No,77.7,FedEx,Weather,0,0,1
2126,4747.0,3.8,3.0,2024-02-28,2024-03-02,2024-03-02,Air,183,26,3604.66,93721.16,Cloudy,North,Yes,96.2,BlueDart,Traffic,1,0,1
2127,2801.0,4.5,3.0,2024-06-04,2024-06-07,2024-06-11,Air,134,76,1814.76,137921.76,Clear,South,No,80.2,Delhivery,Traffic,0,0,1
2128,3283.0,4.4,9.0,2024-11-26,2024-12-05,2024-12-10,Air,1282,61,2285.03,139386.83,Rainy,South,Yes,99.3,FedEx,Customs,0,0,1
2129,6790.0,4.6,7.0,2024-01-28,2024-02-04,2024-02-09,Air,1347,46,263.86,12137.56,Cloudy,North,No,74.8,Delhivery,Operational,0,1,0
2130,6063.0,3.2,2.0,2024-03-01,2024-03-03,2024-03-07,Air,1222,10,888.21,8882.1,Rainy,West,No,93.0,Delhivery,,0,0,1
2131,8066.0,4.2,9.0,2024-10-19,2024-10-28,2024-10-31,Air,731,38,3964.04,150633.52,Clear,Central,No,97.2,EcomExpress,Customs,0,1,0
2132,9608.0,4.9,9.0,2024-05-03,2024-05-12,2024-05-11,Road,1391,44,4439.74,195348.56,Rainy,North,Yes,82.3,DHL,,1,0,1
2133,7895.0,4.8,10.0,2024-07-26,2024-08-05,2024-08-09,Air,550,25,4598.79,114969.75,Cloudy,East,Yes,92.6,FedEx,,0,0,1
2134,1034.0,4.7,5.0,2024-07-31,2024-08-05,2024-08-06,Road,667,90,4677.3,420957.0,Rainy,West,No,91.4,BlueDart,Traffic,0,0,1
2135,6173.0,2.8,3.0,2024-11-16,2024-11-19,2024-11-18,Sea,359,94,3720.06,349685.64,Clear,Central,Yes,82.7,BlueDart,Traffic,1,1,1
2136,9303.0,4.7,8.0,2024-04-21,2024-04-29,2024-05-01,Road,339,36,3630.54,130699.44,Rainy,North,Yes,77.0,BlueDart,Operational,0,1,0
2137,8461.0,4.3,6.0,2024-10-03,2024-10-09,2024-10-13,Air,866,55,3207.61,176418.55,Clear,West,No,92.8,Delhivery,Operational,0,0,1
2138,3242.0,3.3,6.0,2024-03-15,2024-03-21,2024-03-23,Air,251,27,4444.69,120006.63,Storm,West,Yes,83.1,DHL,Operational,0,0,1
2139,2145.0,4.2,8.0,2024-05-23,2024-05-31,2024-06-01,Air,633,26,1741.48,45278.48,Cloudy,South,Yes,79.6,DHL,Customs,0,0,1
2140,9619.0,2.8,3.0,2024-04-19,2024-04-22,2024-04-24,Air,291,72,1238.81,89194.32,Rainy,Central,Yes,77.0,FedEx,Customs,0,0,1
2141,4293.0,3.4,5.0,2024-10-24,2024-10-29,2024-10-28,Air,1479,10,2935.6,29356.0,Cloudy,Central,No,99.5,DHL,Weather,1,0,1
2142,2883.0,2.9,9.0,2024-03-25,2024-04-03,2024-04-03,Sea,738,78,3852.63,300505.14,Clear,West,Yes,90.8,BlueDart,Weather,1,0,1
2143,5332.0,4.3,5.0,2024-09-09,2024-09-14,2024-09-15,Road,894,92,894.8,82321.6,Storm,West,No,71.1,FedEx,Customs,0,0,1
2144,6695.0,2.9,10.0,2024-09-03,2024-09-13,2024-09-16,Air,809,89,3319.57,295441.73,Storm,South,Yes,82.9,DHL,Weather,0,0,1
2145,2100.0,3.1,5.0,2024-04-19,2024-04-24,2024-04-25,Air,314,77,299.99,23099.23,Storm,North,No,92.5,DHL,Customs,0,0,1
2146,2923.0,3.2,2.0,2024-09-27,2024-09-29,2024-10-02,Road,1301,17,1051.63,17877.71,Clear,North,Yes,85.9,BlueDart,Weather,0,0,1
2147,4624.0,3.4,9.0,2024-07-27,2024-08-05,2024-08-09,Road,741,39,4046.55,157815.45,Rainy,East,No,76.9,FedEx,Traffic,0,1,0
2148,8810.0,3.0,3.0,2024-01-23,2024-01-26,2024-01-26,Sea,277,30,2633.28,78998.4,Rainy,East,No,83.8,Delhivery,Customs,1,0,1
2149,9624.0,2.7,9.0,2024-09-04,2024-09-13,2024-09-12,Air,288,89,3724.61,331490.29,Cloudy,North,No,99.1,BlueDart,,1,0,1
2150,2825.0,3.1,9.0,2024-05-09,2024-05-18,2024-05-17,Sea,457,48,3490.87,167561.76,Cloudy,Central,Yes,78.8,EcomExpress,Operational,1,0,1
2151,5879.0,2.7,7.0,2024-04-06,2024-04-13,2024-04-16,Sea,805,22,4234.54,93159.88,Cloudy,South,Yes,86.4,DHL,Operational,0,1,0
2152,1999.0,3.7,9.0,2024-07-06,2024-07-15,2024-07-15,Air,1015,7,1372.84,9609.88,Clear,Central,Yes,98.6,EcomExpress,Operational,1,1,1
2153,2383.0,2.9,5.0,2024-10-15,2024-10-20,2024-10-25,Sea,164,44,1047.82,46104.08,Rainy,East,No,99.7,BlueDart,Operational,0,0,1
2154,9866.0,2.8,10.0,2024-06-25,2024-07-05,2024-07-07,Road,1256,15,3319.55,49793.25,Storm,West,No,98.0,EcomExpress,Operational,0,0,1
2155,2587.0,4.8,7.0,2024-01-05,2024-01-12,2024-01-14,Road,482,27,4032.65,108881.55,Storm,East,Yes,87.5,DHL,Customs,0,0,1
2156,8056.0,4.1,4.0,2024-11-11,2024-11-15,2024-11-18,Air,1340,68,2759.99,187679.32,Cloudy,South,Yes,85.0,BlueDart,Traffic,0,0,1
2157,8012.0,3.4,4.0,2024-07-16,2024-07-20,2024-07-19,Road,587,32,3122.95,99934.4,Rainy,West,Yes,70.0,FedEx,Operational,1,0,1
2158,8854.0,3.4,4.0,2024-09-06,2024-09-10,2024-09-11,Road,600,87,4623.04,402204.48,Clear,North,Yes,79.2,EcomExpress,Traffic,0,0,1
2159,8582.0,4.0,3.0,2024-05-02,2024-05-05,2024-05-07,Sea,371,9,3535.75,31821.75,Clear,West,No,87.5,Delhivery,Customs,0,0,1
2160,6157.0,3.1,5.0,2024-05-04,2024-05-09,2024-05-11,Road,809,59,2337.81,137930.79,Clear,West,Yes,80.8,FedEx,Operational,0,1,0
2161,2824.0,5.0,5.0,2024-04-27,2024-05-02,2024-05-02,Air,411,48,1818.86,87305.28,Cloudy,East,No,99.8,DHL,Weather,1,1,1
2162,5492.0,3.0,5.0,2024-01-30,2024-02-04,2024-02-04,Air,1304,31,2874.91,89122.21,Clear,South,Yes,80.6,EcomExpress,Traffic,1,0,1
2163,7752.0,3.4,10.0,2024-06-19,2024-06-29,2024-06-28,Air,246,43,2053.43,88297.49,Storm,West,No,96.3,FedEx,Weather,1,0,1
2164,2290.0,4.6,8.0,2024-10-03,2024-10-11,2024-10-14,Air,910,63,4306.45,271306.35,Storm,South,Yes,86.5,FedEx,Weather,0,0,1
2165,3956.0,4.5,4.0,2024-02-14,2024-02-18,2024-02-17,Sea,401,5,2455.68,12278.4,Cloudy,South,No,96.9,FedEx,Operational,1,0,1
2166,7351.0,4.0,7.0,2024-01-23,2024-01-30,2024-02-01,Road,632,77,4422.26,340514.02,Clear,East,No,96.0,BlueDart,Operational,0,0,1
2167,8581.0,3.2,4.0,2024-06-26,2024-06-30,2024-07-03,Air,178,23,1043.64,24003.72,Rainy,North,Yes,88.5,EcomExpress,Weather,0,0,1
2168,6123.0,2.7,10.0,2024-09-29,2024-10-09,2024-10-08,Road,1371,73,2557.22,186677.06,Clear,South,Yes,93.4,DHL,Weather,1,1,1
2169,5146.0,2.9,5.0,2024-05-26,2024-05-31,2024-05-31,Air,523,8,2624.57,20996.56,Clear,South,No,88.5,EcomExpress,Traffic,1,1,1
2170,5951.0,3.4,2.0,2024-02-01,2024-02-03,2024-02-04,Road,140,99,1835.73,181737.27,Clear,West,Yes,73.4,FedEx,Traffic,0,0,1
2171,7684.0,4.9,3.0,2024-02-15,2024-02-18,2024-02-20,Sea,276,63,1407.9,88697.7,Rainy,Central,Yes,81.6,FedEx,,0,0,1
2172,6832.0,3.3,10.0,2024-01-14,2024-01-24,2024-01-23,Road,1366,54,4869.41,262948.14,Cloudy,East,No,88.4,EcomExpress,Customs,1,1,1
2173,7164.0,3.6,9.0,2024-03-14,2024-03-23,2024-03-23,Air,526,90,4078.64,367077.6,Clear,West,Yes,89.3,Delhivery,Operational,1,0,1
2174,7887.0,3.7,9.0,2024-03-24,2024-04-02,2024-04-06,Sea,1212,77,1798.3,138469.1,Storm,West,No,83.4,BlueDart,Operational,0,1,0
2175,1551.0,2.8,7.0,2024-05-08,2024-05-15,2024-05-15,Road,1326,67,189.46,12693.82,Cloudy,West,Yes,78.9,EcomExpress,,1,0,1
2176,4895.0,2.7,7.0,2024-06-03,2024-06-10,2024-06-11,Air,1294,3,2423.96,7271.88,Cloudy,West,Yes,80.3,BlueDart,,0,0,1
2177,2406.0,3.5,8.0,2024-01-18,2024-01-26,2024-01-29,Road,1435,38,2859.55,108662.9,Rainy,Central,Yes,70.3,BlueDart,Traffic,0,0,1
2178,5562.0,4.0,9.0,2024-06-16,2024-06-25,2024-06-26,Air,1146,100,862.25,86225.0,Cloudy,East,Yes,88.1,DHL,Customs,0,1,0
2179,2362.0,4.2,3.0,2024-04-21,2024-04-24,2024-04-27,Air,955,98,1064.42,104313.16,Storm,Central,No,76.7,BlueDart,Traffic,0,1,0
2180,1020.0,4.4,2.0,2024-04-12,2024-04-14,2024-04-18,Air,556,14,1502.05,21028.7,Storm,South,Yes,79.0,DHL,,0,0,1
2181,2119.0,4.7,7.0,2024-02-17,2024-02-24,2024-02-29,Air,1159,79,3999.65,315972.35,Rainy,East,Yes,79.9,BlueDart,Traffic,0,1,0
2182,9872.0,4.4,7.0,2024-10-16,2024-10-23,2024-10-23,Sea,456,32,900.13,28804.16,Cloudy,South,No,71.6,FedEx,,1,0,1
2183,8217.0,3.0,10.0,2024-03-31,2024-04-10,2024-04-15,Air,1412,33,2535.79,83681.07,Storm,East,Yes,78.1,BlueDart,,0,1,0
2184,2494.0,3.3,9.0,2024-08-30,2024-09-08,2024-09-11,Sea,762,93,190.06,17675.58,Clear,Central,Yes,83.8,EcomExpress,Weather,0,0,1
2185,2913.0,3.6,8.0,2024-02-12,2024-02-20,2024-02-25,Road,900,45,4948.23,222670.35,Cloudy,Central,Yes,75.1,DHL,Operational,0,0,1
2186,3390.0,4.9,7.0,2024-07-20,2024-07-27,2024-07-26,Sea,892,93,3440.09,319928.37,Rainy,East,Yes,90.7,BlueDart,Customs,1,1,1
2187,5888.0,4.4,6.0,2024-10-01,2024-10-07,2024-10-12,Sea,456,94,4598.18,432228.92,Cloudy,Central,No,98.1,BlueDart,,0,0,1
2188,9636.0,4.1,5.0,2024-04-22,2024-04-27,2024-04-27,Road,1338,84,797.2,66964.8,Clear,East,Yes,75.2,EcomExpress,Customs,1,0,1
2189,9649.0,3.6,8.0,2024-04-23,2024-05-01,2024-04-30,Sea,935,70,2488.49,174194.3,Rainy,East,Yes,88.3,EcomExpress,Customs,1,0,1
2190,9536.0,4.9,9.0,2024-05-17,2024-05-26,2024-05-27,Sea,382,23,941.19,21647.37,Storm,East,No,72.6,BlueDart,Weather,0,0,1
2191,5430.0,4.2,10.0,2024-05-18,2024-05-28,2024-05-31,Road,1142,34,183.19,6228.46,Rainy,Central,No,87.9,FedEx,Traffic,0,1,0
2192,3697.0,3.8,3.0,2024-07-05,2024-07-08,2024-07-09,Sea,328,86,4470.26,384442.36,Clear,North,No,73.5,DHL,Traffic,0,0,1
2193,2784.0,2.8,8.0,2024-02-15,2024-02-23,2024-02-27,Road,92,23,363.3,8355.9,Cloudy,East,Yes,92.8,EcomExpress,,0,0,1
2194,7748.0,3.6,2.0,2024-05-01,2024-05-03,2024-05-05,Road,456,88,4246.24,373669.12,Rainy,West,Yes,83.5,Delhivery,Operational,0,0,1
2195,4651.0,4.7,2.0,2024-05-29,2024-05-31,2024-06-01,Road,1313,31,1761.83,54616.73,Cloudy,West,No,80.3,Delhivery,,0,0,1
2196,3143.0,3.3,8.0,2024-01-20,2024-01-28,2024-01-28,Air,1218,11,522.85,5751.35,Clear,South,Yes,73.3,BlueDart,Weather,1,1,1
2197,6617.0,2.6,7.0,2024-01-25,2024-02-01,2024-02-06,Sea,311,7,1768.24,12377.68,Clear,North,Yes,81.5,FedEx,Weather,0,0,1
2198,7944.0,4.5,5.0,2024-06-17,2024-06-22,2024-06-25,Sea,830,86,1434.69,123383.34,Rainy,Central,No,89.3,DHL,Traffic,0,0,1
2199,9026.0,4.8,3.0,2024-09-15,2024-09-18,2024-09-17,Sea,502,93,4158.65,386754.45,Rainy,Central,Yes,83.0,BlueDart,Customs,1,1,1
2200,2973.0,2.6,10.0,2024-01-20,2024-01-30,2024-01-31,Sea,1044,98,3154.62,309152.76,Storm,Central,Yes,90.3,DHL,Customs,0,1,0
2201,2642.0,4.6,10.0,2024-03-03,2024-03-13,2024-03-17,Road,386,71,2759.64,195934.44,Cloudy,North,No,83.0,BlueDart,,0,1,0
2202,3422.0,3.9,5.0,2024-08-11,2024-08-16,2024-08-16,Road,120,12,293.03,3516.36,Rainy,West,No,85.9,Delhivery,Traffic,1,1,1
2203,2408.0,3.8,3.0,2024-11-19,2024-11-22,2024-11-26,Road,222,84,2198.05,184636.2,Storm,North,Yes,88.1,DHL,Operational,0,0,1
2204,5506.0,3.2,9.0,2024-05-25,2024-06-03,2024-06-03,Sea,758,35,1635.78,57252.3,Cloudy,South,Yes,91.6,BlueDart,,1,1,1
2205,9002.0,4.4,7.0,2024-06-27,2024-07-04,2024-07-08,Road,1432,11,792.19,8714.09,Cloudy,West,No,89.3,EcomExpress,Customs,0,0,1
2206,8620.0,3.5,9.0,2024-09-06,2024-09-15,2024-09-20,Air,403,59,3576.9,211037.1,Storm,South,Yes,74.0,FedEx,Customs,0,0,1
2207,9554.0,3.4,3.0,2024-02-17,2024-02-20,2024-02-20,Sea,132,41,4563.83,187117.03,Cloudy,North,Yes,70.8,BlueDart,Customs,1,1,1
2208,7797.0,3.2,8.0,2024-01-28,2024-02-05,2024-02-08,Air,225,82,3938.18,322930.76,Cloudy,West,Yes,72.5,EcomExpress,Customs,0,1,0
2209,7305.0,4.0,7.0,2024-01-24,2024-01-31,2024-01-30,Sea,1040,63,4868.58,306720.54,Rainy,South,Yes,77.7,FedEx,,1,0,1
2210,7736.0,4.4,2.0,2024-03-28,2024-03-30,2024-03-31,Road,316,15,3533.96,53009.4,Clear,East,No,75.7,DHL,Traffic,0,0,1
2211,6424.0,3.7,3.0,2024-08-19,2024-08-22,2024-08-27,Air,1239,83,1493.91,123994.53,Rainy,West,Yes,74.6,FedEx,Customs,0,0,1
2212,7384.0,4.6,4.0,2024-07-01,2024-07-05,2024-07-10,Sea,1403,78,2894.71,225787.38,Storm,North,No,77.7,EcomExpress,Operational,0,0,1
2213,6198.0,3.0,5.0,2024-03-03,2024-03-08,2024-03-08,Air,1202,100,927.16,92716.0,Cloudy,North,Yes,94.8,BlueDart,Weather,1,1,1
2214,3226.0,4.8,2.0,2024-01-23,2024-01-25,2024-01-27,Sea,673,58,2460.94,142734.52,Storm,North,Yes,70.1,Delhivery,Traffic,0,0,1
2215,8366.0,4.4,10.0,2024-02-23,2024-03-04,2024-03-05,Road,1014,53,4857.57,257451.21,Clear,Central,No,73.8,DHL,Operational,0,0,1
2216,8185.0,3.2,2.0,2024-04-04,2024-04-06,2024-04-05,Sea,470,68,3247.19,220808.92,Cloudy,South,Yes,86.3,EcomExpress,Weather,1,0,1
2217,4564.0,4.9,8.0,2024-08-26,2024-09-03,2024-09-05,Road,1332,71,1774.92,126019.32,Storm,West,No,79.7,Delhivery,Operational,0,0,1
2218,7748.0,3.9,2.0,2024-07-07,2024-07-09,2024-07-10,Road,306,51,1311.48,66885.48,Clear,South,Yes,79.1,BlueDart,,0,1,0
2219,5209.0,3.3,10.0,2024-05-12,2024-05-22,2024-05-27,Air,466,98,2958.88,289970.24,Cloudy,South,No,84.2,Delhivery,Weather,0,1,0
2220,5237.0,4.3,2.0,2024-03-20,2024-03-22,2024-03-24,Sea,1353,26,923.94,24022.44,Storm,North,No,81.9,FedEx,Traffic,0,0,1
2221,3602.0,3.6,9.0,2024-02-09,2024-02-18,2024-02-21,Road,1341,18,4098.23,73768.14,Rainy,Central,Yes,99.7,Delhivery,Traffic,0,0,1
2222,7519.0,4.4,7.0,2024-04-26,2024-05-03,2024-05-08,Road,1341,36,3187.97,114766.92,Clear,East,Yes,80.2,BlueDart,Traffic,0,0,1
2223,8656.0,3.3,9.0,2024-09-22,2024-10-01,2024-09-30,Sea,281,7,3816.58,26716.06,Rainy,South,No,75.4,BlueDart,,1,1,1
2224,8053.0,2.8,5.0,2024-03-07,2024-03-12,2024-03-16,Sea,516,12,1913.31,22959.72,Rainy,North,Yes,97.0,DHL,Traffic,0,0,1
2225,1028.0,2.6,7.0,2024-08-30,2024-09-06,2024-09-06,Road,1055,72,3497.66,251831.52,Cloudy,West,Yes,90.3,EcomExpress,Weather,1,0,1
2226,2888.0,4.6,5.0,2024-10-06,2024-10-11,2024-10-15,Sea,388,20,1078.14,21562.8,Clear,North,Yes,94.4,FedEx,Weather,0,1,0
2227,7854.0,3.4,2.0,2024-09-27,2024-09-29,2024-10-01,Road,1460,97,1640.71,159148.87,Rainy,Central,No,70.8,FedEx,Customs,0,0,1
2228,4327.0,4.2,6.0,2024-08-08,2024-08-14,2024-08-17,Air,1005,39,4036.73,157432.47,Storm,North,No,74.7,FedEx,Weather,0,0,1
2229,2078.0,4.1,9.0,2024-01-12,2024-01-21,2024-01-24,Sea,1240,23,984.0,22632.0,Storm,Central,No,89.2,Delhivery,Operational,0,0,1
2230,4404.0,4.9,7.0,2024-06-01,2024-06-08,2024-06-07,Road,917,78,3799.11,296330.58,Clear,West,No,70.7,EcomExpress,Operational,1,1,1
2231,8062.0,4.8,2.0,2024-11-18,2024-11-20,2024-11-23,Air,762,92,2466.99,226963.08,Cloudy,South,No,71.1,FedEx,Customs,0,0,1
2232,9140.0,3.9,6.0,2024-01-03,2024-01-09,2024-01-11,Road,294,28,2959.28,82859.84,Storm,North,Yes,94.8,FedEx,Weather,0,0,1
2233,5023.0,2.6,5.0,2024-06-21,2024-06-26,2024-06-30,Air,1348,15,4639.44,69591.6,Storm,North,Yes,77.6,BlueDart,,0,0,1
2234,1201.0,3.6,5.0,2024-06-13,2024-06-18,2024-06-19,Sea,33,72,1915.03,137882.16,Rainy,West,No,82.1,EcomExpress,Weather,0,0,1
2235,5412.0,3.9,10.0,2024-05-14,2024-05-24,2024-05-23,Air,1273,15,1849.06,27735.9,Storm,North,Yes,85.8,EcomExpress,Weather,1,0,1
2236,6425.0,3.1,6.0,2024-05-19,2024-05-25,2024-05-29,Sea,1345,88,420.49,37003.12,Rainy,South,No,83.8,Delhivery,Weather,0,1,0
2237,7788.0,3.2,9.0,2024-07-10,2024-07-19,2024-07-24,Road,1437,13,2812.74,36565.62,Cloudy,South,Yes,77.3,Delhivery,,0,0,1
2238,6203.0,3.2,3.0,2024-06-25,2024-06-28,2024-06-28,Air,291,98,4409.89,432169.22,Cloudy,East,No,92.5,BlueDart,Traffic,1,0,1
2239,5707.0,3.4,10.0,2024-03-28,2024-04-07,2024-04-09,Air,1448,66,3418.04,225590.64,Clear,South,No,92.7,BlueDart,Traffic,0,0,1
2240,8448.0,3.4,7.0,2024-11-18,2024-11-25,2024-11-27,Air,639,28,4415.51,123634.28,Clear,Central,No,97.5,BlueDart,,0,0,1
2241,7487.0,2.8,4.0,2024-10-09,2024-10-13,2024-10-14,Sea,706,23,3206.97,73760.31,Rainy,South,Yes,98.1,EcomExpress,,0,0,1
2242,5513.0,3.0,10.0,2024-09-06,2024-09-16,2024-09-17,Road,512,11,324.05,3564.55,Rainy,West,Yes,91.2,FedEx,,0,0,1
2243,3522.0,3.0,4.0,2024-03-08,2024-03-12,2024-03-15,Sea,1382,56,2247.38,125853.28,Rainy,South,No,97.6,Delhivery,Customs,0,0,1
2244,4760.0,2.6,7.0,2024-01-20,2024-01-27,2024-01-31,Sea,570,57,718.71,40966.47,Rainy,West,No,92.3,FedEx,Operational,0,1,0
2245,1943.0,3.0,3.0,2024-06-03,2024-06-06,2024-06-10,Air,109,21,477.67,10031.07,Cloudy,South,No,71.5,DHL,Operational,0,0,1
2246,4497.0,3.9,2.0,2024-07-06,2024-07-08,2024-07-12,Air,1042,63,4648.57,292859.91,Rainy,West,Yes,73.1,DHL,Traffic,0,1,0
2247,6759.0,2.8,8.0,2024-09-27,2024-10-05,2024-10-10,Sea,272,72,3511.6,252835.2,Storm,Central,No,79.9,EcomExpress,Weather,0,0,1
2248,8904.0,2.9,5.0,2024-05-27,2024-06-01,2024-06-03,Road,10,58,1086.72,63029.76,Clear,Central,No,76.8,Delhivery,Operational,0,0,1
2249,5865.0,3.2,4.0,2024-05-27,2024-05-31,2024-05-31,Road,958,49,1654.05,81048.45,Cloudy,West,Yes,73.1,Delhivery,Operational,1,0,1
2250,7286.0,3.8,2.0,2024-04-08,2024-04-10,2024-04-14,Sea,957,1,1279.7,1279.7,Storm,Central,No,77.1,Delhivery,Traffic,0,0,1
2251,7322.0,3.4,7.0,2024-04-19,2024-04-26,2024-04-26,Road,103,78,4414.57,344336.46,Storm,South,No,80.6,BlueDart,Customs,1,0,1
2252,2854.0,4.8,2.0,2024-01-14,2024-01-16,2024-01-17,Road,1498,40,3252.49,130099.6,Clear,Central,Yes,76.6,FedEx,,0,1,0
2253,7412.0,2.7,9.0,2024-04-23,2024-05-02,2024-05-05,Road,1345,32,4852.8,155289.6,Storm,Central,Yes,77.8,BlueDart,Customs,0,0,1
2254,3264.0,2.8,10.0,2024-08-01,2024-08-11,2024-08-12,Road,1219,2,1681.29,3362.58,Clear,East,Yes,72.9,DHL,Operational,0,0,1
2255,7709.0,3.8,4.0,2024-06-01,2024-06-05,2024-06-06,Sea,766,84,4174.67,350672.28,Rainy,West,Yes,78.0,FedEx,Weather,0,1,0
2256,8554.0,2.5,5.0,2024-11-19,2024-11-24,2024-11-24,Air,145,69,1233.87,85137.03,Clear,West,No,78.1,Delhivery,Weather,1,0,1
2257,8461.0,2.6,2.0,2024-06-18,2024-06-20,2024-06-25,Air,495,81,2281.39,184792.59,Rainy,West,Yes,79.9,DHL,Customs,0,0,1
2258,5749.0,4.5,4.0,2024-11-16,2024-11-20,2024-11-23,Road,1029,78,3284.86,256219.08,Storm,Central,No,73.5,BlueDart,Operational,0,1,0
2259,3479.0,3.7,5.0,2024-06-09,2024-06-14,2024-06-19,Air,423,75,1547.96,116097.0,Storm,North,No,86.5,DHL,Customs,0,1,0
2260,8023.0,3.4,2.0,2024-11-07,2024-11-09,2024-11-09,Sea,630,44,1002.09,44091.96,Storm,North,No,99.4,DHL,,1,0,1
2261,9999.0,3.6,2.0,2024-09-29,2024-10-01,2024-10-03,Sea,77,3,2388.48,7165.44,Storm,West,No,79.0,EcomExpress,Traffic,0,1,0
2262,4245.0,3.9,2.0,2024-09-11,2024-09-13,2024-09-14,Sea,978,63,4376.51,275720.13,Storm,South,No,80.6,Delhivery,,0,0,1
2263,7865.0,4.1,5.0,2024-03-18,2024-03-23,2024-03-26,Sea,304,38,3742.85,142228.3,Storm,West,Yes,84.9,FedEx,Customs,0,0,1
2264,6455.0,3.1,9.0,2024-09-13,2024-09-22,2024-09-26,Road,1196,100,4139.93,413993.0,Rainy,North,No,84.4,BlueDart,Weather,0,0,1
2265,3080.0,2.8,10.0,2024-01-04,2024-01-14,2024-01-17,Air,700,78,963.33,75139.74,Cloudy,North,Yes,97.3,DHL,Traffic,0,0,1
2266,9528.0,2.8,10.0,2024-10-06,2024-10-16,2024-10-17,Road,48,75,1209.84,90738.0,Clear,East,Yes,90.9,BlueDart,Customs,0,1,0
2267,2452.0,3.7,9.0,2024-07-10,2024-07-19,2024-07-24,Air,1477,65,2070.7,134595.5,Rainy,East,Yes,90.3,DHL,Weather,0,0,1
2268,5245.0,2.7,8.0,2024-01-08,2024-01-16,2024-01-21,Road,366,18,1123.19,20217.42,Clear,Central,Yes,89.9,Delhivery,Operational,0,0,1
2269,6396.0,3.6,9.0,2024-10-15,2024-10-24,2024-10-25,Road,245,57,1051.3,59924.1,Clear,North,No,96.6,Delhivery,Traffic,0,0,1
2270,4039.0,4.3,2.0,2024-01-05,2024-01-07,2024-01-07,Road,1207,5,1657.79,8288.95,Cloudy,North,No,91.0,FedEx,Operational,1,0,1
2271,2461.0,2.6,6.0,2024-06-11,2024-06-17,2024-06-21,Road,1265,66,1971.82,130140.12,Storm,Central,No,99.7,EcomExpress,Operational,0,0,1
2272,4293.0,4.1,3.0,2024-02-01,2024-02-04,2024-02-04,Sea,668,19,1319.76,25075.44,Cloudy,East,Yes,92.4,EcomExpress,Weather,1,0,1
2273,6428.0,4.6,6.0,2024-07-26,2024-08-01,2024-08-03,Air,679,6,929.26,5575.56,Storm,North,No,93.0,Delhivery,Traffic,0,0,1
2274,2288.0,4.5,3.0,2024-08-05,2024-08-08,2024-08-10,Sea,687,70,4458.32,312082.4,Clear,South,Yes,80.2,Delhivery,Traffic,0,0,1
2275,6200.0,3.4,6.0,2024-09-04,2024-09-10,2024-09-14,Air,664,90,1916.29,172466.1,Cloudy,South,Yes,92.6,FedEx,Traffic,0,0,1
2276,6669.0,4.6,9.0,2024-06-01,2024-06-10,2024-06-14,Road,440,94,4468.05,419996.7,Storm,Central,No,88.7,DHL,Operational,0,1,0
2277,8289.0,4.6,4.0,2024-07-25,2024-07-29,2024-08-02,Air,743,35,3047.17,106650.95,Storm,South,No,81.4,FedEx,Operational,0,0,1
2278,5346.0,2.9,5.0,2024-08-27,2024-09-01,2024-09-02,Sea,1406,100,3203.39,320339.0,Rainy,North,No,100.0,BlueDart,,0,0,1
2279,5397.0,3.7,8.0,2024-03-31,2024-04-08,2024-04-09,Road,1419,1,1277.77,1277.77,Rainy,North,No,80.8,FedEx,Traffic,0,1,0
2280,9813.0,2.7,4.0,2024-05-26,2024-05-30,2024-06-02,Road,1219,33,2877.99,94973.67,Cloudy,South,No,84.2,BlueDart,Customs,0,1,0
2281,2407.0,4.2,2.0,2024-10-15,2024-10-17,2024-10-19,Sea,761,44,1232.34,54222.96,Storm,North,Yes,78.6,Delhivery,Weather,0,0,1
2282,5896.0,3.5,8.0,2024-09-10,2024-09-18,2024-09-18,Sea,760,48,858.49,41207.52,Storm,North,No,77.2,FedEx,,1,0,1
2283,4153.0,3.1,5.0,2024-11-24,2024-11-29,2024-11-28,Sea,144,52,4212.75,219063.0,Storm,Central,No,85.9,FedEx,Customs,1,1,1
2284,6472.0,4.8,6.0,2024-01-16,2024-01-22,2024-01-23,Road,541,23,1649.51,37938.73,Cloudy,South,No,97.5,FedEx,Traffic,0,0,1
2285,4428.0,2.9,5.0,2024-02-22,2024-02-27,2024-02-29,Road,249,12,4308.56,51702.72,Clear,Central,No,98.7,EcomExpress,Traffic,0,0,1
2286,2141.0,3.6,9.0,2024-09-03,2024-09-12,2024-09-17,Road,933,35,1601.08,56037.8,Clear,East,Yes,71.1,EcomExpress,Operational,0,0,1
2287,5063.0,4.7,10.0,2024-06-02,2024-06-12,2024-06-15,Air,945,23,1132.06,26037.38,Cloudy,Central,Yes,83.0,EcomExpress,Operational,0,1,0
2288,4556.0,4.4,3.0,2024-02-11,2024-02-14,2024-02-16,Road,1261,51,826.49,42150.99,Cloudy,East,No,95.2,DHL,Traffic,0,1,0
2289,9668.0,3.3,4.0,2024-11-04,2024-11-08,2024-11-08,Air,711,2,4839.24,9678.48,Clear,North,No,87.0,FedEx,Operational,1,0,1
2290,2020.0,4.8,7.0,2024-03-11,2024-03-18,2024-03-21,Air,305,51,3104.9,158349.9,Storm,Central,No,86.8,FedEx,Operational,0,0,1
2291,5001.0,4.7,7.0,2024-09-01,2024-09-08,2024-09-11,Air,577,54,3232.26,174542.04,Rainy,West,Yes,74.1,EcomExpress,Operational,0,1,0
2292,1881.0,2.6,3.0,2024-05-10,2024-05-13,2024-05-17,Air,1249,86,4769.64,410189.04,Cloudy,West,No,78.1,EcomExpress,Operational,0,0,1
2293,5256.0,3.6,7.0,2024-04-21,2024-04-28,2024-05-02,Sea,928,36,2363.93,85101.48,Storm,East,No,71.5,Delhivery,,0,1,0
2294,1772.0,4.0,8.0,2024-02-17,2024-02-25,2024-02-27,Road,306,98,1304.63,127853.74,Rainy,Central,No,74.6,DHL,Customs,0,1,0
2295,4336.0,3.7,10.0,2024-01-15,2024-01-25,2024-01-26,Air,675,41,3142.14,128827.74,Cloudy,Central,Yes,86.8,FedEx,,0,0,1
2296,5780.0,4.6,3.0,2024-01-10,2024-01-13,2024-01-16,Sea,1050,74,873.57,64644.18,Clear,South,No,85.6,FedEx,,0,0,1
2297,7487.0,4.2,5.0,2024-09-18,2024-09-23,2024-09-23,Air,1388,4,1357.05,5428.2,Cloudy,North,No,81.9,EcomExpress,Operational,1,0,1
2298,6805.0,4.0,6.0,2024-04-28,2024-05-04,2024-05-08,Road,355,2,681.88,1363.76,Clear,South,No,94.3,BlueDart,Customs,0,1,0
2299,8325.0,4.0,7.0,2024-08-16,2024-08-23,2024-08-27,Air,202,100,294.02,29402.0,Clear,North,No,99.2,BlueDart,Weather,0,0,1
2300,2673.0,4.3,2.0,2024-06-30,2024-07-02,2024-07-06,Road,754,46,675.93,31092.78,Cloudy,South,No,71.8,Delhivery,Traffic,0,1,0
2301,4043.0,3.5,6.0,2024-05-21,2024-05-27,2024-05-29,Sea,1269,41,4704.08,192867.28,Cloudy,South,No,81.0,BlueDart,Customs,0,0,1
2302,6157.0,2.7,10.0,2024-10-11,2024-10-21,2024-10-23,Air,64,7,1732.36,12126.52,Clear,Central,No,94.2,FedEx,Traffic,0,0,1
2303,1073.0,2.6,4.0,2024-05-21,2024-05-25,2024-05-30,Air,810,98,1336.71,130997.58,Clear,West,Yes,71.1,DHL,Traffic,0,0,1
2304,3334.0,2.5,7.0,2024-01-13,2024-01-20,2024-01-25,Sea,934,78,1627.8,126968.4,Cloudy,East,Yes,78.6,EcomExpress,Traffic,0,1,0
2305,8514.0,4.9,9.0,2024-06-07,2024-06-16,2024-06-16,Air,212,7,3834.28,26839.96,Storm,East,Yes,85.0,DHL,Traffic,1,0,1
2306,1556.0,2.9,10.0,2024-01-25,2024-02-04,2024-02-03,Road,138,1,3933.81,3933.81,Rainy,West,No,86.7,Delhivery,Customs,1,0,1
2307,6064.0,3.0,2.0,2024-01-23,2024-01-25,2024-01-28,Air,1177,47,3099.58,145680.26,Cloudy,South,Yes,70.1,FedEx,,0,0,1
2308,6313.0,3.6,3.0,2024-08-16,2024-08-19,2024-08-21,Sea,99,38,3761.52,142937.76,Storm,West,Yes,80.2,EcomExpress,,0,0,1
2309,9111.0,4.2,6.0,2024-02-16,2024-02-22,2024-02-26,Sea,531,9,4383.72,39453.48,Rainy,East,Yes,99.7,BlueDart,Traffic,0,0,1
2310,4311.0,2.9,10.0,2024-03-29,2024-04-08,2024-04-07,Road,1181,32,2774.04,88769.28,Storm,South,No,85.5,EcomExpress,Operational,1,0,1
2311,8196.0,2.7,6.0,2024-09-06,2024-09-12,2024-09-17,Road,1439,41,4963.57,203506.37,Storm,Central,No,94.2,EcomExpress,Traffic,0,0,1
2312,8343.0,4.7,4.0,2024-11-14,2024-11-18,2024-11-20,Air,669,86,985.19,84726.34,Rainy,North,Yes,84.1,BlueDart,Customs,0,0,1
2313,8943.0,3.9,7.0,2024-04-30,2024-05-07,2024-05-12,Road,1312,87,949.82,82634.34,Storm,East,Yes,95.2,DHL,Traffic,0,0,1
2314,4299.0,3.3,6.0,2024-07-24,2024-07-30,2024-08-01,Road,421,8,1216.23,9729.84,Rainy,North,No,94.4,BlueDart,Operational,0,0,1
2315,7939.0,4.3,5.0,2024-07-29,2024-08-03,2024-08-02,Road,302,93,1530.53,142339.29,Cloudy,East,No,81.7,EcomExpress,Operational,1,0,1
2316,5590.0,4.7,2.0,2024-02-15,2024-02-17,2024-02-18,Sea,941,98,1937.49,189874.02,Cloudy,South,No,78.0,EcomExpress,Traffic,0,0,1
2317,1288.0,4.2,10.0,2024-05-24,2024-06-03,2024-06-02,Sea,449,7,712.41,4986.87,Rainy,South,Yes,91.2,EcomExpress,,1,0,1
2318,3934.0,4.9,3.0,2024-09-03,2024-09-06,2024-09-07,Sea,1484,91,1741.62,158487.42,Storm,West,No,78.6,Delhivery,Operational,0,0,1
2319,3392.0,4.8,10.0,2024-05-10,2024-05-20,2024-05-22,Road,956,97,4018.51,389795.47,Cloudy,East,Yes,95.8,DHL,Weather,0,0,1
2320,9189.0,4.1,9.0,2024-11-04,2024-11-13,2024-11-18,Air,332,47,2689.46,126404.62,Storm,West,No,88.9,DHL,Operational,0,0,1
2321,2755.0,2.6,8.0,2024-08-29,2024-09-06,2024-09-10,Air,90,37,3116.95,115327.15,Clear,South,No,83.2,BlueDart,Customs,0,0,1
2322,1828.0,3.5,8.0,2024-11-24,2024-12-02,2024-12-01,Air,1344,100,775.31,77531.0,Clear,East,No,87.8,FedEx,Weather,1,1,1
2323,6390.0,3.5,4.0,2024-08-23,2024-08-27,2024-08-31,Air,410,80,4920.96,393676.8,Cloudy,West,Yes,96.6,FedEx,Operational,0,0,1
2324,1827.0,4.5,9.0,2024-06-10,2024-06-19,2024-06-18,Sea,720,45,3540.24,159310.8,Cloudy,Central,No,75.1,Delhivery,Traffic,1,0,1
2325,1738.0,3.9,3.0,2024-08-10,2024-08-13,2024-08-18,Sea,1280,15,840.51,12607.65,Clear,Central,Yes,78.8,FedEx,Customs,0,1,0
2326,8525.0,4.0,9.0,2024-10-19,2024-10-28,2024-11-02,Road,1403,90,911.85,82066.5,Storm,North,Yes,94.3,BlueDart,Weather,0,1,0
2327,9563.0,2.8,7.0,2024-07-18,2024-07-25,2024-07-29,Road,1169,84,1820.75,152943.0,Cloudy,East,No,94.7,FedEx,Traffic,0,0,1
2328,4781.0,3.6,7.0,2024-06-06,2024-06-13,2024-06-16,Air,452,40,1607.39,64295.6,Rainy,North,Yes,79.3,Delhivery,Customs,0,0,1
2329,6652.0,4.9,8.0,2024-11-17,2024-11-25,2024-11-28,Air,21,42,4805.17,201817.14,Storm,South,Yes,94.7,Delhivery,Weather,0,1,0
2330,7973.0,4.9,6.0,2024-02-22,2024-02-28,2024-02-27,Sea,448,7,2570.04,17990.28,Rainy,West,No,73.8,Delhivery,,1,0,1
2331,2014.0,4.8,10.0,2024-03-27,2024-04-06,2024-04-11,Air,1229,36,3596.81,129485.16,Rainy,East,Yes,92.9,BlueDart,Traffic,0,0,1
2332,1198.0,4.7,7.0,2024-05-18,2024-05-25,2024-05-27,Air,845,29,3401.54,98644.66,Storm,West,No,73.4,FedEx,Weather,0,1,0
2333,7437.0,3.0,9.0,2024-04-26,2024-05-05,2024-05-07,Road,1002,11,2797.81,30775.91,Storm,East,Yes,74.7,DHL,,0,0,1
2334,9849.0,2.7,5.0,2024-11-04,2024-11-09,2024-11-11,Road,402,16,4141.11,66257.76,Rainy,Central,Yes,92.0,BlueDart,Operational,0,0,1
2335,5491.0,3.5,6.0,2024-02-18,2024-02-24,2024-02-24,Road,212,32,3585.9,114748.8,Cloudy,North,No,94.2,EcomExpress,Operational,1,1,1
2336,6022.0,4.3,3.0,2024-03-30,2024-04-02,2024-04-07,Road,798,34,767.9,26108.6,Storm,South,Yes,75.6,FedEx,Customs,0,1,0
2337,9830.0,4.5,6.0,2024-11-12,2024-11-18,2024-11-23,Road,166,29,4419.2,128156.8,Clear,Central,No,90.3,EcomExpress,Operational,0,0,1
2338,3387.0,2.9,8.0,2024-03-21,2024-03-29,2024-04-01,Air,1339,49,2632.03,128969.47,Cloudy,North,Yes,75.2,FedEx,,0,0,1
2339,5092.0,3.0,2.0,2024-05-06,2024-05-08,2024-05-13,Sea,768,72,3646.56,262552.32,Rainy,South,No,94.6,FedEx,,0,0,1
2340,9877.0,4.7,2.0,2024-03-11,2024-03-13,2024-03-15,Air,1430,73,3162.64,230872.72,Cloudy,North,No,79.7,FedEx,Operational,0,0,1
2341,3795.0,4.3,4.0,2024-08-26,2024-08-30,2024-08-30,Road,363,7,2393.73,16756.11,Storm,West,Yes,73.6,Delhivery,Operational,1,0,1
2342,4248.0,4.1,2.0,2024-10-19,2024-10-21,2024-10-20,Air,1334,46,4751.61,218574.06,Rainy,East,Yes,90.7,EcomExpress,Customs,1,1,1
2343,4124.0,4.9,7.0,2024-10-09,2024-10-16,2024-10-18,Air,813,25,2663.66,66591.5,Clear,Central,Yes,82.4,Delhivery,Traffic,0,0,1
2344,7828.0,2.7,5.0,2024-07-27,2024-08-01,2024-08-06,Road,1449,1,4429.6,4429.6,Clear,North,Yes,79.9,FedEx,Traffic,0,1,0
2345,8250.0,4.1,7.0,2024-10-31,2024-11-07,2024-11-08,Road,1335,71,1976.9,140359.9,Clear,West,No,77.1,Delhivery,Customs,0,0,1
2346,3776.0,3.1,3.0,2024-01-25,2024-01-28,2024-01-27,Air,1285,30,4895.2,146856.0,Storm,West,No,80.9,DHL,Customs,1,0,1
2347,4911.0,3.0,2.0,2024-06-07,2024-06-09,2024-06-09,Air,568,71,2988.78,212203.38,Rainy,East,No,81.6,Delhivery,Weather,1,0,1
2348,6594.0,5.0,9.0,2024-06-03,2024-06-12,2024-06-11,Road,326,62,3856.34,239093.08,Storm,West,Yes,79.4,BlueDart,Weather,1,0,1
2349,8943.0,4.6,9.0,2024-09-21,2024-09-30,2024-09-30,Road,734,83,3723.96,309088.68,Storm,Central,Yes,99.0,Delhivery,Customs,1,1,1
2350,7598.0,4.9,5.0,2024-07-04,2024-07-09,2024-07-14,Air,459,47,379.55,17838.85,Cloudy,West,Yes,99.3,FedEx,Weather,0,0,1
2351,3510.0,2.7,6.0,2024-08-09,2024-08-15,2024-08-17,Air,803,80,4447.28,355782.4,Storm,East,Yes,72.7,FedEx,Customs,0,0,1
2352,5466.0,3.1,8.0,2024-01-10,2024-01-18,2024-01-18,Sea,1113,45,1222.62,55017.9,Storm,North,No,99.7,EcomExpress,Customs,1,0,1
2353,6677.0,2.6,9.0,2024-08-03,2024-08-12,2024-08-16,Road,48,90,1928.74,173586.6,Cloudy,Central,Yes,98.1,BlueDart,Weather,0,1,0
2354,9652.0,3.7,8.0,2024-05-11,2024-05-19,2024-05-22,Road,654,6,4980.97,29885.82,Cloudy,North,No,92.8,DHL,Operational,0,1,0
2355,3420.0,4.0,3.0,2024-07-02,2024-07-05,2024-07-09,Sea,740,91,1768.39,160923.49,Storm,West,No,96.5,FedEx,,0,0,1
2356,2639.0,3.0,2.0,2024-06-18,2024-06-20,2024-06-20,Sea,1375,85,2572.52,218664.2,Rainy,North,No,80.4,DHL,Operational,1,0,1
2357,7476.0,3.2,3.0,2024-03-31,2024-04-03,2024-04-02,Sea,594,57,3733.5,212809.5,Storm,North,Yes,81.9,EcomExpress,Customs,1,1,1
2358,5252.0,3.6,9.0,2024-06-12,2024-06-21,2024-06-24,Road,1454,37,1292.08,47806.96,Clear,East,No,87.2,EcomExpress,Traffic,0,0,1
2359,5218.0,4.6,6.0,2024-03-06,2024-03-12,2024-03-14,Sea,444,74,3625.75,268305.5,Storm,South,Yes,98.9,BlueDart,Customs,0,0,1
2360,4545.0,2.7,10.0,2024-05-07,2024-05-17,2024-05-19,Road,1445,57,4909.05,279815.85,Storm,West,No,88.8,BlueDart,Customs,0,0,1
2361,7158.0,2.7,6.0,2024-01-07,2024-01-13,2024-01-15,Road,350,90,3857.58,347182.2,Cloudy,East,Yes,89.7,Delhivery,Weather,0,1,0
2362,4661.0,3.1,3.0,2024-01-09,2024-01-12,2024-01-14,Road,878,11,2157.6,23733.6,Storm,North,Yes,75.3,Delhivery,Traffic,0,0,1
2363,4274.0,4.1,4.0,2024-08-14,2024-08-18,2024-08-22,Air,1095,66,2125.17,140261.22,Clear,South,No,78.9,Delhivery,Traffic,0,0,1
2364,7894.0,4.8,5.0,2024-08-23,2024-08-28,2024-08-29,Road,1096,29,2544.94,73803.26,Clear,East,No,72.0,BlueDart,,0,0,1
2365,8881.0,4.8,9.0,2024-11-23,2024-12-02,2024-12-04,Sea,301,67,4974.67,333302.89,Cloudy,Central,No,83.6,DHL,Operational,0,1,0
2366,1453.0,3.2,3.0,2024-02-24,2024-02-27,2024-02-26,Sea,145,6,3738.91,22433.46,Clear,West,Yes,89.6,BlueDart,Customs,1,1,1
2367,1628.0,3.3,7.0,2024-07-03,2024-07-10,2024-07-10,Sea,213,14,4219.43,59072.02,Storm,South,No,85.8,Delhivery,Customs,1,0,1
2368,8826.0,3.7,2.0,2024-03-23,2024-03-25,2024-03-26,Air,580,57,3628.19,206806.83,Clear,West,Yes,80.4,Delhivery,Traffic,0,1,0
2369,5513.0,3.2,10.0,2024-01-13,2024-01-23,2024-01-26,Air,18,73,4703.46,343352.58,Clear,East,Yes,79.2,EcomExpress,,0,1,0
2370,3346.0,3.9,7.0,2024-06-17,2024-06-24,2024-06-25,Air,404,57,3162.85,180282.45,Rainy,East,Yes,89.1,Delhivery,,0,0,1
2371,8858.0,2.7,9.0,2024-10-02,2024-10-11,2024-10-14,Road,1160,47,3422.05,160836.35,Cloudy,North,No,97.3,DHL,Customs,0,0,1
2372,4390.0,4.3,3.0,2024-09-19,2024-09-22,2024-09-24,Air,320,47,4330.8,203547.6,Rainy,Central,Yes,78.4,EcomExpress,Operational,0,0,1
2373,6325.0,4.0,4.0,2024-04-16,2024-04-20,2024-04-21,Sea,1063,88,2463.31,216771.28,Rainy,West,No,89.3,BlueDart,Traffic,0,0,1
2374,3063.0,4.2,9.0,2024-10-16,2024-10-25,2024-10-27,Road,183,65,2704.89,175817.85,Clear,West,No,96.1,DHL,,0,0,1
2375,7938.0,3.7,5.0,2024-08-23,2024-08-28,2024-08-29,Sea,264,73,4716.26,344286.98,Storm,East,No,92.8,EcomExpress,Traffic,0,0,1
2376,8293.0,3.4,2.0,2024-01-14,2024-01-16,2024-01-20,Road,1005,44,607.18,26715.92,Clear,East,No,78.3,EcomExpress,,0,1,0
2377,5783.0,4.4,2.0,2024-06-25,2024-06-27,2024-07-01,Air,1298,11,639.39,7033.29,Storm,East,Yes,77.9,BlueDart,Customs,0,0,1
2378,7939.0,3.9,8.0,2024-09-14,2024-09-22,2024-09-22,Air,618,62,151.04,9364.48,Rainy,South,No,79.1,BlueDart,,1,1,1
2379,1377.0,3.7,7.0,2024-09-14,2024-09-21,2024-09-21,Air,876,13,4153.99,54001.87,Cloudy,North,Yes,94.2,DHL,Weather,1,1,1
2380,5433.0,3.8,10.0,2024-09-22,2024-10-02,2024-10-06,Sea,976,13,3335.38,43359.94,Cloudy,North,Yes,80.4,Delhivery,Traffic,0,1,0
2381,6019.0,4.3,2.0,2024-02-01,2024-02-03,2024-02-04,Air,1015,10,2419.6,24196.0,Storm,West,Yes,84.2,DHL,,0,0,1
2382,7679.0,4.3,2.0,2024-11-26,2024-11-28,2024-12-03,Road,386,34,3963.17,134747.78,Cloudy,East,No,88.6,EcomExpress,Traffic,0,0,1
2383,3840.0,3.4,8.0,2024-08-16,2024-08-24,2024-08-23,Sea,836,35,3725.68,130398.8,Rainy,East,No,79.1,BlueDart,Weather,1,0,1
2384,6143.0,4.2,5.0,2024-01-05,2024-01-10,2024-01-14,Road,417,92,3388.15,311709.8,Rainy,Central,Yes,95.8,BlueDart,Traffic,0,0,1
2385,3768.0,2.8,5.0,2024-02-10,2024-02-15,2024-02-18,Road,1494,76,3473.2,263963.2,Rainy,West,Yes,72.9,DHL,Weather,0,1,0
2386,7759.0,3.7,9.0,2024-03-11,2024-03-20,2024-03-20,Air,248,85,594.84,50561.4,Rainy,Central,No,83.3,BlueDart,Operational,1,0,1
2387,7392.0,3.1,5.0,2024-02-24,2024-02-29,2024-03-02,Air,209,42,3073.48,129086.16,Rainy,East,Yes,73.8,Delhivery,Operational,0,1,0
2388,9245.0,4.7,2.0,2024-04-09,2024-04-11,2024-04-12,Air,982,13,1789.2,23259.6,Cloudy,North,No,86.3,BlueDart,Traffic,0,0,1
2389,6592.0,3.4,5.0,2024-06-28,2024-07-03,2024-07-06,Road,1352,43,3425.51,147296.93,Cloudy,East,Yes,76.3,EcomExpress,Traffic,0,0,1
2390,2619.0,4.0,5.0,2024-04-04,2024-04-09,2024-04-14,Road,256,29,3014.97,87434.13,Cloudy,East,Yes,91.5,FedEx,,0,0,1
2391,7964.0,3.0,9.0,2024-11-07,2024-11-16,2024-11-16,Road,1244,91,775.9,70606.9,Clear,Central,No,89.0,EcomExpress,Traffic,1,0,1
2392,4789.0,4.4,2.0,2024-10-08,2024-10-10,2024-10-12,Air,747,59,4976.66,293622.94,Rainy,Central,Yes,93.7,EcomExpress,Operational,0,0,1
2393,5879.0,2.9,9.0,2024-11-24,2024-12-03,2024-12-08,Sea,416,88,3285.99,289167.12,Clear,West,Yes,87.5,EcomExpress,Traffic,0,1,0
2394,6587.0,2.8,3.0,2024-07-05,2024-07-08,2024-07-09,Air,547,71,3656.5,259611.5,Cloudy,East,Yes,92.5,BlueDart,Weather,0,0,1
2395,5281.0,2.6,2.0,2024-03-15,2024-03-17,2024-03-21,Road,1106,52,924.13,48054.76,Clear,Central,Yes,96.5,Delhivery,Weather,0,0,1
2396,2050.0,3.7,6.0,2024-06-21,2024-06-27,2024-06-26,Sea,819,73,3516.15,256678.95,Cloudy,East,No,77.4,Delhivery,Traffic,1,0,1
2397,9618.0,4.6,8.0,2024-05-14,2024-05-22,2024-05-27,Road,526,79,1077.87,85151.73,Rainy,Central,No,91.7,Delhivery,,0,0,1
2398,1066.0,4.5,4.0,2024-08-31,2024-09-04,2024-09-06,Road,1127,89,347.28,30907.92,Cloudy,East,No,73.1,EcomExpress,,0,1,0
2399,3473.0,3.0,5.0,2024-01-14,2024-01-19,2024-01-18,Road,1353,13,3524.87,45823.31,Storm,Central,Yes,78.6,DHL,Operational,1,1,1
2400,7557.0,4.2,9.0,2024-01-12,2024-01-21,2024-01-22,Road,1348,10,564.17,5641.7,Rainy,North,No,87.8,EcomExpress,Traffic,0,0,1
2401,7062.0,3.2,9.0,2024-10-15,2024-10-24,2024-10-24,Air,984,94,2369.01,222686.94,Rainy,North,Yes,85.0,EcomExpress,Traffic,1,0,1
2402,2092.0,3.3,4.0,2024-08-28,2024-09-01,2024-09-02,Air,1382,65,3293.91,214104.15,Cloudy,South,Yes,96.1,EcomExpress,Operational,0,0,1
2403,2550.0,4.5,5.0,2024-10-09,2024-10-14,2024-10-19,Road,1412,54,3111.35,168012.9,Rainy,South,No,78.0,Delhivery,,0,0,1
2404,3446.0,2.8,10.0,2024-09-19,2024-09-29,2024-09-28,Road,617,48,1940.19,93129.12,Cloudy,East,No,80.5,FedEx,Customs,1,0,1
2405,2636.0,3.2,10.0,2024-10-03,2024-10-13,2024-10-17,Sea,1116,59,559.4,33004.6,Rainy,South,No,78.0,EcomExpress,,0,0,1
2406,4959.0,4.5,4.0,2024-03-07,2024-03-11,2024-03-12,Air,1109,39,2706.17,105540.63,Cloudy,Central,No,72.6,Delhivery,,0,0,1
2407,7487.0,3.9,2.0,2024-01-21,2024-01-23,2024-01-24,Road,1385,71,3550.22,252065.62,Clear,North,Yes,76.5,EcomExpress,Operational,0,1,0
2408,5315.0,4.8,5.0,2024-02-21,2024-02-26,2024-03-02,Sea,1451,32,4994.14,159812.48,Cloudy,West,Yes,85.6,BlueDart,Operational,0,0,1
2409,7448.0,4.4,10.0,2024-10-01,2024-10-11,2024-10-16,Air,1301,95,754.34,71662.3,Cloudy,East,Yes,77.9,Delhivery,Operational,0,0,1
2410,5185.0,3.3,2.0,2024-07-16,2024-07-18,2024-07-20,Air,768,93,3123.98,290530.14,Clear,East,No,87.3,DHL,Weather,0,0,1
2411,9687.0,5.0,4.0,2024-09-16,2024-09-20,2024-09-19,Road,1419,4,4743.5,18974.0,Rainy,East,Yes,75.1,BlueDart,Operational,1,0,1
2412,1148.0,4.2,9.0,2024-11-18,2024-11-27,2024-11-28,Road,243,86,4566.38,392708.68,Rainy,South,Yes,93.2,BlueDart,Traffic,0,0,1
2413,2938.0,3.9,3.0,2024-05-05,2024-05-08,2024-05-09,Sea,699,80,4603.11,368248.8,Cloudy,South,No,73.3,BlueDart,,0,1,0
2414,9990.0,3.9,2.0,2024-10-09,2024-10-11,2024-10-13,Air,245,25,1993.75,49843.75,Storm,North,No,91.4,EcomExpress,,0,0,1
2415,5545.0,4.2,4.0,2024-11-25,2024-11-29,2024-12-02,Sea,917,71,450.57,31990.47,Storm,Central,Yes,93.6,BlueDart,,0,0,1
2416,1209.0,2.9,9.0,2024-06-20,2024-06-29,2024-07-04,Road,223,15,4048.84,60732.6,Clear,Central,No,75.1,Delhivery,Weather,0,0,1
2417,1997.0,3.5,5.0,2024-04-18,2024-04-23,2024-04-26,Road,868,36,3253.01,117108.36,Storm,North,Yes,99.4,EcomExpress,Operational,0,0,1
2418,2752.0,3.0,9.0,2024-05-09,2024-05-18,2024-05-19,Sea,203,48,4762.37,228593.76,Rainy,North,Yes,93.0,BlueDart,Operational,0,0,1
2419,7382.0,3.3,9.0,2024-04-12,2024-04-21,2024-04-21,Air,1250,28,633.38,17734.64,Clear,East,No,90.4,Delhivery,Operational,1,0,1
2420,2837.0,3.8,3.0,2024-07-26,2024-07-29,2024-07-29,Sea,374,50,3366.46,168323.0,Storm,South,No,97.0,Delhivery,,1,0,1
2421,4608.0,3.8,4.0,2024-01-25,2024-01-29,2024-01-30,Road,746,9,3007.76,27069.84,Rainy,South,No,77.8,BlueDart,Weather,0,0,1
2422,6745.0,4.4,2.0,2024-07-08,2024-07-10,2024-07-12,Air,1198,25,3700.62,92515.5,Clear,Central,Yes,85.9,BlueDart,,0,0,1
2423,2561.0,3.8,7.0,2024-09-12,2024-09-19,2024-09-22,Air,773,5,1267.72,6338.6,Storm,East,No,76.3,BlueDart,,0,0,1
2424,8298.0,3.4,10.0,2024-02-16,2024-02-26,2024-02-26,Road,694,78,4431.61,345665.58,Cloudy,East,No,90.7,DHL,Operational,1,0,1
2425,8731.0,3.7,8.0,2024-05-31,2024-06-08,2024-06-11,Air,440,15,310.0,4650.0,Cloudy,Central,No,95.1,EcomExpress,Traffic,0,0,1
2426,8259.0,3.1,5.0,2024-05-26,2024-05-31,2024-06-01,Road,417,6,3884.95,23309.7,Cloudy,North,Yes,91.0,FedEx,Traffic,0,1,0
2427,3749.0,3.7,3.0,2024-05-07,2024-05-10,2024-05-13,Air,564,21,3190.07,66991.47,Cloudy,North,Yes,81.1,Delhivery,Weather,0,0,1
2428,1747.0,4.6,7.0,2024-11-04,2024-11-11,2024-11-13,Road,606,94,2186.88,205566.72,Rainy,East,Yes,87.1,BlueDart,Operational,0,0,1
2429,1320.0,3.1,8.0,2024-09-14,2024-09-22,2024-09-25,Air,1310,80,4597.94,367835.2,Rainy,North,No,75.4,EcomExpress,,0,1,0
2430,7860.0,3.9,2.0,2024-06-06,2024-06-08,2024-06-08,Road,559,30,4566.51,136995.3,Rainy,East,No,97.0,FedEx,,1,0,1
2431,5480.0,3.8,2.0,2024-07-31,2024-08-02,2024-08-06,Road,107,86,2905.14,249842.04,Clear,East,Yes,73.7,FedEx,Customs,0,0,1
2432,7856.0,2.6,2.0,2024-06-26,2024-06-28,2024-06-27,Road,1209,62,2813.07,174410.34,Rainy,South,Yes,91.2,BlueDart,Traffic,1,0,1
2433,6242.0,4.2,2.0,2024-04-12,2024-04-14,2024-04-19,Air,67,58,3063.57,177687.06,Clear,South,No,75.9,EcomExpress,,0,0,1
2434,2484.0,4.0,4.0,2024-06-21,2024-06-25,2024-06-26,Air,1322,44,1365.32,60074.08,Rainy,East,Yes,75.3,Delhivery,Weather,0,0,1
2435,8936.0,4.4,7.0,2024-05-10,2024-05-17,2024-05-20,Air,530,92,668.56,61507.52,Clear,Central,Yes,96.1,EcomExpress,Customs,0,0,1
2436,7324.0,4.4,4.0,2024-07-12,2024-07-16,2024-07-16,Air,1285,94,4303.9,404566.6,Clear,North,No,93.9,EcomExpress,Traffic,1,0,1
2437,1504.0,4.4,9.0,2024-08-16,2024-08-25,2024-08-29,Road,605,65,2332.43,151607.95,Rainy,South,Yes,93.2,EcomExpress,,0,0,1
2438,8537.0,3.1,3.0,2024-05-23,2024-05-26,2024-05-28,Air,1200,77,2155.37,165963.49,Storm,East,No,91.0,EcomExpress,Traffic,0,0,1
2439,5683.0,4.1,6.0,2024-08-05,2024-08-11,2024-08-10,Road,1499,93,182.45,16967.85,Clear,East,No,96.6,FedEx,Traffic,1,0,1
2440,8754.0,4.4,3.0,2024-09-23,2024-09-26,2024-09-26,Sea,1209,10,3550.34,35503.4,Rainy,Central,Yes,70.4,BlueDart,Weather,1,0,1
2441,2296.0,4.9,10.0,2024-04-26,2024-05-06,2024-05-11,Sea,724,93,3366.86,313117.98,Cloudy,West,No,75.7,FedEx,Weather,0,0,1
2442,3160.0,3.0,2.0,2024-01-23,2024-01-25,2024-01-29,Air,1206,4,837.84,3351.36,Storm,West,No,91.5,EcomExpress,Operational,0,0,1
2443,9619.0,2.6,3.0,2024-08-21,2024-08-24,2024-08-25,Sea,1246,67,3560.19,238532.73,Cloudy,Central,Yes,73.6,Delhivery,Weather,0,0,1
2444,6200.0,2.7,8.0,2024-03-15,2024-03-23,2024-03-23,Road,890,78,831.88,64886.64,Cloudy,North,No,70.4,EcomExpress,Traffic,1,0,1
2445,4748.0,4.7,3.0,2024-09-16,2024-09-19,2024-09-21,Air,1380,99,1313.04,129990.96,Clear,Central,No,92.2,Delhivery,Weather,0,0,1
2446,2030.0,3.9,5.0,2024-07-02,2024-07-07,2024-07-08,Air,1072,8,1917.58,15340.64,Storm,South,No,91.8,BlueDart,Traffic,0,0,1
2447,2364.0,3.8,5.0,2024-02-06,2024-02-11,2024-02-16,Air,1087,9,2530.85,22777.65,Clear,Central,Yes,72.7,Delhivery,Weather,0,0,1
2448,4457.0,4.4,10.0,2024-10-20,2024-10-30,2024-10-30,Sea,575,47,1292.92,60767.24,Rainy,South,No,99.5,BlueDart,Operational,1,1,1
2449,2633.0,4.6,7.0,2024-02-24,2024-03-02,2024-03-04,Road,1295,91,2994.17,272469.47,Cloudy,North,No,89.3,Delhivery,Weather,0,1,0
2450,2367.0,3.2,2.0,2024-06-14,2024-06-16,2024-06-15,Road,400,74,2875.93,212818.82,Clear,Central,Yes,96.0,EcomExpress,Traffic,1,0,1
2451,7268.0,3.0,6.0,2024-08-20,2024-08-26,2024-08-30,Road,801,51,3503.9,178698.9,Cloudy,Central,No,83.8,FedEx,Customs,0,0,1
2452,5240.0,4.5,8.0,2024-05-17,2024-05-25,2024-05-27,Road,389,47,3687.95,173333.65,Storm,Central,Yes,99.4,DHL,,0,0,1
2453,7749.0,4.8,4.0,2024-07-16,2024-07-20,2024-07-21,Road,1007,14,1868.01,26152.14,Cloudy,South,Yes,95.7,Delhivery,,0,0,1
2454,2004.0,4.4,6.0,2024-10-15,2024-10-21,2024-10-24,Air,1452,89,3227.03,287205.67,Cloudy,North,Yes,98.3,EcomExpress,Weather,0,0,1
2455,7644.0,4.9,5.0,2024-11-21,2024-11-26,2024-11-25,Road,434,81,2415.33,195641.73,Clear,Central,No,88.0,EcomExpress,Traffic,1,0,1
2456,3192.0,3.9,10.0,2024-09-04,2024-09-14,2024-09-19,Road,508,84,3329.98,279718.32,Storm,East,No,87.6,BlueDart,Customs,0,0,1
2457,8857.0,2.7,9.0,2024-02-13,2024-02-22,2024-02-21,Road,1242,86,1286.24,110616.64,Rainy,East,Yes,94.7,BlueDart,Customs,1,0,1
2458,7458.0,4.0,6.0,2024-09-22,2024-09-28,2024-09-30,Air,506,29,1616.13,46867.77,Clear,Central,Yes,82.2,BlueDart,Customs,0,1,0
2459,7050.0,3.1,10.0,2024-10-31,2024-11-10,2024-11-14,Air,245,64,3420.14,218888.96,Cloudy,South,No,83.7,EcomExpress,Weather,0,0,1
2460,3876.0,4.9,5.0,2024-05-09,2024-05-14,2024-05-13,Sea,632,60,4764.89,285893.4,Rainy,North,Yes,79.7,Delhivery,Customs,1,0,1
2461,1938.0,3.5,4.0,2024-02-01,2024-02-05,2024-02-07,Air,385,66,2500.44,165029.04,Cloudy,North,No,92.5,EcomExpress,Customs,0,0,1
2462,5780.0,3.6,5.0,2024-02-07,2024-02-12,2024-02-15,Air,469,46,2901.94,133489.24,Storm,West,No,82.1,DHL,,0,0,1
2463,3709.0,3.0,6.0,2024-07-08,2024-07-14,2024-07-13,Road,1433,19,2671.57,50759.83,Clear,North,No,70.4,Delhivery,Operational,1,0,1
2464,9100.0,4.9,9.0,2024-11-01,2024-11-10,2024-11-10,Air,1068,65,3583.71,232941.15,Storm,West,No,73.5,Delhivery,Operational,1,0,1
2465,8194.0,4.9,5.0,2024-08-19,2024-08-24,2024-08-24,Air,49,16,1943.46,31095.36,Clear,North,No,98.9,DHL,Weather,1,0,1
2466,5757.0,3.3,4.0,2024-11-02,2024-11-06,2024-11-08,Road,1274,69,3032.0,209208.0,Rainy,West,No,77.4,EcomExpress,Operational,0,1,0
2467,2899.0,4.1,9.0,2024-09-21,2024-09-30,2024-10-03,Road,654,94,3892.91,365933.54,Cloudy,East,Yes,87.7,DHL,,0,1,0
2468,8314.0,3.8,9.0,2024-10-23,2024-11-01,2024-11-05,Sea,113,11,1046.92,11516.12,Rainy,West,Yes,98.0,EcomExpress,,0,0,1
2469,1588.0,3.5,2.0,2024-07-01,2024-07-03,2024-07-03,Road,1472,96,576.05,55300.8,Cloudy,East,No,88.8,DHL,Traffic,1,0,1
2470,3936.0,3.6,8.0,2024-08-18,2024-08-26,2024-08-27,Air,1212,65,4346.16,282500.4,Storm,North,Yes,89.5,BlueDart,,0,1,0
2471,1136.0,3.6,8.0,2024-01-25,2024-02-02,2024-02-06,Air,1400,79,1687.79,133335.41,Clear,Central,Yes,91.8,Delhivery,Customs,0,0,1
2472,9600.0,4.7,6.0,2024-06-23,2024-06-29,2024-07-04,Road,113,49,103.49,5071.01,Storm,East,No,89.0,FedEx,Customs,0,1,0
2473,9165.0,2.8,3.0,2024-06-01,2024-06-04,2024-06-07,Air,130,22,2733.88,60145.36,Rainy,South,Yes,76.4,EcomExpress,Traffic,0,1,0
2474,5900.0,4.6,9.0,2024-09-28,2024-10-07,2024-10-09,Road,579,25,1952.43,48810.75,Clear,West,No,98.9,DHL,,0,1,0
2475,4095.0,3.0,6.0,2024-10-08,2024-10-14,2024-10-14,Air,447,33,1773.24,58516.92,Clear,North,No,90.0,BlueDart,,1,0,1
2476,2945.0,3.4,9.0,2024-04-22,2024-05-01,2024-05-04,Air,1433,59,2272.3,134065.7,Storm,Central,No,84.6,DHL,Traffic,0,0,1
2477,1748.0,4.9,3.0,2024-05-18,2024-05-21,2024-05-22,Sea,885,35,547.15,19150.25,Clear,East,No,88.4,FedEx,Weather,0,1,0
2478,5947.0,3.6,9.0,2024-02-13,2024-02-22,2024-02-24,Sea,425,53,332.65,17630.45,Clear,East,No,73.5,FedEx,,0,0,1
2479,5354.0,4.7,7.0,2024-10-15,2024-10-22,2024-10-25,Road,973,38,4001.96,152074.48,Rainy,North,No,88.0,FedEx,Operational,0,0,1
2480,4534.0,4.1,3.0,2024-01-01,2024-01-04,2024-01-03,Air,962,36,1619.61,58305.96,Storm,South,Yes,97.0,FedEx,,1,0,1
2481,1413.0,4.3,2.0,2024-04-24,2024-04-26,2024-04-28,Road,1286,17,1188.21,20199.57,Storm,East,Yes,86.7,Delhivery,Operational,0,0,1
2482,5197.0,3.2,4.0,2024-02-17,2024-02-21,2024-02-24,Road,1330,19,2716.39,51611.41,Cloudy,South,No,87.3,FedEx,Customs,0,1,0
2483,2064.0,4.9,9.0,2024-02-23,2024-03-03,2024-03-06,Road,1383,66,1436.77,94826.82,Rainy,South,Yes,90.9,BlueDart,,0,0,1
2484,5612.0,2.5,6.0,2024-08-30,2024-09-05,2024-09-10,Sea,935,47,4547.27,213721.69,Cloudy,North,Yes,76.5,Delhivery,,0,0,1
2485,1556.0,3.0,7.0,2024-06-08,2024-06-15,2024-06-18,Air,802,93,1021.85,95032.05,Cloudy,East,No,93.1,Delhivery,Customs,0,1,0
2486,4420.0,3.0,3.0,2024-05-15,2024-05-18,2024-05-17,Air,1039,67,1649.47,110514.49,Cloudy,Central,No,89.6,BlueDart,Weather,1,0,1
2487,5111.0,3.3,5.0,2024-03-02,2024-03-07,2024-03-08,Road,1193,56,2126.96,119109.76,Clear,East,Yes,74.9,Delhivery,Weather,0,1,0
2488,6072.0,4.8,4.0,2024-01-13,2024-01-17,2024-01-17,Road,57,21,3061.8,64297.8,Clear,East,No,81.7,DHL,Traffic,1,1,1
2489,9528.0,2.7,9.0,2024-07-26,2024-08-04,2024-08-03,Road,1204,69,2338.73,161372.37,Cloudy,East,Yes,72.7,FedEx,Traffic,1,0,1
2490,6320.0,2.8,5.0,2024-03-30,2024-04-04,2024-04-03,Air,380,83,1506.96,125077.68,Clear,South,Yes,85.2,EcomExpress,,1,1,1
2491,1208.0,3.5,2.0,2024-08-12,2024-08-14,2024-08-15,Sea,1045,25,383.73,9593.25,Rainy,East,Yes,76.3,FedEx,Weather,0,0,1
2492,3100.0,4.5,4.0,2024-08-14,2024-08-18,2024-08-17,Road,462,5,1962.77,9813.85,Cloudy,East,No,75.6,FedEx,,1,0,1
2493,4088.0,3.4,4.0,2024-06-09,2024-06-13,2024-06-15,Air,546,100,2038.72,203872.0,Cloudy,East,Yes,91.5,Delhivery,,0,1,0
2494,7738.0,5.0,6.0,2024-11-16,2024-11-22,2024-11-26,Air,605,59,2699.17,159251.03,Clear,Central,No,71.3,EcomExpress,,0,1,0
2495,9394.0,3.4,7.0,2024-01-01,2024-01-08,2024-01-08,Air,309,29,2727.76,79105.04,Rainy,Central,No,87.2,BlueDart,Operational,1,0,1
2496,1101.0,3.3,5.0,2024-06-27,2024-07-02,2024-07-01,Sea,716,88,1534.73,135056.24,Storm,South,Yes,91.2,FedEx,Weather,1,0,1
2497,8721.0,3.1,10.0,2024-01-09,2024-01-19,2024-01-18,Sea,366,48,3862.04,185377.92,Cloudy,East,Yes,95.0,BlueDart,Traffic,1,0,1
2498,3871.0,4.4,5.0,2024-10-09,2024-10-14,2024-10-18,Air,713,51,3104.17,158312.67,Rainy,South,Yes,95.5,DHL,Traffic,0,0,1
2499,4015.0,4.0,10.0,2024-01-09,2024-01-19,2024-01-20,Sea,468,5,493.5,2467.5,Rainy,West,Yes,96.7,FedEx,Weather,0,0,1
2500,7352.0,4.6,7.0,2024-09-27,2024-10-04,2024-10-03,Road,1009,63,3488.95,219803.85,Rainy,South,Yes,84.2,EcomExpress,Operational,1,0,1
2501,3748.0,4.1,3.0,2024-03-11,2024-03-14,2024-03-13,Air,127,72,1421.02,102313.44,Storm,South,Yes,87.7,Delhivery,,1,0,1
2502,2325.0,3.1,5.0,2024-01-04,2024-01-09,2024-01-12,Road,195,52,2849.46,148171.92,Rainy,East,No,81.0,DHL,Customs,0,0,1
2503,4025.0,3.5,9.0,2024-05-13,2024-05-22,2024-05-21,Road,1287,76,551.87,41942.12,Rainy,South,Yes,98.4,DHL,Traffic,1,0,1
2504,7497.0,3.1,4.0,2024-05-31,2024-06-04,2024-06-03,Road,477,41,1980.1,81184.1,Cloudy,East,No,95.3,BlueDart,Operational,1,0,1
2505,8701.0,4.6,2.0,2024-03-17,2024-03-19,2024-03-18,Air,347,83,424.67,35247.61,Storm,South,Yes,97.6,BlueDart,,1,1,1
2506,1661.0,3.9,5.0,2024-05-01,2024-05-06,2024-05-05,Air,913,86,106.27,9139.22,Rainy,West,Yes,79.9,EcomExpress,Traffic,1,0,1
2507,2627.0,3.3,3.0,2024-02-08,2024-02-11,2024-02-10,Road,100,97,2931.01,284307.97,Rainy,South,No,79.7,BlueDart,Customs,1,0,1
2508,8867.0,4.0,8.0,2024-02-04,2024-02-12,2024-02-15,Road,1352,71,3545.83,251753.93,Clear,North,Yes,88.8,FedEx,Operational,0,1,0
2509,8169.0,3.0,5.0,2024-11-16,2024-11-21,2024-11-22,Air,219,23,751.16,17276.68,Storm,South,Yes,88.1,EcomExpress,Operational,0,1,0
2510,3130.0,3.6,3.0,2024-09-24,2024-09-27,2024-09-26,Road,991,61,1006.9,61420.9,Rainy,West,Yes,93.9,BlueDart,Traffic,1,0,1
2511,3433.0,4.0,3.0,2024-04-09,2024-04-12,2024-04-15,Road,1191,3,133.44,400.32,Clear,North,Yes,83.8,DHL,Weather,0,0,1
2512,4893.0,4.1,10.0,2024-09-17,2024-09-27,2024-09-26,Road,127,52,3436.29,178687.08,Cloudy,East,Yes,80.2,Delhivery,Weather,1,0,1
2513,8143.0,3.4,3.0,2024-02-02,2024-02-05,2024-02-06,Sea,1218,54,127.66,6893.64,Rainy,North,No,75.8,DHL,Customs,0,0,1
2514,6842.0,4.4,2.0,2024-09-14,2024-09-16,2024-09-17,Air,142,34,4367.48,148494.32,Cloudy,East,Yes,84.1,FedEx,,0,1,0
2515,1780.0,3.6,2.0,2024-01-12,2024-01-14,2024-01-14,Road,234,97,4030.85,390992.45,Cloudy,West,Yes,98.9,DHL,Traffic,1,0,1
2516,4462.0,4.6,4.0,2024-10-31,2024-11-04,2024-11-09,Road,232,81,3838.55,310922.55,Rainy,South,Yes,97.2,Delhivery,,0,0,1
2517,4744.0,4.0,9.0,2024-04-11,2024-04-20,2024-04-23,Sea,413,58,1385.78,80375.24,Cloudy,South,Yes,92.7,EcomExpress,Traffic,0,0,1
2518,6522.0,3.2,8.0,2024-04-30,2024-05-08,2024-05-08,Air,1145,37,1892.61,70026.57,Cloudy,West,No,85.0,Delhivery,,1,0,1
2519,3776.0,3.4,5.0,2024-10-21,2024-10-26,2024-10-30,Sea,969,37,3880.73,143587.01,Rainy,Central,No,89.6,FedEx,Traffic,0,0,1
2520,7832.0,3.6,2.0,2024-10-15,2024-10-17,2024-10-20,Sea,300,37,866.12,32046.44,Rainy,West,Yes,94.8,DHL,Traffic,0,0,1
2521,1213.0,3.1,4.0,2024-07-14,2024-07-18,2024-07-17,Sea,619,63,1927.06,121404.78,Clear,West,Yes,99.0,BlueDart,Operational,1,1,1
2522,8541.0,3.3,10.0,2024-03-25,2024-04-04,2024-04-06,Sea,171,84,2770.53,232724.52,Cloudy,East,No,73.3,FedEx,Customs,0,0,1
2523,3600.0,4.5,6.0,2024-01-23,2024-01-29,2024-02-01,Air,179,39,1740.6,67883.4,Cloudy,North,Yes,97.2,DHL,Weather,0,0,1
2524,1237.0,3.1,4.0,2024-09-11,2024-09-15,2024-09-19,Air,268,5,4310.3,21551.5,Cloudy,West,No,97.6,BlueDart,Weather,0,0,1
2525,1359.0,4.6,3.0,2024-06-18,2024-06-21,2024-06-22,Road,614,76,3753.85,285292.6,Clear,East,Yes,92.8,DHL,Customs,0,0,1
2526,5178.0,4.0,5.0,2024-01-13,2024-01-18,2024-01-23,Air,981,52,1572.12,81750.24,Cloudy,East,No,78.3,EcomExpress,,0,1,0
2527,1112.0,3.8,7.0,2024-02-13,2024-02-20,2024-02-23,Road,803,21,1473.35,30940.35,Rainy,Central,No,75.7,BlueDart,,0,0,1
2528,9888.0,2.6,10.0,2024-04-18,2024-04-28,2024-04-29,Road,1352,21,1539.27,32324.67,Rainy,West,No,71.2,FedEx,,0,0,1
2529,7136.0,3.2,3.0,2024-08-28,2024-08-31,2024-09-04,Air,1454,15,2522.48,37837.2,Rainy,North,Yes,98.2,BlueDart,Customs,0,0,1
2530,1492.0,3.3,6.0,2024-08-29,2024-09-04,2024-09-05,Air,1427,41,1904.93,78102.13,Clear,South,No,97.9,BlueDart,Customs,0,0,1
2531,8383.0,2.8,4.0,2024-06-25,2024-06-29,2024-07-03,Sea,375,43,855.58,36789.94,Rainy,East,No,70.1,FedEx,Operational,0,0,1
2532,8333.0,2.6,7.0,2024-06-24,2024-07-01,2024-07-04,Air,379,68,2750.01,187000.68,Storm,Central,No,71.6,EcomExpress,Customs,0,0,1
2533,4582.0,5.0,5.0,2024-06-21,2024-06-26,2024-06-25,Sea,71,86,4270.37,367251.82,Storm,Central,No,90.3,DHL,Traffic,1,0,1
2534,2084.0,3.7,7.0,2024-08-20,2024-08-27,2024-08-31,Road,247,94,874.9,82240.6,Cloudy,West,Yes,92.0,EcomExpress,Operational,0,0,1
2535,8693.0,2.8,7.0,2024-11-21,2024-11-28,2024-11-28,Air,351,29,3588.82,104075.78,Storm,East,Yes,73.9,EcomExpress,Weather,1,0,1
2536,6224.0,3.1,2.0,2024-04-19,2024-04-21,2024-04-24,Sea,99,94,4100.93,385487.42,Cloudy,North,No,78.4,FedEx,Weather,0,0,1
2537,3627.0,3.1,10.0,2024-07-05,2024-07-15,2024-07-19,Road,1214,27,3998.7,107964.9,Clear,West,Yes,88.1,Delhivery,Traffic,0,0,1
2538,9516.0,2.7,9.0,2024-05-21,2024-05-30,2024-05-31,Road,898,53,4452.77,235996.81,Cloudy,North,No,79.9,BlueDart,Weather,0,0,1
2539,8230.0,4.8,10.0,2024-08-09,2024-08-19,2024-08-22,Sea,914,91,834.77,75964.07,Cloudy,Central,No,84.8,DHL,Traffic,0,0,1
2540,3958.0,4.4,7.0,2024-02-03,2024-02-10,2024-02-14,Sea,117,48,4163.81,199862.88,Storm,West,Yes,90.6,EcomExpress,Weather,0,1,0
2541,1160.0,4.0,3.0,2024-07-12,2024-07-15,2024-07-16,Road,1411,83,457.88,38004.04,Rainy,West,No,91.8,Delhivery,Weather,0,0,1
2542,3476.0,3.3,9.0,2024-06-28,2024-07-07,2024-07-09,Sea,280,52,2110.0,109720.0,Storm,Central,Yes,88.0,EcomExpress,Customs,0,0,1
2543,2527.0,4.7,3.0,2024-02-03,2024-02-06,2024-02-07,Sea,1249,40,2468.79,98751.6,Clear,East,Yes,85.1,DHL,Customs,0,1,0
2544,6494.0,3.7,8.0,2024-11-12,2024-11-20,2024-11-25,Air,525,21,4960.29,104166.09,Clear,West,Yes,73.2,FedEx,Traffic,0,0,1
2545,9256.0,3.9,8.0,2024-06-21,2024-06-29,2024-07-01,Sea,954,3,1639.97,4919.91,Cloudy,East,Yes,71.6,BlueDart,Weather,0,0,1
2546,4729.0,3.6,6.0,2024-11-17,2024-11-23,2024-11-23,Sea,69,36,1206.12,43420.32,Rainy,South,No,97.4,EcomExpress,Operational,1,1,1
2547,4675.0,4.0,6.0,2024-03-30,2024-04-05,2024-04-07,Sea,106,79,2697.59,213109.61,Clear,West,No,92.2,Delhivery,Customs,0,1,0
2548,3792.0,2.7,10.0,2024-10-01,2024-10-11,2024-10-13,Air,940,79,1499.41,118453.39,Cloudy,East,Yes,72.9,FedEx,Operational,0,0,1
2549,9014.0,3.0,7.0,2024-10-12,2024-10-19,2024-10-23,Road,401,87,4871.35,423807.45,Storm,West,Yes,87.1,Delhivery,Traffic,0,1,0
2550,9486.0,3.4,5.0,2024-05-22,2024-05-27,2024-05-30,Sea,344,45,2443.52,109958.4,Clear,North,No,82.0,Delhivery,Operational,0,0,1
2551,6715.0,4.8,9.0,2024-03-02,2024-03-11,2024-03-11,Sea,757,10,880.47,8804.7,Clear,North,No,78.3,EcomExpress,,1,1,1
2552,7907.0,3.7,7.0,2024-11-21,2024-11-28,2024-12-01,Road,422,57,349.42,19916.94,Storm,South,No,76.1,DHL,Traffic,0,0,1
2553,6522.0,3.0,7.0,2024-08-26,2024-09-02,2024-09-06,Air,424,95,3149.06,299160.7,Cloudy,West,Yes,71.4,EcomExpress,Traffic,0,0,1
2554,6642.0,4.4,9.0,2024-01-18,2024-01-27,2024-01-29,Road,1451,1,2691.72,2691.72,Storm,East,Yes,91.8,DHL,Traffic,0,0,1
2555,4614.0,4.0,6.0,2024-10-06,2024-10-12,2024-10-13,Air,24,72,532.74,38357.28,Cloudy,South,Yes,87.0,Delhivery,,0,1,0
2556,6213.0,4.8,8.0,2024-03-31,2024-04-08,2024-04-07,Road,583,21,874.96,18374.16,Cloudy,Central,No,85.9,DHL,,1,1,1
2557,1412.0,4.0,9.0,2024-01-17,2024-01-26,2024-01-28,Sea,439,74,4209.66,311514.84,Cloudy,West,Yes,74.7,BlueDart,Customs,0,0,1
2558,7092.0,4.6,7.0,2024-08-01,2024-08-08,2024-08-10,Sea,515,41,4274.39,175249.99,Clear,West,Yes,88.3,EcomExpress,Traffic,0,0,1
2559,8878.0,3.4,5.0,2024-04-27,2024-05-02,2024-05-05,Sea,899,77,3194.38,245967.26,Cloudy,North,Yes,72.4,FedEx,Traffic,0,1,0
2560,1001.0,4.2,2.0,2024-02-18,2024-02-20,2024-02-21,Road,957,35,2767.21,96852.35,Clear,South,Yes,90.8,Delhivery,Weather,0,1,0
2561,3032.0,4.8,5.0,2024-06-26,2024-07-01,2024-07-06,Air,1406,9,2887.54,25987.86,Clear,Central,No,87.3,Delhivery,,0,0,1
2562,2100.0,4.6,10.0,2024-05-26,2024-06-05,2024-06-07,Road,910,57,3845.29,219181.53,Cloudy,East,No,78.1,Delhivery,Customs,0,1,0
2563,6777.0,2.6,8.0,2024-10-11,2024-10-19,2024-10-21,Road,337,37,3337.53,123488.61,Rainy,East,No,81.6,DHL,Operational,0,0,1
2564,9903.0,4.1,3.0,2024-03-13,2024-03-16,2024-03-20,Sea,150,61,1376.5,83966.5,Rainy,East,Yes,77.5,Delhivery,Weather,0,0,1
2565,2761.0,4.9,10.0,2024-11-13,2024-11-23,2024-11-23,Road,831,76,536.58,40780.08,Clear,North,Yes,95.1,EcomExpress,Weather,1,0,1
2566,8270.0,3.1,9.0,2024-09-06,2024-09-15,2024-09-18,Road,1003,55,1836.1,100985.5,Cloudy,West,Yes,70.8,FedEx,Operational,0,0,1
2567,8134.0,4.9,7.0,2024-08-17,2024-08-24,2024-08-24,Air,556,43,1134.52,48784.36,Cloudy,South,No,86.0,DHL,Operational,1,1,1
2568,2179.0,4.0,9.0,2024-06-27,2024-07-06,2024-07-09,Sea,1338,4,4466.79,17867.16,Storm,West,No,88.2,DHL,Customs,0,0,1
2569,9058.0,3.3,3.0,2024-02-20,2024-02-23,2024-02-27,Road,218,51,2177.07,111030.57,Cloudy,West,Yes,74.0,DHL,Operational,0,0,1
2570,9097.0,3.8,3.0,2024-10-12,2024-10-15,2024-10-18,Road,1039,16,4384.18,70146.88,Cloudy,East,No,88.0,EcomExpress,Operational,0,1,0
2571,7799.0,4.4,7.0,2024-04-27,2024-05-04,2024-05-03,Sea,311,70,1734.0,121380.0,Storm,West,No,83.7,DHL,Weather,1,1,1
2572,1929.0,3.7,9.0,2024-04-03,2024-04-12,2024-04-13,Road,924,7,210.48,1473.36,Rainy,South,No,85.1,FedEx,Weather,0,0,1
2573,5686.0,3.8,4.0,2024-10-15,2024-10-19,2024-10-23,Air,995,96,549.28,52730.88,Cloudy,North,No,79.1,BlueDart,Operational,0,0,1
2574,6104.0,4.7,2.0,2024-07-20,2024-07-22,2024-07-26,Air,988,99,3129.87,309857.13,Cloudy,South,No,79.6,BlueDart,Weather,0,1,0
2575,2687.0,3.3,4.0,2024-03-25,2024-03-29,2024-03-31,Sea,926,58,1148.73,66626.34,Cloudy,Central,Yes,72.9,FedEx,Customs,0,0,1
2576,8759.0,4.5,8.0,2024-10-25,2024-11-02,2024-11-03,Sea,1211,21,1589.74,33384.54,Clear,North,Yes,75.0,EcomExpress,Traffic,0,0,1
2577,8522.0,2.8,6.0,2024-10-28,2024-11-03,2024-11-05,Air,400,76,2163.98,164462.48,Rainy,South,No,73.8,BlueDart,Operational,0,0,1
2578,8757.0,4.7,8.0,2024-01-26,2024-02-03,2024-02-02,Sea,286,74,3807.13,281727.62,Storm,Central,Yes,89.8,DHL,Customs,1,0,1
2579,3617.0,3.9,3.0,2024-04-04,2024-04-07,2024-04-08,Air,525,98,630.15,61754.7,Cloudy,South,No,76.1,FedEx,Traffic,0,0,1
2580,8986.0,3.0,9.0,2024-08-30,2024-09-08,2024-09-10,Road,396,42,1729.78,72650.76,Clear,North,No,83.9,FedEx,Customs,0,0,1
2581,6483.0,4.3,2.0,2024-03-17,2024-03-19,2024-03-23,Sea,668,38,2826.96,107424.48,Rainy,East,No,91.0,BlueDart,Operational,0,1,0
2582,1972.0,3.8,8.0,2024-01-25,2024-02-02,2024-02-04,Air,1046,92,2913.58,268049.36,Cloudy,West,No,93.0,FedEx,Weather,0,0,1
2583,6018.0,4.1,8.0,2024-10-24,2024-11-01,2024-11-01,Road,835,85,1604.04,136343.4,Rainy,West,Yes,72.3,EcomExpress,Operational,1,0,1
2584,5330.0,3.6,3.0,2024-09-15,2024-09-18,2024-09-20,Sea,1167,18,4912.02,88416.36,Storm,West,No,71.3,FedEx,,0,1,0
2585,1040.0,4.7,5.0,2024-05-21,2024-05-26,2024-05-25,Road,1108,33,2761.31,91123.23,Cloudy,Central,No,75.7,EcomExpress,,1,0,1
2586,7636.0,4.1,10.0,2024-01-28,2024-02-07,2024-02-07,Air,1352,87,2007.73,174672.51,Storm,North,No,92.1,EcomExpress,Weather,1,1,1
2587,2704.0,4.3,8.0,2024-04-17,2024-04-25,2024-04-29,Road,470,31,4137.16,128251.96,Rainy,East,Yes,88.3,DHL,Weather,0,0,1
2588,7304.0,4.2,8.0,2024-05-03,2024-05-11,2024-05-15,Sea,116,53,3268.9,173251.7,Rainy,East,Yes,72.9,Delhivery,Traffic,0,0,1
2589,9489.0,3.7,2.0,2024-04-26,2024-04-28,2024-05-03,Sea,60,31,1713.42,53116.02,Cloudy,West,Yes,77.7,BlueDart,Traffic,0,0,1
2590,8956.0,4.4,2.0,2024-06-02,2024-06-04,2024-06-05,Air,332,6,4861.1,29166.6,Cloudy,North,Yes,79.4,DHL,,0,1,0
2591,2747.0,3.0,9.0,2024-11-03,2024-11-12,2024-11-16,Sea,1100,49,2555.19,125204.31,Cloudy,North,No,98.2,FedEx,Weather,0,1,0
2592,6861.0,3.1,3.0,2024-02-20,2024-02-23,2024-02-23,Road,21,27,674.86,18221.22,Clear,Central,Yes,71.9,DHL,Customs,1,0,1
2593,9402.0,4.7,8.0,2024-06-11,2024-06-19,2024-06-21,Sea,1008,31,4080.62,126499.22,Cloudy,South,Yes,87.7,EcomExpress,Weather,0,0,1
2594,4807.0,2.7,9.0,2024-05-19,2024-05-28,2024-06-02,Sea,176,12,3514.8,42177.6,Storm,East,No,77.1,EcomExpress,Operational,0,1,0
2595,8452.0,3.7,3.0,2024-08-15,2024-08-18,2024-08-18,Air,1371,61,4153.64,253372.04,Rainy,Central,Yes,93.0,EcomExpress,Weather,1,0,1
2596,2692.0,3.9,6.0,2024-11-08,2024-11-14,2024-11-17,Road,299,33,4307.01,142131.33,Storm,Central,No,88.1,BlueDart,Traffic,0,0,1
2597,3549.0,4.5,5.0,2024-03-05,2024-03-10,2024-03-14,Sea,333,29,2004.04,58117.16,Rainy,West,Yes,86.8,EcomExpress,Traffic,0,0,1
2598,2157.0,4.5,8.0,2024-02-10,2024-02-18,2024-02-22,Air,992,60,2055.36,123321.6,Cloudy,East,No,90.3,BlueDart,,0,1,0
2599,5100.0,3.2,10.0,2024-10-28,2024-11-07,2024-11-11,Road,1113,81,3155.78,255618.18,Clear,North,No,82.6,EcomExpress,Weather,0,0,1
2600,8626.0,3.6,5.0,2024-08-09,2024-08-14,2024-08-16,Sea,594,59,3491.64,206006.76,Storm,West,Yes,84.9,EcomExpress,Weather,0,0,1
2601,3425.0,3.3,2.0,2024-08-06,2024-08-08,2024-08-08,Road,1103,80,3610.67,288853.6,Clear,Central,Yes,95.9,BlueDart,Weather,1,0,1
2602,2618.0,3.6,6.0,2024-03-01,2024-03-07,2024-03-10,Sea,701,44,2970.34,130694.96,Storm,East,Yes,76.5,DHL,Customs,0,0,1
2603,2729.0,4.2,10.0,2024-02-12,2024-02-22,2024-02-25,Air,778,72,1255.22,90375.84,Cloudy,South,No,79.6,EcomExpress,,0,0,1
2604,7970.0,2.9,7.0,2024-02-05,2024-02-12,2024-02-16,Air,505,23,1451.26,33378.98,Storm,Central,Yes,82.0,DHL,Customs,0,0,1
2605,2703.0,4.5,4.0,2024-01-27,2024-01-31,2024-01-30,Air,226,13,1793.4,23314.2,Rainy,West,Yes,79.5,Delhivery,Traffic,1,1,1
2606,7686.0,3.2,8.0,2024-05-11,2024-05-19,2024-05-22,Air,328,41,4011.82,164484.62,Rainy,West,No,80.4,FedEx,,0,1,0
2607,7578.0,2.6,9.0,2024-03-06,2024-03-15,2024-03-14,Road,263,14,1818.2,25454.8,Cloudy,West,No,98.2,Delhivery,,1,0,1
2608,7905.0,2.9,7.0,2024-02-08,2024-02-15,2024-02-16,Air,503,80,2749.69,219975.2,Storm,North,Yes,83.3,FedEx,Operational,0,0,1
2609,7384.0,3.2,3.0,2024-02-22,2024-02-25,2024-02-26,Sea,1136,58,4697.01,272426.58,Storm,North,No,82.8,FedEx,Weather,0,0,1
2610,3959.0,4.3,10.0,2024-08-19,2024-08-29,2024-08-28,Road,1437,63,3555.3,223983.9,Cloudy,West,No,79.1,BlueDart,Operational,1,0,1
2611,4045.0,3.7,5.0,2024-04-19,2024-04-24,2024-04-24,Air,540,100,4159.56,415956.0,Rainy,East,No,96.3,BlueDart,Customs,1,0,1
2612,3681.0,3.6,6.0,2024-04-12,2024-04-18,2024-04-20,Road,307,18,2780.65,50051.7,Clear,East,No,74.5,FedEx,Traffic,0,0,1
2613,1951.0,4.3,4.0,2024-04-05,2024-04-09,2024-04-14,Sea,428,11,4438.99,48828.89,Rainy,North,No,95.8,FedEx,Weather,0,0,1
2614,9687.0,3.4,8.0,2024-02-13,2024-02-21,2024-02-25,Air,284,98,1826.14,178961.72,Cloudy,West,Yes,86.8,DHL,Weather,0,0,1
2615,5555.0,4.3,2.0,2024-05-27,2024-05-29,2024-05-30,Sea,105,22,2341.43,51511.46,Cloudy,West,No,94.4,Delhivery,Customs,0,0,1
2616,3270.0,3.5,6.0,2024-09-07,2024-09-13,2024-09-13,Sea,1150,30,1740.03,52200.9,Cloudy,North,No,81.0,BlueDart,Weather,1,1,1
2617,6104.0,3.4,10.0,2024-07-12,2024-07-22,2024-07-25,Air,512,32,3700.77,118424.64,Rainy,South,No,93.7,FedEx,,0,0,1
2618,6091.0,2.9,8.0,2024-08-23,2024-08-31,2024-09-05,Sea,725,15,4804.61,72069.15,Rainy,West,Yes,73.7,Delhivery,Operational,0,0,1
2619,8149.0,2.8,7.0,2024-05-24,2024-05-31,2024-06-03,Air,134,70,3102.84,217198.8,Rainy,North,No,89.5,DHL,,0,0,1
2620,2823.0,4.7,7.0,2024-08-24,2024-08-31,2024-09-01,Road,822,86,2483.57,213587.02,Clear,East,Yes,76.5,FedEx,Traffic,0,1,0
2621,7458.0,3.9,2.0,2024-02-21,2024-02-23,2024-02-28,Road,744,99,1170.27,115856.73,Storm,West,Yes,83.9,BlueDart,,0,0,1
2622,5376.0,4.2,7.0,2024-03-24,2024-03-31,2024-04-03,Road,1018,37,1579.15,58428.55,Clear,Central,Yes,78.2,BlueDart,Traffic,0,1,0
2623,2764.0,3.9,10.0,2024-05-15,2024-05-25,2024-05-29,Road,533,3,4111.07,12333.21,Rainy,South,Yes,86.1,FedEx,Weather,0,0,1
2624,2410.0,3.2,9.0,2024-06-17,2024-06-26,2024-06-30,Sea,1372,62,3275.29,203067.98,Clear,North,No,70.5,BlueDart,Customs,0,0,1
2625,4801.0,4.5,3.0,2024-05-06,2024-05-09,2024-05-10,Sea,965,95,4246.67,403433.65,Rainy,North,Yes,72.7,EcomExpress,Traffic,0,0,1
2626,5749.0,4.7,6.0,2024-03-31,2024-04-06,2024-04-10,Road,1379,77,624.83,48111.91,Cloudy,West,Yes,95.7,FedEx,Customs,0,1,0
2627,5197.0,5.0,6.0,2024-09-24,2024-09-30,2024-10-05,Air,831,55,3305.35,181794.25,Storm,Central,Yes,73.4,Delhivery,Operational,0,0,1
2628,5269.0,2.9,8.0,2024-03-16,2024-03-24,2024-03-29,Road,1281,48,2851.33,136863.84,Rainy,East,No,99.8,FedEx,Operational,0,1,0
2629,3630.0,4.1,6.0,2024-08-13,2024-08-19,2024-08-18,Road,447,62,1709.62,105996.44,Storm,East,No,96.7,FedEx,Customs,1,0,1
2630,5917.0,2.8,7.0,2024-07-02,2024-07-09,2024-07-14,Road,14,75,3886.84,291513.0,Cloudy,West,Yes,75.3,Delhivery,Traffic,0,0,1
2631,3563.0,3.4,7.0,2024-05-09,2024-05-16,2024-05-15,Sea,216,70,397.74,27841.8,Cloudy,East,No,96.7,FedEx,Weather,1,0,1
2632,9863.0,4.5,3.0,2024-05-15,2024-05-18,2024-05-21,Road,509,68,2215.17,150631.56,Clear,West,No,78.7,FedEx,Traffic,0,0,1
2633,3541.0,3.4,10.0,2024-08-06,2024-08-16,2024-08-16,Sea,428,48,388.57,18651.36,Storm,West,Yes,98.7,DHL,Customs,1,0,1
2634,1765.0,4.2,4.0,2024-05-22,2024-05-26,2024-05-31,Road,1450,55,2413.81,132759.55,Cloudy,North,No,79.3,Delhivery,,0,0,1
2635,9922.0,3.1,6.0,2024-07-06,2024-07-12,2024-07-15,Air,1392,52,1864.18,96937.36,Storm,Central,Yes,85.6,Delhivery,Customs,0,1,0
2636,9810.0,4.3,7.0,2024-01-19,2024-01-26,2024-01-28,Sea,921,55,2053.55,112945.25,Storm,North,No,86.3,DHL,Traffic,0,0,1
2637,7098.0,4.6,4.0,2024-09-21,2024-09-25,2024-09-30,Air,1041,34,837.07,28460.38,Clear,West,No,85.5,DHL,Weather,0,1,0
2638,5510.0,4.8,2.0,2024-10-14,2024-10-16,2024-10-20,Air,1397,33,2301.15,75937.95,Storm,South,No,73.1,FedEx,,0,0,1
2639,5387.0,3.0,10.0,2024-10-13,2024-10-23,2024-10-28,Sea,596,18,2951.42,53125.56,Clear,Central,No,97.9,BlueDart,Weather,0,1,0
2640,2178.0,4.0,10.0,2024-08-06,2024-08-16,2024-08-17,Air,1326,31,4425.57,137192.67,Clear,South,Yes,99.8,BlueDart,Traffic,0,0,1
2641,4922.0,3.0,3.0,2024-04-30,2024-05-03,2024-05-06,Sea,1079,85,2960.36,251630.6,Storm,Central,Yes,77.1,BlueDart,Customs,0,0,1
2642,6872.0,4.0,10.0,2024-04-28,2024-05-08,2024-05-13,Air,488,39,4963.88,193591.32,Rainy,North,Yes,97.7,DHL,Customs,0,1,0
2643,6381.0,4.1,6.0,2024-03-22,2024-03-28,2024-04-01,Sea,36,80,4951.04,396083.2,Storm,South,Yes,81.2,FedEx,Weather,0,0,1
2644,4109.0,2.8,4.0,2024-03-12,2024-03-16,2024-03-18,Air,341,86,1664.87,143178.82,Clear,Central,Yes,99.2,FedEx,Customs,0,0,1
2645,3251.0,3.8,3.0,2024-06-02,2024-06-05,2024-06-06,Air,1116,35,940.58,32920.3,Rainy,South,No,83.1,DHL,Weather,0,1,0
2646,7090.0,4.7,5.0,2024-04-04,2024-04-09,2024-04-14,Air,238,77,2617.1,201516.7,Clear,South,Yes,74.0,DHL,,0,0,1
2647,9885.0,4.5,8.0,2024-01-22,2024-01-30,2024-02-04,Sea,907,68,1449.52,98567.36,Clear,East,Yes,85.5,FedEx,Traffic,0,0,1
2648,8256.0,3.7,4.0,2024-06-22,2024-06-26,2024-06-26,Air,519,95,2780.58,264155.1,Cloudy,Central,No,93.4,EcomExpress,Weather,1,1,1
2649,5178.0,4.9,7.0,2024-10-18,2024-10-25,2024-10-30,Road,647,88,3583.64,315360.32,Cloudy,Central,No,80.8,Delhivery,Operational,0,0,1
2650,6602.0,2.7,10.0,2024-11-03,2024-11-13,2024-11-17,Road,726,27,1145.68,30933.36,Storm,South,No,82.5,BlueDart,Operational,0,1,0
2651,1630.0,3.9,10.0,2024-02-29,2024-03-10,2024-03-15,Sea,1475,65,1139.34,74057.1,Clear,North,No,81.9,EcomExpress,Customs,0,0,1
2652,5993.0,3.1,4.0,2024-10-21,2024-10-25,2024-10-28,Road,1327,48,440.97,21166.56,Rainy,East,No,73.5,DHL,Operational,0,0,1
2653,1625.0,3.6,3.0,2024-10-12,2024-10-15,2024-10-17,Road,552,22,1432.71,31519.62,Storm,North,Yes,84.7,EcomExpress,Operational,0,1,0
2654,7137.0,3.9,2.0,2024-02-22,2024-02-24,2024-02-24,Air,1441,10,3054.87,30548.7,Clear,West,Yes,82.1,EcomExpress,Customs,1,0,1
2655,5365.0,3.7,8.0,2024-08-06,2024-08-14,2024-08-18,Sea,192,20,180.69,3613.8,Storm,Central,No,83.2,Delhivery,Operational,0,0,1
2656,1455.0,4.4,6.0,2024-05-04,2024-05-10,2024-05-12,Air,816,77,570.24,43908.48,Clear,East,No,99.6,FedEx,,0,1,0
2657,6350.0,3.1,3.0,2024-08-23,2024-08-26,2024-08-26,Sea,1140,98,221.77,21733.46,Rainy,South,No,79.0,FedEx,,1,0,1
2658,8323.0,2.8,6.0,2024-04-23,2024-04-29,2024-05-04,Air,170,49,1210.94,59336.06,Clear,North,Yes,85.2,EcomExpress,Weather,0,0,1
2659,7255.0,2.7,10.0,2024-08-28,2024-09-07,2024-09-10,Sea,215,54,4659.89,251634.06,Rainy,North,Yes,79.0,BlueDart,Customs,0,0,1
2660,1576.0,3.5,5.0,2024-08-06,2024-08-11,2024-08-12,Sea,676,46,290.44,13360.24,Rainy,North,Yes,96.3,EcomExpress,,0,0,1
2661,7274.0,4.6,6.0,2024-11-26,2024-12-02,2024-12-07,Sea,480,52,4331.11,225217.72,Cloudy,Central,Yes,95.2,FedEx,Operational,0,0,1
2662,3947.0,4.0,2.0,2024-09-10,2024-09-12,2024-09-17,Air,188,35,3554.59,124410.65,Cloudy,Central,No,90.8,EcomExpress,Weather,0,0,1
2663,4303.0,2.7,6.0,2024-02-17,2024-02-23,2024-02-26,Road,92,56,1880.65,105316.4,Cloudy,North,No,91.3,DHL,Customs,0,1,0
2664,1351.0,2.6,10.0,2024-11-01,2024-11-11,2024-11-11,Sea,1121,31,2548.56,79005.36,Cloudy,South,Yes,88.7,BlueDart,Customs,1,0,1
2665,6661.0,2.5,3.0,2024-06-27,2024-06-30,2024-06-29,Road,1004,68,1778.14,120913.52,Clear,East,Yes,72.3,FedEx,Customs,1,0,1
2666,2229.0,3.1,6.0,2024-03-18,2024-03-24,2024-03-23,Sea,1033,13,897.73,11670.49,Clear,West,No,96.4,BlueDart,Customs,1,0,1
2667,5763.0,4.5,2.0,2024-08-31,2024-09-02,2024-09-01,Air,948,34,2995.2,101836.8,Rainy,West,No,99.7,BlueDart,,1,1,1
2668,3838.0,4.8,4.0,2024-07-14,2024-07-18,2024-07-17,Sea,1325,44,1434.58,63121.52,Rainy,North,Yes,96.3,EcomExpress,,1,1,1
2669,3195.0,4.9,2.0,2024-09-16,2024-09-18,2024-09-22,Road,1164,33,1799.2,59373.6,Cloudy,Central,Yes,94.6,Delhivery,,0,0,1
2670,9847.0,4.5,10.0,2024-04-18,2024-04-28,2024-04-28,Air,556,84,4566.52,383587.68,Clear,South,No,73.8,Delhivery,Weather,1,0,1
2671,4124.0,3.3,4.0,2024-03-12,2024-03-16,2024-03-19,Road,887,15,4724.33,70864.95,Cloudy,South,Yes,74.5,EcomExpress,Traffic,0,0,1
2672,2966.0,4.9,7.0,2024-04-28,2024-05-05,2024-05-09,Air,158,81,2214.96,179411.76,Rainy,Central,No,79.1,BlueDart,,0,1,0
2673,9548.0,3.4,6.0,2024-04-09,2024-04-15,2024-04-20,Sea,466,13,4036.8,52478.4,Rainy,West,No,77.7,EcomExpress,Operational,0,0,1
2674,5417.0,3.7,7.0,2024-08-05,2024-08-12,2024-08-15,Sea,1366,66,268.7,17734.2,Rainy,West,Yes,98.4,EcomExpress,,0,0,1
2675,3828.0,3.7,6.0,2024-10-11,2024-10-17,2024-10-19,Air,1264,87,1258.41,109481.67,Rainy,North,No,93.8,Delhivery,Traffic,0,0,1
2676,1689.0,3.6,10.0,2024-01-03,2024-01-13,2024-01-15,Road,381,62,3588.16,222465.92,Cloudy,East,Yes,75.7,BlueDart,,0,0,1
2677,5529.0,4.1,5.0,2024-08-25,2024-08-30,2024-08-29,Air,41,10,3808.67,38086.7,Clear,East,Yes,80.5,Delhivery,,1,1,1
2678,8405.0,3.7,5.0,2024-04-03,2024-04-08,2024-04-11,Air,419,65,2659.09,172840.85,Storm,North,Yes,89.7,BlueDart,Traffic,0,0,1
2679,9959.0,4.8,5.0,2024-09-30,2024-10-05,2024-10-10,Road,141,69,1371.11,94606.59,Storm,West,No,74.1,EcomExpress,Operational,0,0,1
2680,8227.0,4.6,4.0,2024-10-01,2024-10-05,2024-10-09,Road,1009,1,3810.07,3810.07,Cloudy,East,No,77.0,DHL,,0,0,1
2681,9644.0,3.1,9.0,2024-10-21,2024-10-30,2024-11-03,Sea,905,71,2376.33,168719.43,Clear,South,Yes,91.5,Delhivery,Operational,0,0,1
2682,8164.0,4.2,9.0,2024-09-13,2024-09-22,2024-09-26,Sea,849,73,1966.31,143540.63,Cloudy,North,No,86.2,EcomExpress,Operational,0,0,1
2683,1110.0,4.6,8.0,2024-02-11,2024-02-19,2024-02-23,Road,1046,48,2410.57,115707.36,Clear,East,Yes,99.9,Delhivery,,0,1,0
2684,4826.0,4.0,2.0,2024-05-12,2024-05-14,2024-05-15,Sea,1227,17,572.37,9730.29,Rainy,South,Yes,77.9,DHL,Customs,0,1,0
2685,4180.0,3.2,9.0,2024-11-25,2024-12-04,2024-12-09,Road,450,90,3437.87,309408.3,Cloudy,Central,Yes,77.2,DHL,Operational,0,0,1
2686,7042.0,3.9,6.0,2024-08-08,2024-08-14,2024-08-15,Road,1431,15,4040.78,60611.7,Storm,Central,Yes,94.2,EcomExpress,Weather,0,0,1
2687,5063.0,4.2,10.0,2024-11-02,2024-11-12,2024-11-17,Road,982,30,2635.51,79065.3,Storm,South,Yes,97.5,Delhivery,Weather,0,1,0
2688,6193.0,3.8,4.0,2024-06-17,2024-06-21,2024-06-25,Sea,433,90,2871.7,258453.0,Cloudy,Central,Yes,90.8,EcomExpress,,0,0,1
2689,1415.0,3.2,4.0,2024-10-26,2024-10-30,2024-11-04,Sea,649,50,3638.47,181923.5,Clear,South,No,71.4,DHL,Operational,0,1,0
2690,8246.0,5.0,9.0,2024-11-03,2024-11-12,2024-11-17,Sea,1229,89,2294.74,204231.86,Storm,West,No,76.6,DHL,,0,1,0
2691,9335.0,3.7,5.0,2024-05-02,2024-05-07,2024-05-09,Sea,795,90,4855.48,436993.2,Clear,South,Yes,86.4,FedEx,Customs,0,0,1
2692,8346.0,3.4,2.0,2024-07-13,2024-07-15,2024-07-18,Sea,1244,64,397.62,25447.68,Storm,Central,Yes,80.4,DHL,Operational,0,1,0
2693,5137.0,2.8,10.0,2024-05-15,2024-05-25,2024-05-25,Road,147,56,4353.76,243810.56,Rainy,West,No,75.8,EcomExpress,Weather,1,0,1
2694,4053.0,2.8,8.0,2024-03-25,2024-04-02,2024-04-07,Air,347,49,4503.38,220665.62,Rainy,West,No,91.3,Delhivery,Customs,0,0,1
2695,3434.0,5.0,5.0,2024-03-06,2024-03-11,2024-03-14,Air,1110,39,1166.18,45481.02,Clear,South,Yes,71.2,FedEx,,0,0,1
2696,5461.0,4.6,2.0,2024-11-01,2024-11-03,2024-11-02,Air,1267,6,2649.24,15895.44,Cloudy,Central,Yes,83.6,Delhivery,Weather,1,0,1
2697,2181.0,3.1,4.0,2024-09-22,2024-09-26,2024-10-01,Sea,1248,96,3288.67,315712.32,Clear,West,Yes,80.1,EcomExpress,Weather,0,1,0
2698,9358.0,4.0,9.0,2024-03-19,2024-03-28,2024-04-01,Sea,442,9,4928.38,44355.42,Storm,Central,No,91.2,FedEx,Traffic,0,0,1
2699,1948.0,4.8,7.0,2024-04-10,2024-04-17,2024-04-19,Air,93,88,3613.71,318006.48,Rainy,Central,Yes,86.9,BlueDart,Customs,0,0,1
2700,6689.0,4.3,3.0,2024-08-22,2024-08-25,2024-08-30,Air,442,57,758.4,43228.8,Storm,Central,No,99.0,Delhivery,Traffic,0,0,1
2701,1932.0,3.5,10.0,2024-11-01,2024-11-11,2024-11-13,Sea,374,13,4905.4,63770.2,Clear,South,No,96.1,Delhivery,Weather,0,0,1
2702,6280.0,4.3,9.0,2024-05-06,2024-05-15,2024-05-14,Sea,128,61,4262.82,260032.02,Cloudy,South,No,79.6,EcomExpress,Operational,1,0,1
2703,1143.0,3.0,10.0,2024-05-25,2024-06-04,2024-06-05,Road,785,78,2744.31,214056.18,Clear,West,Yes,81.5,FedEx,Customs,0,1,0
2704,4955.0,4.8,7.0,2024-10-09,2024-10-16,2024-10-20,Sea,274,90,3961.5,356535.0,Cloudy,Central,Yes,80.2,Delhivery,Customs,0,0,1
2705,2422.0,4.6,2.0,2024-03-09,2024-03-11,2024-03-11,Air,1191,14,2377.14,33279.96,Rainy,North,Yes,93.5,DHL,Customs,1,1,1
2706,6610.0,4.2,4.0,2024-03-16,2024-03-20,2024-03-21,Air,659,24,2962.81,71107.44,Storm,West,No,91.3,EcomExpress,Customs,0,1,0
2707,2361.0,4.5,5.0,2024-01-24,2024-01-29,2024-01-31,Air,1014,98,3093.99,303211.02,Rainy,West,No,99.1,EcomExpress,,0,0,1
2708,4599.0,2.6,3.0,2024-04-09,2024-04-12,2024-04-15,Sea,399,100,2439.71,243971.0,Storm,Central,No,70.2,FedEx,,0,0,1
2709,9846.0,4.2,10.0,2024-10-31,2024-11-10,2024-11-09,Sea,458,88,1393.62,122638.56,Rainy,North,Yes,83.4,EcomExpress,Traffic,1,0,1
2710,1269.0,4.7,9.0,2024-05-08,2024-05-17,2024-05-19,Sea,239,32,2126.9,68060.8,Rainy,North,No,70.4,DHL,Weather,0,0,1
2711,5244.0,4.1,6.0,2024-06-21,2024-06-27,2024-07-02,Sea,624,75,3972.48,297936.0,Rainy,Central,No,78.6,BlueDart,Operational,0,0,1
2712,8647.0,3.7,7.0,2024-09-25,2024-10-02,2024-10-06,Sea,90,51,817.85,41710.35,Rainy,East,No,98.2,FedEx,Customs,0,0,1
2713,4140.0,3.3,10.0,2024-09-18,2024-09-28,2024-10-01,Air,942,92,1762.21,162123.32,Storm,Central,Yes,73.5,EcomExpress,Customs,0,0,1
2714,9203.0,4.0,3.0,2024-04-08,2024-04-11,2024-04-15,Air,1361,68,2552.01,173536.68,Rainy,Central,Yes,94.8,DHL,Operational,0,0,1
2715,5494.0,3.5,4.0,2024-02-12,2024-02-16,2024-02-17,Sea,868,92,1980.38,182194.96,Rainy,West,No,94.7,Delhivery,Weather,0,0,1
2716,2361.0,2.7,9.0,2024-08-07,2024-08-16,2024-08-15,Road,380,62,3029.07,187802.34,Cloudy,South,Yes,92.5,EcomExpress,Customs,1,0,1
2717,2319.0,4.9,9.0,2024-03-08,2024-03-17,2024-03-21,Road,918,76,4597.11,349380.36,Storm,Central,No,85.6,Delhivery,Customs,0,0,1
2718,2920.0,2.9,2.0,2024-02-27,2024-02-29,2024-02-28,Sea,727,44,3079.17,135483.48,Cloudy,South,Yes,88.1,EcomExpress,Customs,1,0,1
2719,9062.0,4.6,2.0,2024-10-12,2024-10-14,2024-10-18,Air,864,67,1337.95,89642.65,Clear,North,No,98.4,BlueDart,Operational,0,1,0
2720,2088.0,4.2,10.0,2024-08-07,2024-08-17,2024-08-21,Sea,106,86,4085.56,351358.16,Clear,Central,Yes,75.9,FedEx,Operational,0,0,1
2721,6014.0,3.6,8.0,2024-10-25,2024-11-02,2024-11-01,Sea,1058,40,2496.36,99854.4,Rainy,West,No,87.7,Delhivery,Operational,1,0,1
2722,5325.0,3.3,5.0,2024-10-13,2024-10-18,2024-10-21,Sea,384,15,4050.95,60764.25,Storm,North,No,76.1,EcomExpress,Operational,0,1,0
2723,8924.0,4.3,3.0,2024-07-16,2024-07-19,2024-07-23,Road,1339,65,1892.74,123028.1,Rainy,East,No,77.7,DHL,Weather,0,0,1
2724,1090.0,4.5,3.0,2024-11-11,2024-11-14,2024-11-17,Road,771,79,739.55,58424.45,Cloudy,South,Yes,70.6,EcomExpress,,0,0,1
2725,5986.0,4.3,8.0,2024-02-19,2024-02-27,2024-02-26,Air,1433,95,769.26,73079.7,Rainy,Central,Yes,85.5,EcomExpress,Customs,1,0,1
2726,6517.0,3.7,10.0,2024-05-14,2024-05-24,2024-05-29,Road,503,1,3715.62,3715.62,Rainy,Central,Yes,93.0,Delhivery,Operational,0,0,1
2727,7561.0,4.0,8.0,2024-07-01,2024-07-09,2024-07-14,Air,170,27,4917.67,132777.09,Cloudy,West,Yes,87.7,EcomExpress,Operational,0,0,1
2728,9699.0,3.6,2.0,2024-03-01,2024-03-03,2024-03-08,Air,991,55,3500.07,192503.85,Rainy,Central,Yes,76.2,DHL,,0,0,1
2729,3552.0,4.8,6.0,2024-05-31,2024-06-06,2024-06-11,Road,1114,69,4694.42,323914.98,Rainy,West,No,76.7,DHL,,0,0,1
2730,5847.0,3.8,6.0,2024-11-04,2024-11-10,2024-11-13,Sea,1273,50,3558.98,177949.0,Rainy,West,No,84.6,DHL,,0,0,1
2731,6012.0,3.7,7.0,2024-01-03,2024-01-10,2024-01-13,Air,396,1,1447.83,1447.83,Cloudy,South,No,71.7,BlueDart,Operational,0,0,1
2732,2622.0,4.4,3.0,2024-08-19,2024-08-22,2024-08-22,Sea,156,16,1630.48,26087.68,Rainy,East,Yes,80.1,DHL,Weather,1,0,1
2733,1805.0,2.8,10.0,2024-03-18,2024-03-28,2024-03-27,Sea,1096,98,3602.97,353091.06,Rainy,Central,No,91.5,BlueDart,Customs,1,0,1
2734,1417.0,4.4,6.0,2024-11-01,2024-11-07,2024-11-08,Air,135,40,2547.71,101908.4,Storm,West,Yes,90.8,BlueDart,Traffic,0,0,1
2735,6738.0,4.8,5.0,2024-03-06,2024-03-11,2024-03-12,Air,57,97,2410.9,233857.3,Cloudy,Central,Yes,89.1,DHL,Customs,0,0,1
2736,8128.0,4.7,3.0,2024-03-26,2024-03-29,2024-04-03,Sea,711,66,708.78,46779.48,Storm,North,Yes,89.8,DHL,Operational,0,0,1
2737,2194.0,4.2,10.0,2024-05-20,2024-05-30,2024-05-30,Road,202,41,1147.1,47031.1,Cloudy,West,Yes,98.6,Delhivery,Traffic,1,0,1
2738,9106.0,4.0,9.0,2024-08-27,2024-09-05,2024-09-07,Air,1261,55,4536.22,249492.1,Rainy,East,Yes,70.0,DHL,Traffic,0,0,1
2739,5337.0,4.1,10.0,2024-08-26,2024-09-05,2024-09-06,Road,635,42,4293.38,180321.96,Clear,Central,Yes,77.2,DHL,Weather,0,0,1
2740,3817.0,4.1,5.0,2024-04-30,2024-05-05,2024-05-07,Sea,25,79,3272.89,258558.31,Storm,West,Yes,93.9,BlueDart,Traffic,0,0,1
2741,2859.0,4.0,8.0,2024-04-24,2024-05-02,2024-05-03,Sea,792,26,4123.69,107215.94,Cloudy,South,Yes,96.4,DHL,Weather,0,0,1
2742,7037.0,2.6,2.0,2024-03-30,2024-04-01,2024-04-04,Air,315,6,1747.04,10482.24,Clear,North,No,77.4,BlueDart,,0,1,0
2743,8793.0,3.6,9.0,2024-02-03,2024-02-12,2024-02-16,Air,838,53,2944.16,156040.48,Storm,South,Yes,93.8,BlueDart,Customs,0,1,0
2744,2860.0,4.8,10.0,2024-08-17,2024-08-27,2024-08-31,Air,518,38,4377.79,166356.02,Storm,North,No,96.6,BlueDart,Operational,0,1,0
2745,8663.0,4.3,4.0,2024-03-26,2024-03-30,2024-03-31,Road,848,43,1165.77,50128.11,Rainy,South,No,72.4,DHL,Customs,0,0,1
2746,1325.0,4.3,7.0,2024-01-01,2024-01-08,2024-01-10,Sea,1155,84,1276.79,107250.36,Storm,West,Yes,99.8,BlueDart,Weather,0,0,1
2747,7212.0,3.8,8.0,2024-08-24,2024-09-01,2024-09-06,Road,678,51,1240.69,63275.19,Cloudy,South,Yes,71.6,BlueDart,Operational,0,1,0
2748,7553.0,4.4,2.0,2024-07-03,2024-07-05,2024-07-09,Road,1483,28,4768.42,133515.76,Clear,North,No,87.8,Delhivery,Customs,0,0,1
2749,9707.0,3.0,8.0,2024-08-31,2024-09-08,2024-09-09,Air,1166,32,3044.82,97434.24,Rainy,Central,Yes,80.8,BlueDart,,0,1,0
2750,7492.0,3.8,2.0,2024-06-29,2024-07-01,2024-07-02,Sea,1428,87,526.02,45763.74,Rainy,East,Yes,96.6,DHL,Traffic,0,1,0
2751,4081.0,4.8,6.0,2024-09-29,2024-10-05,2024-10-04,Road,323,60,3756.97,225418.2,Clear,East,No,79.7,BlueDart,Customs,1,1,1
2752,6846.0,3.6,3.0,2024-02-05,2024-02-08,2024-02-13,Air,1291,14,3602.82,50439.48,Storm,North,Yes,75.7,Delhivery,Operational,0,0,1
2753,4132.0,3.9,8.0,2024-05-14,2024-05-22,2024-05-23,Road,420,28,2021.98,56615.44,Rainy,Central,No,78.9,BlueDart,,0,0,1
2754,7866.0,4.7,9.0,2024-10-05,2024-10-14,2024-10-13,Road,621,61,1342.59,81897.99,Cloudy,Central,Yes,87.8,FedEx,Traffic,1,1,1
2755,6263.0,3.1,5.0,2024-09-06,2024-09-11,2024-09-16,Road,1164,52,4545.98,236390.96,Rainy,East,Yes,78.0,FedEx,,0,0,1
2756,2818.0,4.1,7.0,2024-03-30,2024-04-06,2024-04-08,Sea,1432,44,4277.66,188217.04,Clear,North,Yes,91.8,BlueDart,Weather,0,1,0
2757,6129.0,4.4,9.0,2024-06-11,2024-06-20,2024-06-24,Sea,1473,95,2858.21,271529.95,Clear,East,Yes,76.5,BlueDart,Customs,0,0,1
2758,9009.0,4.4,4.0,2024-10-17,2024-10-21,2024-10-21,Road,578,49,2410.06,118092.94,Storm,North,Yes,91.1,EcomExpress,Weather,1,0,1
2759,5169.0,2.6,2.0,2024-06-23,2024-06-25,2024-06-30,Sea,1071,1,3169.61,3169.61,Cloudy,South,Yes,76.1,EcomExpress,Weather,0,1,0
2760,9105.0,2.6,4.0,2024-02-04,2024-02-08,2024-02-13,Air,1086,43,3727.42,160279.06,Cloudy,South,Yes,80.9,Delhivery,Weather,0,1,0
2761,2321.0,3.7,4.0,2024-09-23,2024-09-27,2024-10-02,Sea,1496,2,4227.72,8455.44,Cloudy,North,No,84.8,FedEx,Traffic,0,0,1
2762,7014.0,2.9,3.0,2024-08-22,2024-08-25,2024-08-30,Road,1180,5,1025.51,5127.55,Cloudy,Central,No,80.9,DHL,Customs,0,0,1
2763,5293.0,3.8,9.0,2024-08-13,2024-08-22,2024-08-26,Air,996,91,2471.85,224938.35,Storm,South,Yes,77.7,EcomExpress,Weather,0,0,1
2764,1603.0,3.1,2.0,2024-03-09,2024-03-11,2024-03-12,Road,635,20,2161.78,43235.6,Cloudy,North,No,99.0,FedEx,Operational,0,1,0
2765,7235.0,3.8,9.0,2024-02-22,2024-03-02,2024-03-02,Sea,682,80,1584.31,126744.8,Rainy,South,No,81.1,DHL,,1,0,1
2766,4455.0,4.8,2.0,2024-05-14,2024-05-16,2024-05-16,Air,917,53,3022.43,160188.79,Rainy,Central,Yes,82.5,EcomExpress,,1,0,1
2767,9327.0,4.9,3.0,2024-08-15,2024-08-18,2024-08-22,Air,742,25,2818.74,70468.5,Cloudy,East,Yes,91.8,FedEx,,0,0,1
2768,6075.0,2.7,6.0,2024-03-01,2024-03-07,2024-03-08,Road,173,98,332.13,32548.74,Rainy,North,Yes,70.4,BlueDart,Operational,0,0,1
2769,6014.0,4.6,9.0,2024-10-05,2024-10-14,2024-10-17,Air,186,46,150.84,6938.64,Storm,South,Yes,74.7,Delhivery,Traffic,0,1,0
2770,9292.0,3.3,10.0,2024-08-18,2024-08-28,2024-08-30,Road,235,63,3816.27,240425.01,Rainy,North,No,81.7,FedEx,Weather,0,1,0
2771,1192.0,3.6,4.0,2024-03-12,2024-03-16,2024-03-19,Sea,208,94,4798.62,451070.28,Clear,South,No,88.0,DHL,Customs,0,0,1
2772,8659.0,3.0,10.0,2024-10-03,2024-10-13,2024-10-16,Sea,1421,79,877.19,69298.01,Cloudy,Central,Yes,93.1,DHL,Weather,0,0,1
2773,8299.0,4.3,10.0,2024-08-03,2024-08-13,2024-08-18,Air,1223,33,3334.35,110033.55,Cloudy,South,Yes,77.4,BlueDart,,0,1,0
2774,9750.0,3.4,10.0,2024-11-13,2024-11-23,2024-11-23,Road,1308,54,757.44,40901.76,Rainy,East,Yes,89.7,EcomExpress,Traffic,1,0,1
2775,9663.0,4.4,6.0,2024-02-21,2024-02-27,2024-02-26,Road,1364,31,203.28,6301.68,Rainy,West,No,94.0,BlueDart,Traffic,1,0,1
2776,4400.0,2.8,9.0,2024-10-10,2024-10-19,2024-10-18,Air,1395,18,3357.43,60433.74,Rainy,West,No,97.0,FedEx,,1,0,1
2777,5032.0,4.3,4.0,2024-09-22,2024-09-26,2024-09-27,Air,178,21,3115.92,65434.32,Storm,East,Yes,97.7,EcomExpress,Operational,0,1,0
2778,6753.0,3.9,5.0,2024-04-26,2024-05-01,2024-05-01,Sea,593,83,3642.44,302322.52,Storm,East,Yes,71.7,Delhivery,Operational,1,0,1
2779,7484.0,3.1,3.0,2024-05-29,2024-06-01,2024-06-05,Sea,1245,61,2943.62,179560.82,Cloudy,Central,Yes,96.6,DHL,Customs,0,0,1
2780,4794.0,3.1,3.0,2024-02-21,2024-02-24,2024-02-28,Road,416,47,519.8,24430.6,Cloudy,North,Yes,84.9,Delhivery,Weather,0,0,1
2781,3003.0,3.5,4.0,2024-02-29,2024-03-04,2024-03-03,Road,1373,96,2187.23,209974.08,Storm,North,Yes,73.8,DHL,Weather,1,0,1
2782,1203.0,3.8,6.0,2024-04-08,2024-04-14,2024-04-18,Sea,246,64,1033.08,66117.12,Clear,Central,No,92.0,FedEx,Operational,0,0,1
2783,7402.0,4.5,9.0,2024-08-19,2024-08-28,2024-08-28,Sea,1217,45,4070.96,183193.2,Cloudy,North,No,74.2,EcomExpress,Weather,1,0,1
2784,8392.0,3.6,9.0,2024-05-05,2024-05-14,2024-05-13,Sea,1133,56,1439.55,80614.8,Clear,South,No,92.9,BlueDart,,1,1,1
2785,6553.0,3.2,2.0,2024-08-29,2024-08-31,2024-09-04,Road,1260,71,2943.41,208982.11,Rainy,South,No,99.7,Delhivery,Operational,0,0,1
2786,3719.0,4.9,3.0,2024-06-29,2024-07-02,2024-07-02,Road,501,64,392.97,25150.08,Cloudy,South,Yes,78.1,EcomExpress,Operational,1,1,1
2787,1993.0,4.1,5.0,2024-02-25,2024-03-01,2024-03-04,Sea,1377,25,351.88,8797.0,Clear,South,Yes,93.0,EcomExpress,,0,1,0
2788,6744.0,4.9,7.0,2024-02-17,2024-02-24,2024-02-24,Air,626,24,1958.35,47000.4,Rainy,East,Yes,70.6,EcomExpress,Weather,1,1,1
2789,8815.0,3.5,4.0,2024-06-23,2024-06-27,2024-07-02,Road,271,17,1355.46,23042.82,Cloudy,South,No,81.4,EcomExpress,Weather,0,1,0
2790,1604.0,3.3,3.0,2024-07-09,2024-07-12,2024-07-13,Sea,1463,75,1721.15,129086.25,Rainy,South,Yes,77.9,FedEx,Traffic,0,0,1
2791,8812.0,2.9,4.0,2024-07-18,2024-07-22,2024-07-27,Air,59,88,1486.44,130806.72,Cloudy,North,Yes,82.5,EcomExpress,Operational,0,0,1
2792,6720.0,3.6,7.0,2024-10-13,2024-10-20,2024-10-20,Road,655,16,1461.76,23388.16,Cloudy,North,No,73.7,EcomExpress,Weather,1,1,1
2793,6049.0,3.2,7.0,2024-05-27,2024-06-03,2024-06-08,Sea,555,69,4704.56,324614.64,Clear,Central,No,91.5,BlueDart,,0,0,1
2794,9581.0,4.7,2.0,2024-11-20,2024-11-22,2024-11-27,Sea,575,98,2775.31,271980.38,Clear,South,No,84.7,BlueDart,,0,0,1
2795,9220.0,4.3,7.0,2024-02-06,2024-02-13,2024-02-17,Air,1236,90,337.82,30403.8,Storm,Central,Yes,94.6,BlueDart,Weather,0,0,1
2796,9626.0,3.8,4.0,2024-02-09,2024-02-13,2024-02-17,Sea,807,64,2470.13,158088.32,Storm,East,No,90.7,EcomExpress,,0,0,1
2797,3691.0,4.2,4.0,2024-01-12,2024-01-16,2024-01-16,Sea,549,38,234.56,8913.28,Clear,Central,No,75.5,FedEx,Operational,1,0,1
2798,1098.0,4.2,8.0,2024-01-03,2024-01-11,2024-01-11,Road,993,39,1225.84,47807.76,Storm,West,Yes,79.0,DHL,Traffic,1,0,1
2799,9635.0,2.6,5.0,2024-07-25,2024-07-30,2024-07-30,Road,98,20,3970.64,79412.8,Rainy,South,Yes,73.8,EcomExpress,Weather,1,0,1
2800,6689.0,2.9,5.0,2024-05-09,2024-05-14,2024-05-17,Sea,287,75,1832.44,137433.0,Storm,South,Yes,91.9,EcomExpress,Customs,0,0,1
2801,9486.0,4.4,5.0,2024-02-01,2024-02-06,2024-02-07,Road,238,77,723.35,55697.95,Rainy,West,No,92.0,DHL,,0,0,1
2802,9353.0,3.0,5.0,2024-07-20,2024-07-25,2024-07-24,Air,723,23,3690.2,84874.6,Rainy,South,Yes,84.6,DHL,Operational,1,1,1
2803,5547.0,4.6,9.0,2024-09-11,2024-09-20,2024-09-22,Sea,1057,41,858.49,35198.09,Rainy,North,Yes,86.6,Delhivery,Customs,0,0,1
2804,1977.0,4.7,6.0,2024-03-09,2024-03-15,2024-03-18,Sea,686,79,4794.9,378797.1,Storm,North,Yes,83.0,DHL,Customs,0,1,0
2805,2909.0,3.3,10.0,2024-11-09,2024-11-19,2024-11-20,Sea,1356,52,1978.49,102881.48,Storm,East,No,96.0,BlueDart,Weather,0,1,0
2806,7273.0,3.5,10.0,2024-04-10,2024-04-20,2024-04-20,Road,955,16,4475.63,71610.08,Cloudy,North,No,81.7,FedEx,Weather,1,0,1
2807,9064.0,3.8,7.0,2024-05-12,2024-05-19,2024-05-20,Sea,99,10,1491.63,14916.3,Rainy,West,Yes,70.0,FedEx,Customs,0,1,0
2808,2964.0,2.7,8.0,2024-07-16,2024-07-24,2024-07-25,Road,1155,55,2285.26,125689.3,Clear,South,Yes,82.6,DHL,Weather,0,0,1
2809,2815.0,2.7,2.0,2024-08-02,2024-08-04,2024-08-07,Sea,869,87,2680.08,233166.96,Storm,East,No,97.7,FedEx,Weather,0,0,1
2810,5286.0,3.6,3.0,2024-08-01,2024-08-04,2024-08-07,Air,895,29,1816.31,52672.99,Storm,North,Yes,91.5,Delhivery,,0,0,1
2811,7275.0,4.3,8.0,2024-10-03,2024-10-11,2024-10-12,Road,113,3,3969.98,11909.94,Cloudy,South,No,74.4,EcomExpress,Traffic,0,0,1
2812,8938.0,3.4,4.0,2024-11-13,2024-11-17,2024-11-22,Air,679,43,1962.83,84401.69,Storm,South,No,87.8,FedEx,Weather,0,0,1
2813,1141.0,3.1,10.0,2024-08-29,2024-09-08,2024-09-07,Road,984,31,2467.95,76506.45,Storm,West,No,98.5,EcomExpress,Customs,1,0,1
2814,7743.0,4.6,4.0,2024-07-12,2024-07-16,2024-07-17,Air,881,82,3770.3,309164.6,Rainy,West,Yes,95.1,EcomExpress,Weather,0,0,1
2815,1677.0,3.3,7.0,2024-03-03,2024-03-10,2024-03-10,Road,276,6,2163.24,12979.44,Cloudy,East,No,92.3,BlueDart,Customs,1,1,1
2816,3074.0,2.6,9.0,2024-03-30,2024-04-08,2024-04-09,Road,367,40,1929.1,77164.0,Clear,South,No,79.9,DHL,Operational,0,1,0
2817,6657.0,3.8,2.0,2024-04-05,2024-04-07,2024-04-12,Air,589,42,665.1,27934.2,Clear,Central,No,97.6,FedEx,Operational,0,0,1
2818,7588.0,4.2,5.0,2024-05-18,2024-05-23,2024-05-22,Sea,274,16,3223.73,51579.68,Rainy,Central,Yes,89.2,EcomExpress,Traffic,1,1,1
2819,9348.0,4.2,8.0,2024-11-05,2024-11-13,2024-11-18,Road,1081,99,3028.71,299842.29,Clear,Central,Yes,97.7,FedEx,Operational,0,0,1
2820,1964.0,3.8,7.0,2024-03-07,2024-03-14,2024-03-18,Road,114,20,1016.48,20329.6,Rainy,East,No,72.0,BlueDart,Customs,0,0,1
2821,8810.0,4.1,6.0,2024-04-24,2024-04-30,2024-05-05,Air,762,93,3555.23,330636.39,Rainy,North,Yes,71.3,FedEx,Customs,0,0,1
2822,7379.0,2.7,5.0,2024-04-10,2024-04-15,2024-04-17,Sea,795,97,260.86,25303.42,Cloudy,Central,Yes,71.7,FedEx,Operational,0,0,1
2823,1692.0,3.4,3.0,2024-02-07,2024-02-10,2024-02-10,Sea,609,18,2011.09,36199.62,Clear,East,Yes,96.7,BlueDart,,1,0,1
2824,3338.0,3.3,2.0,2024-05-10,2024-05-12,2024-05-15,Air,1162,12,1990.81,23889.72,Cloudy,East,No,98.1,BlueDart,Operational,0,0,1
2825,1896.0,3.2,2.0,2024-07-16,2024-07-18,2024-07-18,Sea,1043,98,2553.18,250211.64,Storm,Central,No,81.8,EcomExpress,Operational,1,0,1
2826,7877.0,3.4,5.0,2024-09-08,2024-09-13,2024-09-12,Road,1162,72,4657.99,335375.28,Rainy,West,No,92.8,Delhivery,Operational,1,1,1
2827,2512.0,2.8,2.0,2024-01-24,2024-01-26,2024-01-26,Air,584,48,4349.44,208773.12,Rainy,South,Yes,83.4,Delhivery,,1,0,1
2828,2400.0,3.7,2.0,2024-09-13,2024-09-15,2024-09-18,Sea,1215,36,2169.99,78119.64,Storm,West,Yes,81.7,DHL,,0,0,1
2829,3359.0,4.5,9.0,2024-10-24,2024-11-02,2024-11-05,Sea,1224,8,3652.87,29222.96,Cloudy,East,Yes,74.3,DHL,Customs,0,0,1
2830,9345.0,4.4,7.0,2024-04-29,2024-05-06,2024-05-11,Air,318,17,1784.04,30328.68,Storm,East,No,76.2,BlueDart,Traffic,0,0,1
2831,2677.0,3.1,6.0,2024-10-04,2024-10-10,2024-10-14,Sea,1452,42,4117.49,172934.58,Clear,East,Yes,85.8,EcomExpress,Traffic,0,0,1
2832,2899.0,4.9,8.0,2024-09-23,2024-10-01,2024-10-06,Air,956,37,4792.53,177323.61,Storm,East,Yes,80.1,BlueDart,Customs,0,0,1
2833,1886.0,3.0,9.0,2024-10-06,2024-10-15,2024-10-20,Road,322,12,2872.4,34468.8,Cloudy,North,No,71.2,EcomExpress,Operational,0,1,0
2834,9028.0,4.2,4.0,2024-07-09,2024-07-13,2024-07-15,Air,405,73,2268.52,165601.96,Cloudy,East,Yes,98.2,BlueDart,Customs,0,0,1
2835,3792.0,3.6,4.0,2024-03-21,2024-03-25,2024-03-30,Air,689,87,2758.22,239965.14,Rainy,Central,Yes,71.4,Delhivery,Operational,0,0,1
2836,6385.0,4.3,4.0,2024-05-29,2024-06-02,2024-06-04,Air,753,28,4081.23,114274.44,Cloudy,West,Yes,87.3,DHL,Traffic,0,0,1
2837,2914.0,2.8,3.0,2024-07-25,2024-07-28,2024-07-28,Road,1128,35,846.5,29627.5,Storm,East,No,84.6,Delhivery,Weather,1,0,1
2838,4146.0,3.8,6.0,2024-05-14,2024-05-20,2024-05-20,Sea,309,65,2100.85,136555.25,Rainy,South,No,96.4,BlueDart,Traffic,1,0,1
2839,3315.0,3.8,2.0,2024-08-09,2024-08-11,2024-08-10,Air,254,67,470.28,31508.76,Storm,South,Yes,72.5,EcomExpress,,1,0,1
2840,5160.0,2.9,5.0,2024-04-20,2024-04-25,2024-04-30,Sea,245,23,970.98,22332.54,Cloudy,East,Yes,91.3,EcomExpress,Operational,0,1,0
2841,9890.0,3.7,9.0,2024-07-17,2024-07-26,2024-07-26,Air,309,41,141.03,5782.23,Storm,East,No,73.3,BlueDart,Customs,1,0,1
2842,1559.0,3.3,9.0,2024-11-23,2024-12-02,2024-12-02,Air,255,33,1430.85,47218.05,Storm,South,No,86.5,EcomExpress,Customs,1,1,1
2843,2128.0,3.4,5.0,2024-08-22,2024-08-27,2024-09-01,Sea,786,75,496.75,37256.25,Cloudy,South,Yes,79.2,BlueDart,Customs,0,0,1
2844,5344.0,4.4,3.0,2024-02-28,2024-03-02,2024-03-04,Sea,1402,83,3598.66,298688.78,Clear,East,Yes,86.9,FedEx,,0,0,1
2845,7397.0,4.5,8.0,2024-08-13,2024-08-21,2024-08-23,Road,219,38,141.85,5390.3,Storm,West,No,83.7,DHL,,0,0,1
2846,4913.0,4.0,6.0,2024-01-05,2024-01-11,2024-01-11,Sea,214,35,4799.56,167984.6,Storm,Central,Yes,89.0,Delhivery,Traffic,1,0,1
2847,1988.0,3.6,9.0,2024-10-04,2024-10-13,2024-10-12,Sea,1016,75,676.0,50700.0,Storm,South,No,89.1,DHL,Weather,1,0,1
2848,1633.0,4.1,2.0,2024-08-25,2024-08-27,2024-09-01,Road,966,42,3253.97,136666.74,Clear,East,Yes,85.5,Delhivery,Traffic,0,1,0
2849,7760.0,2.8,9.0,2024-03-19,2024-03-28,2024-03-28,Sea,975,79,2200.6,173847.4,Rainy,North,No,80.1,DHL,Traffic,1,0,1
2850,4736.0,3.9,4.0,2024-05-31,2024-06-04,2024-06-09,Road,840,4,4051.96,16207.84,Cloudy,South,No,79.9,EcomExpress,,0,0,1
2851,9508.0,3.0,9.0,2024-09-12,2024-09-21,2024-09-25,Road,1401,87,3762.91,327373.17,Rainy,Central,Yes,91.6,FedEx,Operational,0,0,1
2852,4826.0,4.4,7.0,2024-07-27,2024-08-03,2024-08-08,Road,421,26,3748.97,97473.22,Storm,South,No,85.8,FedEx,Operational,0,1,0
2853,6810.0,3.4,8.0,2024-05-30,2024-06-07,2024-06-07,Air,1091,12,794.39,9532.68,Storm,Central,Yes,88.3,FedEx,Customs,1,0,1
2854,1023.0,3.3,9.0,2024-04-11,2024-04-20,2024-04-25,Road,53,21,1869.39,39257.19,Storm,South,Yes,70.5,DHL,Weather,0,0,1
2855,2244.0,4.0,8.0,2024-07-23,2024-07-31,2024-07-31,Sea,921,43,1961.48,84343.64,Clear,North,No,77.2,FedEx,Operational,1,0,1
2856,9783.0,4.0,3.0,2024-07-04,2024-07-07,2024-07-08,Sea,111,91,129.91,11821.81,Rainy,North,No,88.4,EcomExpress,Customs,0,0,1
2857,7719.0,3.5,7.0,2024-05-11,2024-05-18,2024-05-23,Road,102,77,1806.54,139103.58,Cloudy,East,Yes,74.9,EcomExpress,Traffic,0,1,0
2858,5747.0,5.0,5.0,2024-10-25,2024-10-30,2024-11-03,Road,90,86,4676.69,402195.34,Clear,Central,Yes,94.0,FedEx,Weather,0,0,1
2859,3409.0,3.1,10.0,2024-07-17,2024-07-27,2024-07-26,Sea,347,57,117.89,6719.73,Cloudy,West,Yes,73.0,Delhivery,,1,0,1
2860,3256.0,5.0,10.0,2024-04-05,2024-04-15,2024-04-18,Road,648,31,4144.9,128491.9,Rainy,West,Yes,96.9,BlueDart,Customs,0,0,1
2861,3444.0,4.1,3.0,2024-09-03,2024-09-06,2024-09-11,Air,120,24,2742.63,65823.12,Rainy,South,No,95.6,DHL,Traffic,0,0,1
2862,6010.0,3.3,3.0,2024-01-24,2024-01-27,2024-01-27,Road,1320,28,4368.44,122316.32,Cloudy,North,Yes,84.4,DHL,Customs,1,0,1
2863,8421.0,3.9,8.0,2024-09-30,2024-10-08,2024-10-10,Road,993,29,986.91,28620.39,Storm,West,No,100.0,DHL,Operational,0,0,1
2864,6701.0,3.3,8.0,2024-07-31,2024-08-08,2024-08-08,Sea,337,92,729.72,67134.24,Clear,East,Yes,95.2,BlueDart,Traffic,1,0,1
2865,2048.0,4.0,9.0,2024-08-03,2024-08-12,2024-08-12,Road,68,68,2305.03,156742.04,Cloudy,South,No,72.3,Delhivery,,1,1,1
2866,3936.0,3.8,9.0,2024-05-11,2024-05-20,2024-05-20,Sea,889,23,4247.27,97687.21,Storm,Central,Yes,77.1,EcomExpress,,1,1,1
2867,5608.0,4.0,10.0,2024-01-13,2024-01-23,2024-01-27,Air,130,92,2726.83,250868.36,Rainy,South,Yes,73.0,EcomExpress,Operational,0,1,0
2868,8996.0,3.3,8.0,2024-05-26,2024-06-03,2024-06-03,Air,991,47,1060.23,49830.81,Rainy,West,Yes,95.8,FedEx,Traffic,1,1,1
2869,9525.0,4.8,7.0,2024-11-06,2024-11-13,2024-11-15,Air,1108,86,294.16,25297.76,Storm,North,Yes,94.2,Delhivery,Customs,0,0,1
2870,3098.0,3.6,4.0,2024-04-08,2024-04-12,2024-04-15,Air,613,20,3814.69,76293.8,Storm,East,No,84.1,DHL,Customs,0,0,1
2871,7451.0,4.6,7.0,2024-01-30,2024-02-06,2024-02-08,Sea,881,82,2523.28,206908.96,Cloudy,South,Yes,100.0,Delhivery,Customs,0,0,1
2872,9233.0,3.2,6.0,2024-07-30,2024-08-05,2024-08-10,Sea,990,94,666.49,62650.06,Cloudy,South,Yes,79.5,BlueDart,Weather,0,0,1
2873,7996.0,2.9,3.0,2024-05-20,2024-05-23,2024-05-28,Sea,820,60,2972.24,178334.4,Rainy,East,Yes,86.0,FedEx,Traffic,0,0,1
2874,3929.0,3.9,9.0,2024-10-21,2024-10-30,2024-11-01,Air,1240,43,2684.9,115450.7,Cloudy,South,Yes,86.4,BlueDart,Customs,0,0,1
2875,9517.0,3.9,4.0,2024-08-09,2024-08-13,2024-08-13,Sea,243,19,2797.56,53153.64,Storm,South,Yes,89.6,DHL,Traffic,1,0,1
2876,4520.0,4.7,8.0,2024-04-10,2024-04-18,2024-04-20,Road,450,32,4023.27,128744.64,Cloudy,West,Yes,72.7,Delhivery,Weather,0,0,1
2877,7630.0,3.6,7.0,2024-08-27,2024-09-03,2024-09-08,Air,1077,52,2215.61,115211.72,Clear,North,No,86.1,Delhivery,Operational,0,0,1
2878,6380.0,4.7,2.0,2024-08-21,2024-08-23,2024-08-28,Sea,712,45,1539.23,69265.35,Clear,West,Yes,98.8,Delhivery,Weather,0,0,1
2879,5594.0,5.0,8.0,2024-10-13,2024-10-21,2024-10-20,Air,1019,59,2052.32,121086.88,Storm,East,Yes,98.7,DHL,Customs,1,1,1
2880,8872.0,3.3,5.0,2024-01-04,2024-01-09,2024-01-14,Sea,1192,91,1549.73,141025.43,Rainy,North,Yes,88.3,Delhivery,Weather,0,0,1
2881,3451.0,4.3,6.0,2024-11-14,2024-11-20,2024-11-19,Road,1036,78,1775.59,138496.02,Rainy,East,Yes,70.7,DHL,Operational,1,0,1
2882,2046.0,4.0,7.0,2024-08-11,2024-08-18,2024-08-21,Sea,1095,23,2641.37,60751.51,Storm,West,No,84.2,BlueDart,Weather,0,1,0
2883,9023.0,2.5,7.0,2024-10-20,2024-10-27,2024-10-28,Sea,306,52,4619.49,240213.48,Cloudy,South,Yes,89.3,Delhivery,Operational,0,1,0
2884,4230.0,3.4,2.0,2024-03-05,2024-03-07,2024-03-11,Sea,1260,96,4847.12,465323.52,Rainy,North,Yes,76.1,BlueDart,Traffic,0,0,1
2885,6931.0,3.4,5.0,2024-03-29,2024-04-03,2024-04-06,Sea,406,59,532.04,31390.36,Cloudy,North,Yes,93.7,Delhivery,,0,0,1
2886,9235.0,2.6,7.0,2024-08-08,2024-08-15,2024-08-20,Road,1375,29,2981.9,86475.1,Rainy,West,No,96.8,DHL,Customs,0,0,1
2887,8382.0,2.7,8.0,2024-04-06,2024-04-14,2024-04-17,Road,511,3,2953.75,8861.25,Rainy,North,Yes,86.1,Delhivery,Operational,0,1,0
2888,5221.0,3.4,8.0,2024-02-09,2024-02-17,2024-02-16,Air,313,31,4933.77,152946.87,Cloudy,North,No,95.7,DHL,Customs,1,0,1
2889,1481.0,3.9,4.0,2024-02-01,2024-02-05,2024-02-10,Air,209,57,265.77,15148.89,Rainy,South,No,74.9,Delhivery,Weather,0,0,1
2890,3656.0,4.1,2.0,2024-09-23,2024-09-25,2024-09-29,Air,378,44,1257.6,55334.4,Storm,West,No,91.1,FedEx,Operational,0,0,1
2891,8104.0,3.6,4.0,2024-07-20,2024-07-24,2024-07-28,Road,1078,51,3757.13,191613.63,Storm,North,Yes,73.0,BlueDart,Weather,0,1,0
2892,1143.0,3.4,9.0,2024-09-17,2024-09-26,2024-10-01,Sea,727,93,4614.25,429125.25,Cloudy,North,Yes,93.6,FedEx,Customs,0,0,1
2893,7250.0,4.5,8.0,2024-04-10,2024-04-18,2024-04-22,Road,1161,49,2903.32,142262.68,Rainy,North,No,74.3,DHL,Operational,0,0,1
2894,8738.0,2.8,6.0,2024-06-22,2024-06-28,2024-06-27,Road,268,40,3556.15,142246.0,Storm,North,Yes,77.4,Delhivery,,1,1,1
2895,5465.0,4.2,7.0,2024-11-11,2024-11-18,2024-11-18,Sea,421,12,312.55,3750.6,Rainy,West,Yes,79.8,DHL,Weather,1,0,1
2896,8026.0,4.8,9.0,2024-02-21,2024-03-01,2024-03-01,Sea,1409,88,255.53,22486.64,Storm,North,No,94.3,BlueDart,Customs,1,0,1
2897,3036.0,3.5,8.0,2024-02-26,2024-03-05,2024-03-06,Sea,678,26,4361.17,113390.42,Cloudy,East,Yes,89.7,EcomExpress,,0,0,1
2898,1984.0,3.3,8.0,2024-01-12,2024-01-20,2024-01-20,Air,683,52,2698.25,140309.0,Rainy,East,Yes,73.0,DHL,Customs,1,0,1
2899,4537.0,3.2,6.0,2024-10-01,2024-10-07,2024-10-10,Road,913,72,4536.33,326615.76,Clear,East,No,97.9,Delhivery,Traffic,0,0,1
2900,1590.0,3.3,6.0,2024-01-28,2024-02-03,2024-02-07,Road,1190,94,2213.05,208026.7,Cloudy,North,Yes,77.6,BlueDart,Weather,0,1,0
2901,2204.0,3.7,2.0,2024-02-25,2024-02-27,2024-03-01,Sea,366,93,2255.48,209759.64,Cloudy,East,Yes,99.7,BlueDart,Customs,0,1,0
2902,3262.0,4.4,2.0,2024-10-10,2024-10-12,2024-10-15,Air,546,98,3945.7,386678.6,Clear,North,No,85.2,EcomExpress,Traffic,0,0,1
2903,3422.0,4.4,7.0,2024-05-02,2024-05-09,2024-05-08,Air,605,30,2325.55,69766.5,Cloudy,Central,Yes,93.7,FedEx,,1,0,1
2904,9752.0,2.8,4.0,2024-09-04,2024-09-08,2024-09-07,Air,815,1,4250.58,4250.58,Storm,East,Yes,71.5,BlueDart,,1,0,1
2905,9217.0,4.9,4.0,2024-10-13,2024-10-17,2024-10-18,Road,1461,53,2932.65,155430.45,Clear,Central,Yes,80.1,EcomExpress,Operational,0,1,0
2906,6401.0,4.5,10.0,2024-08-21,2024-08-31,2024-08-30,Road,651,78,2051.04,159981.12,Storm,East,No,74.7,EcomExpress,,1,0,1
2907,9541.0,2.6,3.0,2024-10-05,2024-10-08,2024-10-10,Air,768,30,2489.5,74685.0,Clear,West,No,98.2,FedEx,Customs,0,1,0
2908,5717.0,2.6,6.0,2024-05-06,2024-05-12,2024-05-13,Sea,1459,46,2751.94,126589.24,Clear,East,No,88.1,Delhivery,,0,0,1
2909,8296.0,3.6,7.0,2024-01-09,2024-01-16,2024-01-21,Sea,1147,44,1936.77,85217.88,Cloudy,Central,No,93.7,Delhivery,Traffic,0,0,1
2910,1060.0,4.7,10.0,2024-11-03,2024-11-13,2024-11-18,Road,776,91,2913.22,265103.02,Storm,South,No,79.9,DHL,Customs,0,1,0
2911,3923.0,3.9,9.0,2024-11-24,2024-12-03,2024-12-03,Road,912,77,3766.52,290022.04,Rainy,West,Yes,73.1,DHL,,1,1,1
2912,5950.0,4.8,2.0,2024-01-30,2024-02-01,2024-02-01,Road,1440,38,4649.4,176677.2,Cloudy,West,Yes,77.5,DHL,Customs,1,0,1
2913,1096.0,3.1,2.0,2024-05-04,2024-05-06,2024-05-07,Sea,240,21,3795.13,79697.73,Rainy,East,Yes,77.7,BlueDart,Traffic,0,1,0
2914,1623.0,4.5,7.0,2024-04-09,2024-04-16,2024-04-15,Sea,1497,95,4350.91,413336.45,Rainy,West,Yes,83.9,BlueDart,Traffic,1,0,1
2915,5263.0,4.7,5.0,2024-08-12,2024-08-17,2024-08-20,Road,1083,23,1375.23,31630.29,Clear,North,No,77.1,DHL,Traffic,0,0,1
2916,7293.0,3.0,5.0,2024-04-06,2024-04-11,2024-04-15,Air,536,98,3354.18,328709.64,Cloudy,North,Yes,93.8,EcomExpress,Traffic,0,1,0
2917,5916.0,2.5,4.0,2024-01-28,2024-02-01,2024-02-05,Air,851,43,2910.8,125164.4,Rainy,South,Yes,70.3,Delhivery,Weather,0,1,0
2918,1693.0,4.7,2.0,2024-03-25,2024-03-27,2024-03-29,Sea,277,4,2743.85,10975.4,Storm,East,Yes,99.8,DHL,Weather,0,0,1
2919,4429.0,2.8,5.0,2024-04-22,2024-04-27,2024-05-02,Air,36,63,3670.85,231263.55,Cloudy,Central,Yes,97.7,EcomExpress,Customs,0,0,1
2920,9759.0,3.8,3.0,2024-11-12,2024-11-15,2024-11-19,Sea,427,42,2896.62,121658.04,Rainy,South,Yes,92.6,FedEx,,0,0,1
2921,1620.0,3.3,5.0,2024-01-09,2024-01-14,2024-01-14,Sea,1029,98,3046.26,298533.48,Rainy,North,No,73.3,Delhivery,Operational,1,0,1
2922,2921.0,3.7,6.0,2024-05-27,2024-06-02,2024-06-06,Air,1161,80,1801.47,144117.6,Rainy,Central,No,95.7,FedEx,Operational,0,0,1
2923,6889.0,4.6,3.0,2024-02-26,2024-02-29,2024-03-02,Road,964,84,4487.43,376944.12,Cloudy,South,No,73.6,Delhivery,Operational,0,0,1
2924,8312.0,3.7,10.0,2024-07-03,2024-07-13,2024-07-18,Air,335,88,4789.85,421506.8,Clear,West,No,93.7,Delhivery,Operational,0,0,1
2925,1903.0,4.2,8.0,2024-03-17,2024-03-25,2024-03-24,Road,1320,67,2076.76,139142.92,Cloudy,South,No,74.8,DHL,Weather,1,1,1
2926,8209.0,3.7,5.0,2024-04-12,2024-04-17,2024-04-17,Road,858,90,144.1,12969.0,Clear,Central,No,86.7,DHL,Customs,1,0,1
2927,7031.0,4.1,7.0,2024-08-20,2024-08-27,2024-08-30,Road,605,64,825.38,52824.32,Clear,Central,No,93.0,EcomExpress,,0,0,1
2928,1254.0,4.5,6.0,2024-06-16,2024-06-22,2024-06-25,Sea,583,90,2009.76,180878.4,Storm,West,Yes,89.9,FedEx,Customs,0,1,0
2929,7698.0,3.5,6.0,2024-09-13,2024-09-19,2024-09-23,Sea,424,13,4733.85,61540.05,Rainy,West,Yes,99.8,Delhivery,Weather,0,0,1
2930,3447.0,2.7,5.0,2024-02-27,2024-03-03,2024-03-03,Air,418,87,2727.54,237295.98,Cloudy,East,Yes,76.7,EcomExpress,Weather,1,0,1
2931,4975.0,4.0,6.0,2024-02-13,2024-02-19,2024-02-21,Road,698,24,117.71,2825.04,Storm,South,No,84.1,BlueDart,Weather,0,0,1
2932,2144.0,5.0,5.0,2024-01-07,2024-01-12,2024-01-16,Road,406,36,3301.66,118859.76,Cloudy,North,No,99.3,FedEx,Customs,0,1,0
2933,7586.0,2.7,2.0,2024-10-27,2024-10-29,2024-10-29,Air,41,69,546.51,37709.19,Rainy,West,No,74.3,BlueDart,Operational,1,1,1
2934,3840.0,3.6,9.0,2024-11-24,2024-12-03,2024-12-02,Sea,1112,6,4489.71,26938.26,Rainy,West,No,81.6,DHL,,1,1,1
2935,1189.0,2.9,7.0,2024-09-25,2024-10-02,2024-10-03,Air,729,70,1985.86,139010.2,Storm,North,Yes,76.2,BlueDart,Operational,0,0,1
2936,2628.0,4.4,2.0,2024-08-11,2024-08-13,2024-08-17,Air,608,62,4949.92,306895.04,Clear,East,No,73.8,Delhivery,Operational,0,1,0
2937,1607.0,3.2,2.0,2024-09-06,2024-09-08,2024-09-09,Road,540,71,3034.68,215462.28,Storm,West,Yes,97.7,BlueDart,Customs,0,0,1
2938,9094.0,3.4,3.0,2024-01-18,2024-01-21,2024-01-23,Road,152,28,4124.7,115491.6,Rainy,East,No,77.6,FedEx,Operational,0,0,1
2939,8961.0,3.3,10.0,2024-02-19,2024-02-29,2024-02-28,Road,190,58,3340.87,193770.46,Storm,West,Yes,88.6,DHL,Operational,1,0,1
2940,3008.0,2.9,10.0,2024-04-17,2024-04-27,2024-05-01,Air,253,50,647.58,32379.0,Clear,East,No,71.8,BlueDart,Weather,0,0,1
2941,6484.0,2.6,7.0,2024-02-23,2024-03-01,2024-03-06,Road,577,68,3279.78,223025.04,Rainy,North,Yes,86.0,Delhivery,Weather,0,0,1
2942,1335.0,2.7,10.0,2024-01-22,2024-02-01,2024-02-02,Sea,121,74,3061.46,226548.04,Storm,Central,No,79.0,EcomExpress,Customs,0,0,1
2943,1572.0,2.9,2.0,2024-01-13,2024-01-15,2024-01-16,Air,873,22,666.49,14662.78,Storm,West,No,93.3,DHL,Weather,0,1,0
2944,8763.0,5.0,5.0,2024-06-03,2024-06-08,2024-06-12,Sea,527,66,1978.62,130588.92,Rainy,West,Yes,74.1,DHL,,0,0,1
2945,2077.0,4.2,9.0,2024-08-18,2024-08-27,2024-08-29,Road,513,4,4550.51,18202.04,Storm,North,No,93.1,BlueDart,Operational,0,1,0
2946,5396.0,2.9,3.0,2024-10-31,2024-11-03,2024-11-05,Road,720,73,4771.68,348332.64,Cloudy,West,No,78.6,EcomExpress,Operational,0,0,1
2947,2656.0,3.9,3.0,2024-03-21,2024-03-24,2024-03-23,Air,1270,75,4735.16,355137.0,Rainy,North,No,93.5,FedEx,Weather,1,0,1
2948,3062.0,2.9,7.0,2024-01-16,2024-01-23,2024-01-22,Sea,26,18,917.25,16510.5,Rainy,West,No,89.3,BlueDart,,1,0,1
2949,2123.0,3.0,5.0,2024-04-29,2024-05-04,2024-05-06,Road,1185,67,3328.32,222997.44,Cloudy,South,Yes,91.3,FedEx,Customs,0,0,1
2950,9937.0,2.8,6.0,2024-06-11,2024-06-17,2024-06-17,Sea,773,87,2359.22,205252.14,Rainy,West,No,96.1,FedEx,Operational,1,0,1
2951,6446.0,2.6,3.0,2024-02-16,2024-02-19,2024-02-21,Road,453,24,3256.12,78146.88,Storm,North,Yes,75.8,DHL,Weather,0,0,1
2952,1956.0,3.7,3.0,2024-09-29,2024-10-02,2024-10-05,Sea,445,70,2695.01,188650.7,Rainy,North,No,91.3,Delhivery,Operational,0,1,0
2953,3207.0,4.5,3.0,2024-05-30,2024-06-02,2024-06-02,Sea,459,58,3922.42,227500.36,Rainy,South,No,76.2,DHL,Traffic,1,0,1
2954,7725.0,4.1,6.0,2024-09-13,2024-09-19,2024-09-20,Sea,354,98,3962.68,388342.64,Storm,East,Yes,91.1,DHL,Weather,0,0,1
2955,1283.0,4.2,8.0,2024-06-20,2024-06-28,2024-06-28,Sea,335,58,1693.19,98205.02,Storm,Central,No,98.4,DHL,Weather,1,0,1
2956,1567.0,3.4,7.0,2024-04-14,2024-04-21,2024-04-26,Sea,300,89,2637.35,234724.15,Storm,South,No,97.2,Delhivery,Customs,0,1,0
2957,,2.8,,2024-10-12,2024-10-14,2024-10-15,Air,509,59,1073.24,,Clear,North,No,73.6,DHL,,0,1,0
2958,6380.0,3.1,3.0,2024-06-20,2024-06-23,2024-06-27,Road,1088,68,3347.61,227637.48,Cloudy,East,No,79.6,DHL,Weather,0,0,1
2959,9984.0,2.9,8.0,2024-02-16,2024-02-24,2024-02-29,Air,653,80,4717.17,377373.6,Rainy,North,No,81.2,Delhivery,Operational,0,0,1
2960,1072.0,4.7,2.0,2024-04-14,2024-04-16,2024-04-19,Sea,802,6,3106.24,18637.44,Clear,East,No,96.8,DHL,Weather,0,1,0
2961,8477.0,4.8,4.0,2024-01-05,2024-01-09,2024-01-12,Sea,837,53,4239.04,224669.12,Cloudy,South,No,71.9,EcomExpress,Traffic,0,0,1
2962,6058.0,3.2,10.0,2024-09-17,2024-09-27,2024-09-27,Road,533,31,2713.81,84128.11,Rainy,North,No,77.6,Delhivery,,1,0,1
2963,6684.0,3.6,7.0,2024-07-02,2024-07-09,2024-07-10,Road,48,1,943.17,943.17,Storm,West,Yes,71.8,FedEx,Weather,0,0,1
2964,4051.0,2.8,7.0,2024-06-08,2024-06-15,2024-06-18,Air,877,20,385.44,7708.8,Storm,West,No,83.9,DHL,Customs,0,1,0
2965,7753.0,4.4,7.0,2024-07-22,2024-07-29,2024-07-30,Air,261,65,638.82,41523.3,Storm,South,No,72.1,EcomExpress,Weather,0,0,1
2966,4247.0,3.1,7.0,2024-01-18,2024-01-25,2024-01-25,Road,829,52,974.35,50666.2,Storm,West,No,84.3,BlueDart,Customs,1,0,1
2967,8112.0,3.7,6.0,2024-05-04,2024-05-10,2024-05-12,Road,81,31,2584.27,80112.37,Storm,West,Yes,93.7,DHL,,0,1,0
2968,8121.0,2.9,7.0,2024-06-28,2024-07-05,2024-07-05,Road,341,22,2888.23,63541.06,Storm,South,No,91.0,DHL,Operational,1,0,1
2969,4473.0,3.5,8.0,2024-09-13,2024-09-21,2024-09-24,Road,1059,95,4039.35,383738.25,Clear,South,Yes,90.4,FedEx,Traffic,0,0,1
2970,9369.0,2.6,5.0,2024-08-26,2024-08-31,2024-09-01,Road,1195,59,952.75,56212.25,Storm,South,No,74.0,DHL,Customs,0,0,1
2971,4494.0,4.2,9.0,2024-09-20,2024-09-29,2024-09-29,Air,1307,7,3142.99,22000.93,Clear,South,No,95.6,Delhivery,Weather,1,0,1
2972,9160.0,3.0,10.0,2024-09-27,2024-10-07,2024-10-08,Sea,468,6,401.78,2410.68,Clear,West,No,77.7,DHL,Weather,0,0,1
2973,5839.0,4.5,2.0,2024-09-01,2024-09-03,2024-09-03,Sea,611,42,1684.62,70754.04,Storm,West,No,89.6,EcomExpress,,1,1,1
2974,1164.0,4.7,10.0,2024-01-17,2024-01-27,2024-01-28,Road,497,38,2068.23,78592.74,Storm,Central,Yes,92.5,FedEx,Operational,0,0,1
2975,7156.0,2.8,5.0,2024-06-06,2024-06-11,2024-06-15,Road,426,96,333.74,32039.04,Cloudy,South,Yes,99.9,EcomExpress,Weather,0,0,1
2976,7737.0,2.5,8.0,2024-03-26,2024-04-03,2024-04-08,Air,888,23,2343.27,53895.21,Clear,East,Yes,98.9,BlueDart,Traffic,0,0,1
2977,4544.0,4.0,6.0,2024-06-24,2024-06-30,2024-06-30,Road,978,11,114.23,1256.53,Clear,Central,No,97.2,BlueDart,Operational,1,0,1
2978,1470.0,2.6,8.0,2024-09-29,2024-10-07,2024-10-07,Air,1500,24,4530.35,108728.4,Rainy,Central,Yes,83.6,EcomExpress,Weather,1,1,1
2979,8381.0,3.8,4.0,2024-09-19,2024-09-23,2024-09-22,Sea,392,60,3539.6,212376.0,Rainy,West,No,88.0,Delhivery,Customs,1,0,1
2980,2033.0,4.2,9.0,2024-03-01,2024-03-10,2024-03-10,Road,860,44,221.64,9752.16,Cloudy,South,Yes,80.2,EcomExpress,Traffic,1,0,1
2981,6286.0,4.0,7.0,2024-02-16,2024-02-23,2024-02-22,Sea,549,74,2938.1,217419.4,Storm,Central,No,71.2,EcomExpress,Traffic,1,0,1
2982,3306.0,4.3,8.0,2024-09-07,2024-09-15,2024-09-14,Sea,805,69,2068.26,142709.94,Storm,North,Yes,81.7,BlueDart,Customs,1,1,1
2983,7849.0,4.8,2.0,2024-07-29,2024-07-31,2024-07-30,Sea,656,54,571.98,30886.92,Clear,South,No,91.4,BlueDart,Customs,1,0,1
2984,6509.0,3.9,9.0,2024-09-22,2024-10-01,2024-10-06,Air,1178,43,4972.45,213815.35,Clear,East,Yes,72.8,Delhivery,Traffic,0,1,0
2985,9611.0,4.4,10.0,2024-10-27,2024-11-06,2024-11-10,Road,404,98,627.89,61533.22,Rainy,North,No,77.6,BlueDart,,0,1,0
2986,9738.0,3.1,6.0,2024-07-07,2024-07-13,2024-07-13,Sea,454,82,3119.9,255831.8,Cloudy,South,Yes,87.1,Delhivery,,1,1,1
2987,7825.0,3.2,2.0,2024-09-06,2024-09-08,2024-09-10,Sea,839,64,1991.06,127427.84,Cloudy,Central,No,98.1,BlueDart,Operational,0,0,1
2988,6941.0,2.8,10.0,2024-09-02,2024-09-12,2024-09-11,Sea,94,7,3058.23,21407.61,Cloudy,Central,No,95.8,BlueDart,Customs,1,0,1
2989,4861.0,4.6,9.0,2024-11-24,2024-12-03,2024-12-06,Sea,250,100,1689.79,168979.0,Storm,East,No,78.1,DHL,Customs,0,1,0
2990,2194.0,3.4,7.0,2024-10-23,2024-10-30,2024-11-02,Road,980,77,1752.9,134973.3,Cloudy,South,No,95.9,EcomExpress,Operational,0,0,1
2991,5952.0,4.5,6.0,2024-05-15,2024-05-21,2024-05-26,Sea,194,86,3007.88,258677.68,Rainy,North,No,94.5,DHL,Traffic,0,0,1
2992,9741.0,3.7,3.0,2024-11-03,2024-11-06,2024-11-11,Air,698,31,4300.08,133302.48,Clear,West,Yes,75.3,FedEx,Weather,0,1,0
2993,7695.0,2.9,9.0,2024-08-14,2024-08-23,2024-08-27,Air,813,1,3082.03,3082.03,Cloudy,North,Yes,83.7,EcomExpress,Weather,0,0,1
2994,3518.0,2.6,6.0,2024-01-25,2024-01-31,2024-01-31,Air,884,79,521.61,41207.19,Clear,West,No,84.1,FedEx,Weather,1,0,1
2995,1942.0,3.8,5.0,2024-08-02,2024-08-07,2024-08-08,Air,1356,45,1921.56,86470.2,Cloudy,Central,No,80.1,FedEx,Customs,0,0,1
2996,6285.0,3.2,4.0,2024-10-10,2024-10-14,2024-10-13,Road,114,5,4370.51,21852.55,Clear,West,No,95.3,FedEx,Traffic,1,0,1
2997,3530.0,2.8,4.0,2024-07-09,2024-07-13,2024-07-16,Air,225,81,3823.92,309737.52,Storm,South,Yes,92.3,BlueDart,Weather,0,0,1
2998,9024.0,4.2,5.0,2024-06-29,2024-07-04,2024-07-09,Sea,1409,7,4563.74,31946.18,Clear,South,Yes,73.2,FedEx,Operational,0,1,0
2999,8153.0,4.0,3.0,2024-03-13,2024-03-16,2024-03-18,Air,36,37,393.23,14549.51,Cloudy,North,No,75.5,EcomExpress,Traffic,0,0,1
3000,4730.0,4.2,2.0,2024-01-11,2024-01-13,2024-01-13,Sea,1399,96,2622.81,251789.76,Storm,East,Yes,74.5,EcomExpress,Customs,1,0,1
3001,2250.0,3.4,2.0,2024-11-23,2024-11-25,2024-11-26,Road,1082,88,1065.62,93774.56,Cloudy,Central,Yes,79.1,Delhivery,Weather,0,1,0
3002,1428.0,4.1,8.0,2024-06-16,2024-06-24,2024-06-29,Road,1214,71,2039.55,144808.05,Rainy,Central,Yes,74.2,Delhivery,,0,1,0
3003,2088.0,2.5,10.0,2024-09-22,2024-10-02,2024-10-04,Air,427,87,2964.51,257912.37,Storm,East,Yes,85.0,DHL,Operational,0,1,0
3004,5748.0,4.9,7.0,2024-10-09,2024-10-16,2024-10-20,Air,1120,12,2394.21,28730.52,Cloudy,West,Yes,75.5,EcomExpress,Weather,0,0,1
3005,6077.0,3.2,4.0,2024-07-20,2024-07-24,2024-07-27,Road,913,2,3835.09,7670.18,Storm,West,No,93.2,DHL,Weather,0,1,0
3006,7269.0,2.5,5.0,2024-07-26,2024-07-31,2024-08-04,Road,619,80,4163.26,333060.8,Cloudy,West,No,94.2,DHL,,0,0,1
3007,7868.0,4.8,6.0,2024-08-13,2024-08-19,2024-08-22,Sea,831,34,4747.27,161407.18,Rainy,West,Yes,94.5,Delhivery,Weather,0,0,1
3008,3335.0,4.0,7.0,2024-09-23,2024-09-30,2024-09-29,Road,862,37,1406.49,52040.13,Storm,South,Yes,94.2,DHL,Weather,1,0,1
3009,7016.0,4.8,10.0,2024-07-29,2024-08-08,2024-08-13,Air,1118,12,180.94,2171.28,Cloudy,North,No,75.3,BlueDart,Operational,0,0,1
3010,5056.0,4.9,5.0,2024-07-25,2024-07-30,2024-08-04,Sea,539,18,3200.91,57616.38,Rainy,North,Yes,99.8,Delhivery,Traffic,0,0,1
3011,9859.0,4.5,4.0,2024-06-25,2024-06-29,2024-06-28,Air,453,92,2350.06,216205.52,Cloudy,North,Yes,95.3,FedEx,Traffic,1,0,1
3012,2558.0,4.7,5.0,2024-07-15,2024-07-20,2024-07-20,Sea,1194,84,1456.62,122356.08,Storm,South,Yes,95.8,EcomExpress,Operational,1,0,1
3013,9368.0,3.5,9.0,2024-01-10,2024-01-19,2024-01-24,Sea,773,57,1279.41,72926.37,Cloudy,East,No,77.1,EcomExpress,Customs,0,0,1
3014,9045.0,4.5,3.0,2024-04-04,2024-04-07,2024-04-12,Road,184,37,3730.01,138010.37,Clear,East,Yes,85.2,BlueDart,Operational,0,0,1
3015,6841.0,3.5,9.0,2024-02-02,2024-02-11,2024-02-16,Road,20,49,2627.96,128770.04,Cloudy,Central,No,89.9,Delhivery,Operational,0,0,1
3016,2784.0,3.6,6.0,2024-07-08,2024-07-14,2024-07-13,Sea,530,42,2844.89,119485.38,Cloudy,Central,Yes,82.4,EcomExpress,,1,0,1
3017,9672.0,4.7,4.0,2024-10-11,2024-10-15,2024-10-15,Road,537,78,1320.61,103007.58,Storm,North,No,97.6,DHL,,1,0,1
3018,1191.0,4.6,4.0,2024-11-08,2024-11-12,2024-11-11,Air,440,58,4403.68,255413.44,Cloudy,Central,No,79.0,DHL,Weather,1,0,1
3019,8605.0,2.6,7.0,2024-06-09,2024-06-16,2024-06-21,Sea,1142,89,1041.73,92713.97,Clear,North,No,72.5,DHL,Customs,0,1,0
3020,2684.0,4.3,4.0,2024-10-27,2024-10-31,2024-10-31,Sea,1152,43,1222.4,52563.2,Rainy,South,No,70.6,Delhivery,,1,1,1
3021,1845.0,3.9,5.0,2024-01-22,2024-01-27,2024-01-27,Road,1143,58,436.41,25311.78,Clear,North,Yes,88.3,FedEx,Weather,1,0,1
3022,7406.0,4.1,5.0,2024-11-02,2024-11-07,2024-11-12,Road,1259,9,2066.2,18595.8,Rainy,East,Yes,83.4,EcomExpress,Weather,0,1,0
3023,4378.0,4.2,10.0,2024-02-06,2024-02-16,2024-02-16,Air,327,8,1600.42,12803.36,Clear,East,Yes,72.4,DHL,,1,0,1
3024,5433.0,2.8,7.0,2024-04-18,2024-04-25,2024-04-26,Road,270,90,2592.81,233352.9,Cloudy,North,Yes,84.3,BlueDart,Weather,0,0,1
3025,2587.0,4.8,9.0,2024-09-11,2024-09-20,2024-09-22,Road,1479,15,3257.21,48858.15,Storm,West,Yes,99.4,FedEx,Traffic,0,0,1
3026,6571.0,3.3,8.0,2024-03-11,2024-03-19,2024-03-21,Air,957,99,3864.93,382628.07,Clear,West,Yes,96.4,DHL,Operational,0,0,1
3027,8481.0,4.8,3.0,2024-06-27,2024-06-30,2024-07-01,Air,657,31,1399.39,43381.09,Clear,West,No,84.7,BlueDart,Traffic,0,0,1
3028,9498.0,2.8,5.0,2024-03-14,2024-03-19,2024-03-22,Air,252,23,2829.7,65083.1,Clear,West,Yes,70.4,EcomExpress,,0,0,1
3029,3362.0,4.8,9.0,2024-11-02,2024-11-11,2024-11-16,Road,512,6,541.15,3246.9,Clear,East,Yes,71.6,DHL,Customs,0,1,0
3030,7503.0,4.8,2.0,2024-08-06,2024-08-08,2024-08-10,Road,1288,67,1460.07,97824.69,Storm,North,No,78.1,BlueDart,,0,0,1
3031,7212.0,3.2,4.0,2024-08-09,2024-08-13,2024-08-16,Sea,1414,68,1535.32,104401.76,Rainy,Central,No,80.1,BlueDart,Operational,0,0,1
3032,7093.0,4.6,7.0,2024-10-28,2024-11-04,2024-11-09,Road,314,87,3990.46,347170.02,Cloudy,West,Yes,75.8,EcomExpress,Customs,0,0,1
3033,6045.0,3.7,10.0,2024-05-18,2024-05-28,2024-05-31,Air,1029,2,661.68,1323.36,Rainy,West,No,86.8,FedEx,,0,1,0
3034,8821.0,3.6,2.0,2024-03-28,2024-03-30,2024-03-31,Road,1123,18,502.71,9048.78,Rainy,East,No,98.3,BlueDart,Operational,0,0,1
3035,4813.0,3.5,5.0,2024-07-29,2024-08-03,2024-08-03,Air,844,16,4533.03,72528.48,Cloudy,West,Yes,70.5,DHL,Weather,1,0,1
3036,7812.0,3.5,4.0,2024-04-07,2024-04-11,2024-04-10,Road,242,29,2051.54,59494.66,Rainy,West,Yes,95.8,EcomExpress,Weather,1,1,1
3037,1734.0,4.3,6.0,2024-09-29,2024-10-05,2024-10-06,Air,851,30,4175.29,125258.7,Cloudy,Central,No,95.1,DHL,Traffic,0,1,0
3038,7471.0,3.2,6.0,2024-08-10,2024-08-16,2024-08-17,Air,774,86,668.35,57478.1,Rainy,South,No,79.2,FedEx,Customs,0,1,0
3039,3571.0,3.6,7.0,2024-09-28,2024-10-05,2024-10-06,Sea,922,83,4548.37,377514.71,Cloudy,Central,Yes,72.2,EcomExpress,Weather,0,1,0
3040,7752.0,4.6,3.0,2024-05-10,2024-05-13,2024-05-16,Road,807,28,3885.9,108805.2,Cloudy,South,Yes,97.1,EcomExpress,,0,0,1
3041,2966.0,4.8,4.0,2024-02-10,2024-02-14,2024-02-17,Sea,282,41,996.14,40841.74,Clear,West,No,81.9,DHL,Operational,0,1,0
3042,6582.0,4.3,10.0,2024-03-27,2024-04-06,2024-04-11,Road,185,53,1699.6,90078.8,Cloudy,Central,No,85.9,DHL,Weather,0,0,1
3043,3078.0,3.5,8.0,2024-09-17,2024-09-25,2024-09-25,Sea,940,33,2005.89,66194.37,Clear,North,Yes,84.0,Delhivery,,1,0,1
3044,8079.0,4.1,2.0,2024-01-16,2024-01-18,2024-01-23,Sea,1047,3,3205.58,9616.74,Storm,East,No,71.0,BlueDart,Traffic,0,0,1
3045,3001.0,2.5,4.0,2024-01-29,2024-02-02,2024-02-07,Sea,435,28,4729.99,132439.72,Cloudy,East,No,72.5,EcomExpress,,0,0,1
3046,3608.0,3.8,7.0,2024-01-14,2024-01-21,2024-01-25,Sea,613,24,954.84,22916.16,Storm,North,No,73.3,EcomExpress,Weather,0,1,0
3047,3548.0,4.0,5.0,2024-01-08,2024-01-13,2024-01-15,Road,868,32,603.1,19299.2,Clear,West,Yes,83.9,Delhivery,Weather,0,0,1
3048,9310.0,3.9,6.0,2024-04-18,2024-04-24,2024-04-27,Sea,110,38,3322.01,126236.38,Cloudy,South,No,97.7,EcomExpress,Traffic,0,0,1
3049,1601.0,4.3,3.0,2024-03-25,2024-03-28,2024-04-01,Sea,1210,14,667.98,9351.72,Cloudy,South,Yes,93.7,EcomExpress,Weather,0,0,1
3050,6589.0,4.9,6.0,2024-08-21,2024-08-27,2024-08-27,Road,720,18,1507.04,27126.72,Rainy,South,No,97.6,DHL,Customs,1,0,1
3051,8920.0,4.1,5.0,2024-02-22,2024-02-27,2024-02-28,Air,1174,76,4131.33,313981.08,Cloudy,North,No,83.5,BlueDart,Operational,0,0,1
3052,7831.0,4.2,8.0,2024-09-21,2024-09-29,2024-09-28,Road,402,13,3978.62,51722.06,Storm,East,No,93.8,BlueDart,,1,1,1
3053,4482.0,3.4,5.0,2024-11-15,2024-11-20,2024-11-20,Air,794,46,1086.98,50001.08,Rainy,Central,Yes,76.0,EcomExpress,Weather,1,0,1
3054,7833.0,3.9,2.0,2024-04-16,2024-04-18,2024-04-23,Sea,656,72,4291.7,309002.4,Rainy,Central,Yes,76.6,Delhivery,,0,0,1
3055,9550.0,4.2,6.0,2024-11-20,2024-11-26,2024-11-30,Sea,932,39,2480.89,96754.71,Rainy,South,No,92.4,FedEx,,0,0,1
3056,9871.0,2.6,9.0,2024-01-22,2024-01-31,2024-02-01,Sea,606,66,4894.86,323060.76,Rainy,West,No,72.8,EcomExpress,Operational,0,0,1
3057,3734.0,4.7,3.0,2024-06-08,2024-06-11,2024-06-14,Sea,917,96,3623.17,347824.32,Cloudy,North,Yes,82.1,BlueDart,Customs,0,1,0
3058,6434.0,3.2,7.0,2024-07-11,2024-07-18,2024-07-18,Sea,1215,58,1728.43,100248.94,Cloudy,South,No,97.0,Delhivery,Weather,1,0,1
3059,4889.0,3.6,2.0,2024-01-14,2024-01-16,2024-01-19,Sea,590,40,1879.57,75182.8,Rainy,Central,Yes,94.4,EcomExpress,,0,1,0
3060,1663.0,3.2,2.0,2024-10-18,2024-10-20,2024-10-20,Air,249,88,4406.51,387772.88,Storm,East,No,99.3,FedEx,Customs,1,0,1
3061,2078.0,3.8,10.0,2024-09-11,2024-09-21,2024-09-25,Sea,1207,17,793.35,13486.95,Clear,West,No,91.6,EcomExpress,Traffic,0,0,1
3062,4107.0,5.0,9.0,2024-06-27,2024-07-06,2024-07-06,Road,1079,44,2156.71,94895.24,Storm,South,Yes,98.4,DHL,Operational,1,0,1
3063,8340.0,3.7,3.0,2024-05-07,2024-05-10,2024-05-11,Road,357,77,694.27,53458.79,Storm,West,Yes,84.6,FedEx,,0,0,1
3064,8874.0,2.8,5.0,2024-10-25,2024-10-30,2024-10-30,Road,388,98,1845.7,180878.6,Rainy,North,No,88.2,FedEx,,1,0,1
3065,7815.0,3.0,7.0,2024-03-17,2024-03-24,2024-03-26,Road,411,66,1607.13,106070.58,Storm,North,Yes,78.7,Delhivery,Operational,0,1,0
3066,5476.0,3.1,3.0,2024-03-30,2024-04-02,2024-04-02,Road,1196,49,1094.24,53617.76,Rainy,East,Yes,86.5,Delhivery,Operational,1,1,1
3067,1741.0,5.0,9.0,2024-02-22,2024-03-02,2024-03-05,Sea,208,48,533.56,25610.88,Storm,North,Yes,93.4,EcomExpress,Operational,0,0,1
3068,8296.0,2.9,2.0,2024-07-14,2024-07-16,2024-07-21,Road,398,64,128.15,8201.6,Cloudy,East,No,78.0,EcomExpress,Customs,0,1,0
3069,6712.0,4.8,8.0,2024-05-20,2024-05-28,2024-06-02,Air,1351,4,3420.26,13681.04,Clear,South,No,93.5,DHL,Customs,0,0,1
3070,8437.0,4.6,5.0,2024-01-12,2024-01-17,2024-01-17,Sea,1342,35,3512.67,122943.45,Storm,Central,No,94.8,DHL,Weather,1,0,1
3071,8560.0,2.6,9.0,2024-10-27,2024-11-05,2024-11-07,Sea,1297,75,2575.85,193188.75,Rainy,North,Yes,70.5,Delhivery,Customs,0,1,0
3072,2456.0,4.9,4.0,2024-07-07,2024-07-11,2024-07-13,Road,906,55,2034.13,111877.15,Rainy,Central,Yes,81.3,FedEx,,0,1,0
3073,9580.0,3.9,10.0,2024-04-18,2024-04-28,2024-04-27,Road,1405,84,3724.55,312862.2,Clear,West,Yes,74.7,Delhivery,Weather,1,0,1
3074,9892.0,3.0,7.0,2024-03-04,2024-03-11,2024-03-12,Air,529,7,4144.58,29012.06,Rainy,South,No,93.3,BlueDart,Customs,0,0,1
3075,4292.0,2.9,3.0,2024-10-29,2024-11-01,2024-11-04,Air,473,24,4025.21,96605.04,Storm,North,No,96.6,DHL,Operational,0,0,1
3076,3310.0,3.9,2.0,2024-05-13,2024-05-15,2024-05-16,Sea,1088,87,859.22,74752.14,Cloudy,North,Yes,86.7,EcomExpress,Operational,0,0,1
3077,1148.0,4.4,3.0,2024-05-11,2024-05-14,2024-05-16,Road,804,100,116.73,11673.0,Rainy,South,Yes,72.6,Delhivery,Weather,0,1,0
3078,8405.0,3.0,7.0,2024-01-02,2024-01-09,2024-01-10,Sea,1144,4,1985.4,7941.6,Rainy,West,No,95.0,BlueDart,Operational,0,0,1
3079,8438.0,3.1,8.0,2024-10-19,2024-10-27,2024-10-30,Sea,84,65,2666.37,173314.05,Rainy,East,No,90.2,BlueDart,,0,1,0
3080,3804.0,4.6,3.0,2024-05-09,2024-05-12,2024-05-11,Sea,1452,98,4361.99,427475.02,Rainy,North,Yes,87.9,Delhivery,Weather,1,0,1
3081,6625.0,3.0,3.0,2024-02-26,2024-02-29,2024-02-29,Road,1327,11,1259.89,13858.79,Rainy,South,Yes,73.6,Delhivery,Customs,1,0,1
3082,3407.0,3.0,5.0,2024-07-16,2024-07-21,2024-07-24,Road,489,84,2890.6,242810.4,Clear,South,No,87.7,EcomExpress,Operational,0,0,1
3083,1373.0,2.8,5.0,2024-05-13,2024-05-18,2024-05-19,Sea,150,99,4707.2,466012.8,Cloudy,Central,No,85.1,DHL,,0,0,1
3084,7700.0,4.7,6.0,2024-04-06,2024-04-12,2024-04-12,Sea,1482,32,4119.87,131835.84,Clear,South,Yes,94.3,FedEx,,1,1,1
3085,7351.0,3.7,7.0,2024-09-23,2024-09-30,2024-10-03,Road,535,5,3241.29,16206.45,Rainy,East,Yes,74.8,Delhivery,Operational,0,0,1
3086,8650.0,3.3,7.0,2024-10-23,2024-10-30,2024-11-04,Sea,705,79,289.29,22853.91,Cloudy,Central,Yes,82.5,EcomExpress,Operational,0,0,1
3087,5574.0,4.2,8.0,2024-10-05,2024-10-13,2024-10-16,Air,1294,29,4050.69,117470.01,Storm,Central,No,72.7,BlueDart,Operational,0,1,0
3088,2801.0,3.7,9.0,2024-10-25,2024-11-03,2024-11-02,Sea,1127,90,2737.48,246373.2,Cloudy,Central,Yes,81.5,BlueDart,Traffic,1,0,1
3089,4011.0,3.4,7.0,2024-02-19,2024-02-26,2024-02-28,Road,886,7,3399.18,23794.26,Cloudy,North,Yes,96.6,EcomExpress,Weather,0,0,1
3090,8468.0,3.6,5.0,2024-08-06,2024-08-11,2024-08-16,Road,500,15,4305.89,64588.35,Storm,Central,Yes,82.9,EcomExpress,Customs,0,0,1
3091,1735.0,2.7,4.0,2024-11-24,2024-11-28,2024-11-28,Road,1070,92,4817.54,443213.68,Storm,East,Yes,76.6,Delhivery,Traffic,1,1,1
3092,6381.0,4.3,4.0,2024-02-16,2024-02-20,2024-02-19,Road,1359,51,2757.51,140633.01,Storm,West,Yes,76.6,BlueDart,,1,0,1
3093,1809.0,3.0,6.0,2024-09-15,2024-09-21,2024-09-20,Sea,231,90,1395.23,125570.7,Rainy,South,Yes,79.5,FedEx,Customs,1,1,1
3094,3575.0,3.9,7.0,2024-01-11,2024-01-18,2024-01-20,Road,874,82,3643.94,298803.08,Cloudy,East,Yes,89.1,FedEx,Traffic,0,0,1
3095,7837.0,3.2,9.0,2024-03-09,2024-03-18,2024-03-22,Air,1251,34,1360.39,46253.26,Clear,East,No,92.3,EcomExpress,Traffic,0,1,0
3096,4388.0,2.8,5.0,2024-11-22,2024-11-27,2024-12-01,Road,610,52,703.39,36576.28,Storm,West,No,73.0,EcomExpress,Customs,0,0,1
3097,5082.0,3.2,2.0,2024-03-14,2024-03-16,2024-03-19,Road,589,15,742.53,11137.95,Rainy,North,Yes,85.8,EcomExpress,Weather,0,0,1
3098,2212.0,3.8,7.0,2024-09-06,2024-09-13,2024-09-16,Road,446,27,718.39,19396.53,Cloudy,West,No,94.2,FedEx,Operational,0,0,1
3099,2852.0,3.7,7.0,2024-02-16,2024-02-23,2024-02-27,Road,871,91,4670.68,425031.88,Storm,East,Yes,78.8,EcomExpress,Traffic,0,0,1
3100,6802.0,4.3,5.0,2024-03-21,2024-03-26,2024-03-26,Road,827,52,448.55,23324.6,Storm,West,No,73.8,DHL,Weather,1,0,1
3101,7274.0,2.8,3.0,2024-08-14,2024-08-17,2024-08-16,Sea,233,47,4343.21,204130.87,Rainy,South,Yes,73.5,FedEx,Weather,1,0,1
3102,2431.0,2.5,10.0,2024-06-27,2024-07-07,2024-07-12,Road,1034,34,4369.29,148555.86,Cloudy,Central,No,71.1,BlueDart,Operational,0,0,1
3103,1216.0,2.7,2.0,2024-09-09,2024-09-11,2024-09-15,Sea,1186,44,2208.72,97183.68,Clear,North,Yes,72.5,BlueDart,Weather,0,0,1
3104,9148.0,4.9,10.0,2024-07-22,2024-08-01,2024-08-05,Sea,1125,47,4002.06,188096.82,Storm,West,Yes,92.4,Delhivery,,0,0,1
3105,2381.0,4.6,6.0,2024-10-28,2024-11-03,2024-11-08,Road,648,53,1858.6,98505.8,Rainy,North,Yes,94.9,FedEx,Customs,0,0,1
3106,4723.0,4.7,8.0,2024-09-14,2024-09-22,2024-09-23,Road,58,49,3094.01,151606.49,Cloudy,South,Yes,91.0,DHL,Traffic,0,1,0
3107,1896.0,4.4,5.0,2024-03-29,2024-04-03,2024-04-04,Road,849,29,3024.37,87706.73,Storm,East,Yes,90.2,EcomExpress,Customs,0,0,1
3108,8668.0,3.6,4.0,2024-05-08,2024-05-12,2024-05-14,Sea,1292,66,2052.47,135463.02,Cloudy,East,Yes,94.9,Delhivery,Weather,0,0,1
3109,1855.0,4.0,7.0,2024-02-28,2024-03-06,2024-03-09,Road,928,26,2454.62,63820.12,Storm,East,Yes,90.4,Delhivery,Operational,0,0,1
3110,7778.0,3.9,2.0,2024-08-05,2024-08-07,2024-08-08,Air,600,65,4708.28,306038.2,Cloudy,Central,Yes,94.6,EcomExpress,Operational,0,0,1
3111,8079.0,3.1,7.0,2024-04-21,2024-04-28,2024-05-03,Sea,611,21,4274.43,89763.03,Clear,South,Yes,86.2,FedEx,Traffic,0,1,0
3112,4490.0,3.2,7.0,2024-03-20,2024-03-27,2024-03-30,Sea,731,70,2029.32,142052.4,Rainy,South,Yes,77.6,FedEx,Weather,0,0,1
3113,1354.0,2.9,4.0,2024-03-04,2024-03-08,2024-03-10,Road,480,77,2108.48,162352.96,Storm,South,Yes,72.4,FedEx,Operational,0,0,1
3114,1381.0,4.0,9.0,2024-02-22,2024-03-02,2024-03-04,Road,893,32,3470.12,111043.84,Rainy,North,No,75.3,BlueDart,Weather,0,0,1
3115,2380.0,4.5,4.0,2024-07-03,2024-07-07,2024-07-11,Road,87,50,879.92,43996.0,Clear,Central,No,87.2,BlueDart,Traffic,0,0,1
3116,3130.0,3.9,9.0,2024-09-06,2024-09-15,2024-09-14,Road,511,73,3653.75,266723.75,Storm,North,No,78.3,Delhivery,Customs,1,0,1
3117,1718.0,3.2,8.0,2024-03-10,2024-03-18,2024-03-21,Sea,636,11,2977.84,32756.24,Cloudy,Central,No,80.2,BlueDart,Traffic,0,1,0
3118,7570.0,3.3,4.0,2024-07-21,2024-07-25,2024-07-24,Road,471,63,1062.76,66953.88,Clear,North,No,81.6,Delhivery,Operational,1,1,1
3119,6757.0,3.4,6.0,2024-07-31,2024-08-06,2024-08-05,Road,743,23,2715.82,62463.86,Cloudy,West,Yes,88.0,Delhivery,,1,0,1
3120,5279.0,3.8,8.0,2024-11-04,2024-11-12,2024-11-15,Sea,199,54,2318.04,125174.16,Rainy,Central,No,92.2,BlueDart,Customs,0,0,1
3121,1262.0,3.1,2.0,2024-09-15,2024-09-17,2024-09-19,Sea,1185,23,4564.18,104976.14,Rainy,East,Yes,80.8,BlueDart,,0,1,0
3122,9967.0,3.6,8.0,2024-02-19,2024-02-27,2024-02-27,Air,1218,98,4336.17,424944.66,Cloudy,East,Yes,96.8,FedEx,Traffic,1,0,1
3123,5128.0,4.1,7.0,2024-08-31,2024-09-07,2024-09-09,Sea,1255,44,622.25,27379.0,Storm,East,Yes,82.3,DHL,Customs,0,1,0
3124,4706.0,4.4,5.0,2024-02-23,2024-02-28,2024-03-01,Sea,1095,30,1641.42,49242.6,Rainy,Central,No,90.3,BlueDart,Operational,0,0,1
3125,3420.0,4.8,3.0,2024-04-27,2024-04-30,2024-05-05,Air,1320,56,4182.24,234205.44,Cloudy,Central,No,96.1,FedEx,,0,1,0
3126,4618.0,3.1,7.0,2024-05-24,2024-05-31,2024-06-05,Road,83,43,4190.06,180172.58,Clear,West,No,75.1,BlueDart,Customs,0,0,1
3127,4425.0,4.6,8.0,2024-09-28,2024-10-06,2024-10-11,Sea,327,87,1344.63,116982.81,Cloudy,East,Yes,78.2,BlueDart,Customs,0,1,0
3128,3205.0,2.7,5.0,2024-03-11,2024-03-16,2024-03-19,Sea,1390,48,3691.62,177197.76,Cloudy,East,Yes,72.5,FedEx,,0,0,1
3129,4346.0,3.7,9.0,2024-01-28,2024-02-06,2024-02-09,Air,503,81,2691.19,217986.39,Clear,West,Yes,89.0,FedEx,Customs,0,1,0
3130,6573.0,4.1,4.0,2024-10-16,2024-10-20,2024-10-20,Air,1481,55,2051.16,112813.8,Cloudy,North,Yes,98.9,BlueDart,Weather,1,0,1
3131,7782.0,4.1,8.0,2024-09-19,2024-09-27,2024-10-02,Sea,1048,96,1624.58,155959.68,Rainy,East,Yes,99.5,EcomExpress,Traffic,0,0,1
3132,4864.0,2.9,5.0,2024-11-11,2024-11-16,2024-11-15,Sea,1101,96,2334.15,224078.4,Cloudy,North,Yes,97.1,BlueDart,,1,0,1
3133,2754.0,4.4,4.0,2024-05-28,2024-06-01,2024-06-01,Road,428,22,2857.65,62868.3,Storm,East,Yes,77.6,FedEx,Operational,1,0,1
3134,7553.0,3.1,7.0,2024-08-30,2024-09-06,2024-09-07,Road,1312,99,4100.87,405986.13,Cloudy,East,No,71.8,FedEx,Weather,0,0,1
3135,,4.3,,2024-02-28,2024-03-01,2024-03-01,Sea,38,97,1228.15,,Storm,East,No,90.0,EcomExpress,Traffic,1,0,1
3136,7370.0,3.5,3.0,2024-08-28,2024-08-31,2024-09-02,Air,892,81,2292.85,185720.85,Clear,South,No,81.8,EcomExpress,Weather,0,0,1
3137,3766.0,3.6,6.0,2024-09-18,2024-09-24,2024-09-23,Air,364,15,1417.91,21268.65,Rainy,North,No,99.7,Delhivery,Traffic,1,0,1
3138,8660.0,2.6,9.0,2024-08-07,2024-08-16,2024-08-19,Road,307,57,723.91,41262.87,Storm,Central,No,81.8,BlueDart,Operational,0,0,1
3139,3877.0,4.1,2.0,2024-11-24,2024-11-26,2024-11-25,Road,888,56,3202.37,179332.72,Storm,West,No,82.1,EcomExpress,Weather,1,1,1
3140,8693.0,3.5,4.0,2024-11-18,2024-11-22,2024-11-25,Road,681,72,3557.62,256148.64,Storm,North,Yes,81.1,FedEx,Traffic,0,0,1
3141,1220.0,4.0,3.0,2024-03-08,2024-03-11,2024-03-14,Sea,924,43,2497.12,107376.16,Cloudy,Central,No,97.1,DHL,Customs,0,0,1
3142,7255.0,2.6,8.0,2024-02-24,2024-03-03,2024-03-02,Air,827,58,809.85,46971.3,Cloudy,West,Yes,80.7,Delhivery,Operational,1,1,1
3143,9018.0,2.5,8.0,2024-07-11,2024-07-19,2024-07-20,Air,997,78,3334.78,260112.84,Clear,North,Yes,82.6,EcomExpress,Traffic,0,0,1
3144,2807.0,3.7,7.0,2024-04-23,2024-04-30,2024-04-30,Air,783,96,4656.54,447027.84,Clear,East,Yes,81.3,BlueDart,Operational,1,0,1
3145,3501.0,4.5,9.0,2024-07-28,2024-08-06,2024-08-06,Sea,1469,41,4826.51,197886.91,Cloudy,East,Yes,76.8,DHL,Weather,1,1,1
3146,4567.0,3.6,9.0,2024-07-23,2024-08-01,2024-07-31,Road,1125,84,3887.82,326576.88,Cloudy,South,No,85.8,FedEx,Weather,1,0,1
3147,9427.0,4.7,4.0,2024-10-31,2024-11-04,2024-11-07,Road,1426,85,1483.4,126089.0,Storm,Central,No,87.6,DHL,Weather,0,0,1
3148,8695.0,4.8,7.0,2024-03-18,2024-03-25,2024-03-26,Sea,1149,37,484.47,17925.39,Cloudy,South,No,89.0,Delhivery,Weather,0,0,1
3149,7278.0,2.7,3.0,2024-01-26,2024-01-29,2024-01-29,Sea,1202,74,2540.85,188022.9,Rainy,West,No,72.7,EcomExpress,Operational,1,0,1
3150,1306.0,4.7,2.0,2024-11-04,2024-11-06,2024-11-07,Sea,1316,40,1432.35,57294.0,Cloudy,East,Yes,89.8,EcomExpress,Weather,0,0,1
3151,7181.0,3.2,2.0,2024-03-21,2024-03-23,2024-03-23,Road,834,76,2846.33,216321.08,Storm,Central,Yes,71.4,DHL,,1,0,1
3152,8315.0,4.8,8.0,2024-10-31,2024-11-08,2024-11-13,Road,217,6,3855.53,23133.18,Clear,East,No,98.5,BlueDart,Weather,0,0,1
3153,5778.0,4.9,9.0,2024-08-10,2024-08-19,2024-08-21,Road,772,69,3333.31,229998.39,Cloudy,East,No,95.0,EcomExpress,Operational,0,1,0
3154,8189.0,2.7,3.0,2024-01-29,2024-02-01,2024-02-06,Sea,204,66,1428.94,94310.04,Cloudy,West,Yes,81.4,Delhivery,Traffic,0,0,1
3155,9672.0,2.8,3.0,2024-11-23,2024-11-26,2024-11-28,Sea,1206,88,1037.54,91303.52,Rainy,West,Yes,79.0,EcomExpress,Operational,0,1,0
3156,9841.0,4.3,2.0,2024-09-10,2024-09-12,2024-09-12,Road,464,73,1337.11,97609.03,Rainy,South,No,70.2,DHL,Operational,1,0,1
3157,4896.0,4.2,2.0,2024-02-05,2024-02-07,2024-02-07,Air,260,95,398.28,37836.6,Cloudy,North,Yes,93.1,BlueDart,Operational,1,0,1
3158,8754.0,4.5,7.0,2024-11-02,2024-11-09,2024-11-09,Road,330,73,957.1,69868.3,Storm,East,No,77.2,Delhivery,Operational,1,1,1
3159,8980.0,3.8,6.0,2024-11-24,2024-11-30,2024-11-30,Sea,1201,77,1923.09,148077.93,Rainy,North,Yes,91.9,BlueDart,,1,1,1
3160,5153.0,4.7,2.0,2024-03-01,2024-03-03,2024-03-07,Sea,1267,22,2229.39,49046.58,Cloudy,South,No,74.6,BlueDart,Customs,0,0,1
3161,4847.0,3.2,9.0,2024-01-04,2024-01-13,2024-01-14,Road,1265,57,1369.81,78079.17,Storm,Central,No,85.4,DHL,Traffic,0,0,1
3162,9806.0,3.1,4.0,2024-07-20,2024-07-24,2024-07-23,Road,810,71,1731.17,122913.07,Rainy,West,No,85.9,BlueDart,Traffic,1,1,1
3163,8089.0,2.8,8.0,2024-10-15,2024-10-23,2024-10-28,Air,600,1,425.43,425.43,Clear,East,Yes,72.9,Delhivery,Customs,0,0,1
3164,1605.0,3.0,4.0,2024-09-12,2024-09-16,2024-09-16,Sea,530,65,3115.27,202492.55,Cloudy,North,Yes,74.9,BlueDart,,1,0,1
3165,5755.0,2.7,10.0,2024-04-26,2024-05-06,2024-05-11,Sea,388,21,257.63,5410.23,Storm,North,No,73.2,BlueDart,Weather,0,0,1
3166,5076.0,3.1,8.0,2024-01-20,2024-01-28,2024-02-02,Road,604,30,1144.63,34338.9,Rainy,East,No,78.8,EcomExpress,Traffic,0,1,0
3167,4396.0,3.7,2.0,2024-01-22,2024-01-24,2024-01-29,Air,355,11,3131.99,34451.89,Storm,Central,Yes,78.2,FedEx,Traffic,0,0,1
3168,7745.0,3.6,3.0,2024-11-26,2024-11-29,2024-11-28,Air,151,77,1540.84,118644.68,Rainy,South,Yes,89.6,EcomExpress,,1,0,1
3169,9756.0,4.9,2.0,2024-11-03,2024-11-05,2024-11-07,Air,260,81,2365.46,191602.26,Cloudy,East,Yes,81.9,FedEx,Weather,0,1,0
3170,3537.0,4.4,4.0,2024-03-22,2024-03-26,2024-03-27,Air,91,78,1262.16,98448.48,Clear,West,No,72.9,FedEx,Operational,0,0,1
3171,8234.0,4.1,9.0,2024-02-03,2024-02-12,2024-02-13,Sea,876,8,2426.97,19415.76,Rainy,East,No,78.3,FedEx,Operational,0,1,0
3172,5737.0,4.8,3.0,2024-09-05,2024-09-08,2024-09-08,Road,1246,37,2377.49,87967.13,Cloudy,West,Yes,86.5,EcomExpress,Weather,1,0,1
3173,6316.0,3.1,5.0,2024-03-30,2024-04-04,2024-04-07,Sea,629,48,2981.9,143131.2,Clear,South,Yes,90.4,EcomExpress,Operational,0,1,0
3174,3939.0,3.3,5.0,2024-01-06,2024-01-11,2024-01-10,Sea,351,58,545.27,31625.66,Clear,South,No,76.4,Delhivery,Weather,1,1,1
3175,6865.0,4.2,6.0,2024-01-17,2024-01-23,2024-01-24,Air,925,92,4477.13,411895.96,Rainy,North,Yes,75.2,EcomExpress,Operational,0,0,1
3176,7398.0,2.5,10.0,2024-05-26,2024-06-05,2024-06-09,Air,1139,46,4375.5,201273.0,Clear,East,Yes,75.9,EcomExpress,Weather,0,1,0
3177,8274.0,4.1,3.0,2024-06-28,2024-07-01,2024-07-03,Road,377,4,2971.46,11885.84,Cloudy,North,No,80.4,EcomExpress,Customs,0,0,1
3178,8178.0,4.0,5.0,2024-02-18,2024-02-23,2024-02-27,Road,1199,27,650.21,17555.67,Rainy,Central,Yes,93.6,Delhivery,Operational,0,1,0
3179,9983.0,2.6,4.0,2024-02-23,2024-02-27,2024-02-28,Air,1311,20,3952.54,79050.8,Cloudy,Central,Yes,82.1,FedEx,Traffic,0,0,1
3180,1437.0,4.9,4.0,2024-09-20,2024-09-24,2024-09-26,Sea,241,23,3402.76,78263.48,Rainy,North,Yes,91.8,Delhivery,,0,0,1
3181,8486.0,4.7,7.0,2024-10-11,2024-10-18,2024-10-19,Air,719,86,1182.63,101706.18,Storm,West,Yes,84.5,DHL,Traffic,0,0,1
3182,7722.0,3.5,8.0,2024-08-20,2024-08-28,2024-09-01,Air,1136,28,4918.88,137728.64,Rainy,East,Yes,99.5,Delhivery,Customs,0,0,1
3183,2143.0,4.4,4.0,2024-09-18,2024-09-22,2024-09-24,Road,1128,12,1860.5,22326.0,Rainy,South,No,75.3,BlueDart,Customs,0,0,1
3184,8101.0,4.9,6.0,2024-08-19,2024-08-25,2024-08-30,Sea,34,55,551.64,30340.2,Storm,North,No,98.9,Delhivery,,0,0,1
3185,6485.0,4.0,6.0,2024-03-21,2024-03-27,2024-03-30,Air,1498,93,4355.77,405086.61,Storm,Central,No,86.5,EcomExpress,Weather,0,0,1
3186,8009.0,3.2,7.0,2024-04-18,2024-04-25,2024-04-28,Road,560,31,4531.32,140470.92,Cloudy,North,Yes,89.8,DHL,Traffic,0,0,1
3187,7040.0,4.4,10.0,2024-11-01,2024-11-11,2024-11-15,Sea,194,61,625.26,38140.86,Storm,Central,No,82.0,Delhivery,Traffic,0,0,1
3188,9294.0,2.9,8.0,2024-04-01,2024-04-09,2024-04-12,Air,1067,40,2709.43,108377.2,Storm,Central,Yes,77.5,EcomExpress,,0,0,1
3189,3848.0,3.7,9.0,2024-09-13,2024-09-22,2024-09-26,Sea,875,75,3059.83,229487.25,Rainy,North,Yes,75.5,Delhivery,Traffic,0,0,1
3190,4116.0,3.0,7.0,2024-07-16,2024-07-23,2024-07-22,Sea,966,29,1306.94,37901.26,Storm,West,Yes,74.2,EcomExpress,Customs,1,0,1
3191,5203.0,5.0,8.0,2024-03-03,2024-03-11,2024-03-10,Air,782,39,4951.82,193120.98,Clear,West,No,92.4,EcomExpress,Weather,1,1,1
3192,3629.0,4.0,10.0,2024-07-15,2024-07-25,2024-07-26,Air,41,88,1888.92,166224.96,Clear,North,Yes,98.2,FedEx,Weather,0,0,1
3193,2837.0,4.6,4.0,2024-03-18,2024-03-22,2024-03-25,Road,535,85,3624.41,308074.85,Rainy,South,Yes,80.5,DHL,Customs,0,0,1
3194,2277.0,3.2,10.0,2024-10-03,2024-10-13,2024-10-18,Air,824,49,4309.31,211156.19,Clear,West,Yes,85.2,Delhivery,,0,0,1
3195,5340.0,3.4,8.0,2024-05-24,2024-06-01,2024-06-06,Road,294,70,3010.46,210732.2,Rainy,West,No,98.3,BlueDart,Operational,0,0,1
3196,9202.0,2.7,9.0,2024-05-10,2024-05-19,2024-05-19,Sea,688,43,1075.86,46261.98,Rainy,Central,No,100.0,Delhivery,Operational,1,0,1
3197,6430.0,3.6,3.0,2024-06-27,2024-06-30,2024-07-01,Air,152,3,4447.23,13341.69,Rainy,West,Yes,90.4,BlueDart,Customs,0,0,1
3198,4667.0,3.7,3.0,2024-08-25,2024-08-28,2024-08-27,Road,450,82,641.18,52576.76,Rainy,East,No,93.3,Delhivery,Traffic,1,1,1
3199,6192.0,2.8,5.0,2024-09-21,2024-09-26,2024-09-30,Sea,520,37,4874.79,180367.23,Clear,South,Yes,71.6,BlueDart,Weather,0,1,0
3200,4035.0,4.4,5.0,2024-09-02,2024-09-07,2024-09-06,Air,711,61,2433.08,148417.88,Rainy,East,Yes,96.3,Delhivery,Weather,1,0,1
3201,1135.0,4.4,10.0,2024-07-02,2024-07-12,2024-07-12,Road,844,72,310.73,22372.56,Clear,East,No,82.5,Delhivery,Customs,1,0,1
3202,7424.0,2.7,3.0,2024-09-12,2024-09-15,2024-09-15,Road,1071,92,4358.86,401015.12,Rainy,Central,No,86.4,Delhivery,,1,0,1
3203,7135.0,3.8,8.0,2024-10-24,2024-11-01,2024-10-31,Sea,1298,90,1791.43,161228.7,Storm,North,No,81.0,FedEx,Traffic,1,0,1
3204,6392.0,2.8,5.0,2024-03-25,2024-03-30,2024-03-30,Air,937,62,2795.82,173340.84,Storm,North,No,76.5,BlueDart,Traffic,1,0,1
3205,2491.0,2.6,8.0,2024-10-07,2024-10-15,2024-10-16,Air,1339,97,1742.82,169053.54,Clear,West,Yes,92.5,EcomExpress,Weather,0,0,1
3206,6459.0,4.1,2.0,2024-04-04,2024-04-06,2024-04-07,Air,1175,98,1195.64,117172.72,Cloudy,South,No,84.2,FedEx,Weather,0,0,1
3207,9838.0,3.8,2.0,2024-09-19,2024-09-21,2024-09-21,Air,511,100,2099.64,209964.0,Rainy,North,No,79.0,FedEx,Operational,1,0,1
3208,5513.0,5.0,9.0,2024-02-22,2024-03-02,2024-03-01,Sea,1203,76,1233.15,93719.4,Rainy,West,Yes,88.9,Delhivery,Traffic,1,0,1
3209,6045.0,3.9,6.0,2024-09-09,2024-09-15,2024-09-14,Air,851,97,2479.6,240521.2,Storm,East,No,76.9,Delhivery,Customs,1,0,1
3210,4049.0,3.8,10.0,2024-02-16,2024-02-26,2024-02-29,Air,385,9,4754.09,42786.81,Clear,South,Yes,78.8,DHL,Operational,0,0,1
3211,9021.0,3.8,10.0,2024-05-27,2024-06-06,2024-06-05,Air,811,75,991.65,74373.75,Clear,South,Yes,95.6,EcomExpress,,1,0,1
3212,8020.0,3.3,10.0,2024-05-15,2024-05-25,2024-05-29,Sea,678,64,1808.18,115723.52,Storm,North,Yes,87.9,DHL,,0,0,1
3213,4807.0,3.8,10.0,2024-10-15,2024-10-25,2024-10-25,Road,1006,33,4628.19,152730.27,Clear,West,No,80.3,Delhivery,Customs,1,0,1
3214,6708.0,2.8,7.0,2024-03-09,2024-03-16,2024-03-15,Sea,247,64,4401.75,281712.0,Cloudy,Central,No,76.3,BlueDart,Operational,1,1,1
3215,7294.0,2.7,2.0,2024-06-11,2024-06-13,2024-06-16,Road,450,42,1493.53,62728.26,Rainy,Central,No,82.4,DHL,Operational,0,0,1
3216,6625.0,3.1,9.0,2024-03-03,2024-03-12,2024-03-12,Road,286,64,2213.24,141647.36,Storm,Central,No,85.9,EcomExpress,Traffic,1,1,1
3217,7016.0,4.8,5.0,2024-11-03,2024-11-08,2024-11-11,Road,1083,31,3495.74,108367.94,Cloudy,West,No,93.5,DHL,Traffic,0,1,0
3218,6898.0,4.6,10.0,2024-01-10,2024-01-20,2024-01-25,Road,710,92,3930.82,361635.44,Storm,West,No,90.9,BlueDart,Operational,0,0,1
3219,8164.0,4.1,8.0,2024-05-06,2024-05-14,2024-05-15,Road,772,28,1064.72,29812.16,Clear,West,Yes,91.4,FedEx,Customs,0,0,1
3220,2599.0,3.6,7.0,2024-01-31,2024-02-07,2024-02-09,Air,277,44,2846.3,125237.2,Storm,South,Yes,89.9,BlueDart,Weather,0,0,1
3221,7307.0,4.9,2.0,2024-03-05,2024-03-07,2024-03-06,Road,1221,80,2971.42,237713.6,Storm,East,No,92.6,EcomExpress,Traffic,1,0,1
3222,5483.0,4.6,7.0,2024-08-02,2024-08-09,2024-08-08,Sea,1200,37,2260.29,83630.73,Cloudy,East,Yes,70.2,DHL,,1,0,1
3223,6240.0,4.1,10.0,2024-04-16,2024-04-26,2024-04-26,Road,1124,70,1853.17,129721.9,Rainy,Central,Yes,88.5,EcomExpress,Customs,1,0,1
3224,3075.0,2.8,6.0,2024-05-23,2024-05-29,2024-05-30,Air,613,12,964.88,11578.56,Cloudy,East,Yes,83.6,BlueDart,,0,0,1
3225,4864.0,2.5,7.0,2024-03-04,2024-03-11,2024-03-14,Road,1018,76,4532.53,344472.28,Clear,Central,Yes,89.4,EcomExpress,,0,0,1
3226,6971.0,4.1,6.0,2024-08-11,2024-08-17,2024-08-22,Sea,611,36,1831.33,65927.88,Cloudy,South,No,85.0,BlueDart,Customs,0,1,0
3227,8691.0,3.5,3.0,2024-03-25,2024-03-28,2024-03-29,Sea,481,12,3360.41,40324.92,Cloudy,West,No,71.4,Delhivery,Weather,0,0,1
3228,6795.0,2.6,8.0,2024-07-18,2024-07-26,2024-07-29,Air,63,73,4916.44,358900.12,Rainy,East,No,80.5,DHL,Customs,0,0,1
3229,5762.0,4.6,2.0,2024-11-06,2024-11-08,2024-11-07,Road,1237,27,4261.8,115068.6,Storm,East,Yes,73.1,Delhivery,Traffic,1,0,1
3230,4640.0,3.6,2.0,2024-01-07,2024-01-09,2024-01-12,Air,326,89,1012.35,90099.15,Cloudy,East,No,82.5,EcomExpress,Traffic,0,1,0
3231,1341.0,3.5,3.0,2024-09-15,2024-09-18,2024-09-22,Road,1217,50,1066.79,53339.5,Storm,North,No,76.8,FedEx,Weather,0,1,0
3232,4678.0,2.9,10.0,2024-11-18,2024-11-28,2024-11-30,Air,529,4,241.85,967.4,Rainy,West,No,77.9,EcomExpress,Customs,0,0,1
3233,7822.0,4.4,6.0,2024-03-06,2024-03-12,2024-03-17,Air,746,4,1486.26,5945.04,Storm,South,No,87.4,Delhivery,Operational,0,0,1
3234,2213.0,2.7,5.0,2024-02-22,2024-02-27,2024-02-26,Sea,1254,87,3187.88,277345.56,Cloudy,North,Yes,72.4,DHL,Traffic,1,0,1
3235,3192.0,2.5,6.0,2024-11-23,2024-11-29,2024-12-03,Road,30,60,3692.3,221538.0,Clear,West,Yes,91.2,DHL,Operational,0,1,0
3236,3101.0,4.8,2.0,2024-03-30,2024-04-01,2024-04-04,Sea,782,18,1110.45,19988.1,Clear,South,Yes,91.7,Delhivery,Customs,0,1,0
3237,3356.0,4.1,9.0,2024-01-04,2024-01-13,2024-01-14,Sea,1098,46,3731.15,171632.9,Storm,West,No,71.9,BlueDart,Weather,0,0,1
3238,6626.0,3.2,10.0,2024-03-10,2024-03-20,2024-03-23,Air,1214,38,3376.27,128298.26,Cloudy,Central,Yes,91.5,EcomExpress,,0,1,0
3239,6182.0,2.6,10.0,2024-01-25,2024-02-04,2024-02-08,Sea,963,18,999.01,17982.18,Cloudy,North,No,80.2,DHL,Weather,0,0,1
3240,3789.0,4.1,4.0,2024-07-10,2024-07-14,2024-07-19,Sea,524,61,2660.93,162316.73,Rainy,South,Yes,91.8,BlueDart,Operational,0,0,1
3241,8615.0,5.0,6.0,2024-08-12,2024-08-18,2024-08-19,Air,1284,38,2247.19,85393.22,Rainy,West,Yes,83.3,Delhivery,Operational,0,0,1
3242,5460.0,4.7,10.0,2024-04-13,2024-04-23,2024-04-23,Road,1010,70,3591.93,251435.1,Storm,Central,Yes,83.7,DHL,Operational,1,1,1
3243,9685.0,4.7,8.0,2024-11-07,2024-11-15,2024-11-18,Air,591,56,2643.17,148017.52,Clear,East,Yes,94.7,FedEx,Traffic,0,0,1
3244,6109.0,3.0,5.0,2024-10-02,2024-10-07,2024-10-10,Air,734,82,153.34,12573.88,Clear,Central,Yes,92.0,EcomExpress,Operational,0,0,1
3245,4963.0,4.2,3.0,2024-09-08,2024-09-11,2024-09-10,Sea,128,98,1185.35,116164.3,Clear,East,Yes,86.8,FedEx,,1,1,1
3246,9649.0,3.8,7.0,2024-10-29,2024-11-05,2024-11-06,Air,841,25,545.22,13630.5,Clear,South,No,95.0,EcomExpress,Customs,0,0,1
3247,3737.0,4.3,3.0,2024-09-30,2024-10-03,2024-10-06,Road,800,27,2828.5,76369.5,Rainy,Central,Yes,75.7,Delhivery,Weather,0,0,1
3248,8842.0,4.9,7.0,2024-03-13,2024-03-20,2024-03-22,Road,977,40,4061.55,162462.0,Clear,Central,Yes,80.9,EcomExpress,Traffic,0,0,1
3249,9333.0,4.6,4.0,2024-05-31,2024-06-04,2024-06-07,Air,1191,10,1383.19,13831.9,Rainy,North,Yes,73.4,EcomExpress,Operational,0,0,1
3250,2872.0,3.4,4.0,2024-03-31,2024-04-04,2024-04-03,Air,1289,35,3648.42,127694.7,Cloudy,East,Yes,88.1,BlueDart,,1,1,1
3251,8632.0,3.5,10.0,2024-04-25,2024-05-05,2024-05-09,Road,1068,51,3638.26,185551.26,Storm,Central,No,72.2,EcomExpress,Customs,0,0,1
3252,3840.0,3.1,5.0,2024-04-17,2024-04-22,2024-04-26,Air,1100,62,2812.4,174368.8,Rainy,East,No,92.3,Delhivery,Traffic,0,0,1
3253,5654.0,4.8,2.0,2024-09-20,2024-09-22,2024-09-24,Sea,1302,81,3930.67,318384.27,Cloudy,East,No,81.0,FedEx,Customs,0,0,1
3254,9538.0,4.9,5.0,2024-03-28,2024-04-02,2024-04-03,Air,71,26,2599.0,67574.0,Rainy,South,No,82.3,DHL,Traffic,0,0,1
3255,1764.0,2.7,4.0,2024-11-02,2024-11-06,2024-11-07,Road,1225,76,781.61,59402.36,Cloudy,East,No,99.9,BlueDart,Operational,0,1,0
3256,2158.0,3.6,2.0,2024-10-20,2024-10-22,2024-10-27,Sea,534,13,850.82,11060.66,Clear,East,Yes,97.8,Delhivery,Operational,0,1,0
3257,3729.0,3.2,6.0,2024-08-18,2024-08-24,2024-08-29,Sea,1268,52,3220.86,167484.72,Storm,East,No,91.5,FedEx,Customs,0,1,0
3258,2955.0,3.5,8.0,2024-02-05,2024-02-13,2024-02-17,Sea,1144,92,3008.01,276736.92,Clear,West,No,86.8,Delhivery,Customs,0,0,1
3259,6440.0,3.7,5.0,2024-03-14,2024-03-19,2024-03-19,Sea,668,80,4233.63,338690.4,Storm,West,Yes,99.1,DHL,Customs,1,0,1
3260,1791.0,4.2,7.0,2024-02-21,2024-02-28,2024-03-01,Road,1155,97,1501.12,145608.64,Rainy,West,Yes,71.4,FedEx,Traffic,0,0,1
3261,2107.0,4.5,6.0,2024-11-09,2024-11-15,2024-11-15,Air,43,38,3268.25,124193.5,Clear,East,Yes,90.1,Delhivery,Customs,1,1,1
3262,9213.0,4.2,5.0,2024-08-22,2024-08-27,2024-08-28,Road,1393,68,3224.12,219240.16,Storm,East,Yes,95.1,BlueDart,,0,0,1
3263,8393.0,4.2,3.0,2024-02-29,2024-03-03,2024-03-07,Air,183,27,2835.32,76553.64,Storm,South,Yes,90.0,BlueDart,Weather,0,0,1
3264,9581.0,2.5,7.0,2024-10-29,2024-11-05,2024-11-06,Road,38,93,468.97,43614.21,Storm,North,No,87.1,BlueDart,,0,0,1
3265,4669.0,4.1,10.0,2024-07-10,2024-07-20,2024-07-20,Sea,76,93,1066.34,99169.62,Cloudy,North,No,71.5,FedEx,Operational,1,0,1
3266,2816.0,4.8,2.0,2024-05-17,2024-05-19,2024-05-18,Sea,795,77,4453.85,342946.45,Rainy,North,No,89.8,Delhivery,Weather,1,0,1
3267,4007.0,3.5,10.0,2024-01-04,2024-01-14,2024-01-19,Sea,225,88,3477.25,305998.0,Storm,East,Yes,76.4,EcomExpress,,0,0,1
3268,6108.0,3.5,2.0,2024-10-07,2024-10-09,2024-10-14,Air,1380,43,2956.7,127138.1,Rainy,North,Yes,74.3,DHL,,0,0,1
3269,8070.0,4.4,5.0,2024-07-01,2024-07-06,2024-07-09,Air,1479,64,387.62,24807.68,Rainy,North,Yes,75.0,BlueDart,,0,0,1
3270,3545.0,4.4,3.0,2024-04-01,2024-04-04,2024-04-09,Sea,534,53,1809.26,95890.78,Storm,South,No,81.3,DHL,Customs,0,0,1
3271,3424.0,4.2,3.0,2024-01-20,2024-01-23,2024-01-24,Sea,1379,71,320.94,22786.74,Clear,West,No,93.6,BlueDart,Weather,0,1,0
3272,1253.0,4.9,2.0,2024-11-10,2024-11-12,2024-11-13,Sea,533,54,4001.17,216063.18,Storm,South,Yes,76.9,BlueDart,Operational,0,1,0
3273,5727.0,3.1,6.0,2024-02-29,2024-03-06,2024-03-09,Air,656,90,4873.5,438615.0,Clear,East,Yes,71.5,FedEx,Operational,0,0,1
3274,3226.0,3.0,6.0,2024-11-21,2024-11-27,2024-11-26,Sea,66,84,4099.36,344346.24,Clear,Central,Yes,78.8,FedEx,Traffic,1,0,1
3275,2339.0,3.1,9.0,2024-05-12,2024-05-21,2024-05-20,Sea,1434,12,237.72,2852.64,Rainy,East,Yes,84.7,FedEx,Operational,1,1,1
3276,2942.0,4.7,3.0,2024-07-24,2024-07-27,2024-07-26,Sea,24,74,4399.38,325554.12,Clear,West,No,82.1,BlueDart,Customs,1,0,1
3277,6916.0,3.7,5.0,2024-02-14,2024-02-19,2024-02-23,Air,1384,18,698.45,12572.1,Rainy,Central,Yes,90.0,BlueDart,Operational,0,0,1
3278,6162.0,2.6,8.0,2024-09-29,2024-10-07,2024-10-06,Road,51,31,351.93,10909.83,Storm,South,No,98.5,BlueDart,Operational,1,1,1
3279,5805.0,3.4,7.0,2024-10-02,2024-10-09,2024-10-08,Road,18,35,3652.55,127839.25,Clear,South,Yes,94.1,DHL,Customs,1,0,1
3280,5742.0,4.9,9.0,2024-10-27,2024-11-05,2024-11-06,Air,749,73,1965.98,143516.54,Cloudy,Central,No,72.3,FedEx,Operational,0,1,0
3281,9830.0,2.8,9.0,2024-02-19,2024-02-28,2024-02-27,Air,1362,42,1644.09,69051.78,Storm,North,Yes,90.8,Delhivery,Weather,1,0,1
3282,8991.0,3.2,5.0,2024-10-25,2024-10-30,2024-10-31,Sea,552,83,110.24,9149.92,Storm,North,Yes,83.2,FedEx,,0,0,1
3283,3061.0,3.3,4.0,2024-02-11,2024-02-15,2024-02-15,Road,201,37,3671.36,135840.32,Cloudy,Central,No,81.4,FedEx,Weather,1,1,1
3284,4196.0,4.5,8.0,2024-05-19,2024-05-27,2024-05-29,Road,1442,100,883.95,88395.0,Rainy,Central,No,97.2,BlueDart,Traffic,0,1,0
3285,6383.0,4.6,2.0,2024-01-17,2024-01-19,2024-01-20,Sea,190,33,3116.95,102859.35,Storm,Central,Yes,99.9,BlueDart,Traffic,0,0,1
3286,1633.0,3.8,4.0,2024-08-26,2024-08-30,2024-08-29,Air,1309,47,2757.5,129602.5,Rainy,West,Yes,99.1,Delhivery,Weather,1,0,1
3287,1124.0,3.1,8.0,2024-09-28,2024-10-06,2024-10-10,Air,239,71,1815.64,128910.44,Cloudy,Central,No,100.0,DHL,Customs,0,1,0
3288,6431.0,3.6,3.0,2024-04-26,2024-04-29,2024-04-29,Air,719,20,4952.76,99055.2,Cloudy,North,Yes,83.0,EcomExpress,,1,0,1
3289,3574.0,3.2,8.0,2024-04-13,2024-04-21,2024-04-20,Sea,297,4,4721.62,18886.48,Storm,Central,Yes,74.5,DHL,Traffic,1,1,1
3290,8367.0,3.1,6.0,2024-01-13,2024-01-19,2024-01-19,Sea,908,22,2263.18,49789.96,Clear,South,No,92.1,FedEx,Traffic,1,1,1
3291,4090.0,4.0,10.0,2024-05-31,2024-06-10,2024-06-15,Sea,789,82,4319.48,354197.36,Clear,South,Yes,78.9,DHL,,0,0,1
3292,2007.0,4.9,10.0,2024-09-10,2024-09-20,2024-09-23,Air,891,66,1702.55,112368.3,Clear,East,No,91.1,Delhivery,Operational,0,0,1
3293,8788.0,2.5,6.0,2024-10-25,2024-10-31,2024-11-04,Air,1223,60,2645.6,158736.0,Storm,Central,Yes,73.0,Delhivery,Weather,0,0,1
3294,1767.0,2.9,6.0,2024-08-24,2024-08-30,2024-09-02,Air,1448,8,2547.66,20381.28,Clear,South,Yes,85.9,EcomExpress,Traffic,0,1,0
3295,6850.0,3.3,2.0,2024-08-20,2024-08-22,2024-08-27,Air,738,61,3761.67,229461.87,Rainy,North,No,87.4,FedEx,Weather,0,0,1
3296,1007.0,3.8,6.0,2024-07-15,2024-07-21,2024-07-22,Sea,45,70,471.63,33014.1,Storm,West,Yes,99.7,DHL,Operational,0,0,1
3297,9417.0,3.6,5.0,2024-06-29,2024-07-04,2024-07-04,Road,467,23,135.13,3107.99,Cloudy,Central,Yes,86.7,BlueDart,Traffic,1,1,1
3298,8245.0,4.1,5.0,2024-09-16,2024-09-21,2024-09-24,Sea,150,88,2662.15,234269.2,Cloudy,Central,No,75.7,Delhivery,,0,0,1
3299,6813.0,3.4,6.0,2024-10-11,2024-10-17,2024-10-21,Road,430,8,2044.71,16357.68,Rainy,North,Yes,96.6,DHL,Weather,0,0,1
3300,3933.0,4.9,6.0,2024-01-01,2024-01-07,2024-01-10,Air,1006,19,2533.41,48134.79,Storm,Central,Yes,72.6,BlueDart,Operational,0,0,1
3301,6646.0,2.9,4.0,2024-08-01,2024-08-05,2024-08-08,Air,1441,98,431.13,42250.74,Clear,East,Yes,95.6,FedEx,Operational,0,0,1
3302,6805.0,4.8,4.0,2024-03-12,2024-03-16,2024-03-19,Road,1033,76,4883.38,371136.88,Cloudy,North,Yes,99.2,EcomExpress,Weather,0,0,1
3303,7082.0,3.3,8.0,2024-01-21,2024-01-29,2024-01-28,Air,73,55,3661.55,201385.25,Storm,East,Yes,93.5,DHL,,1,1,1
3304,8526.0,3.5,4.0,2024-01-12,2024-01-16,2024-01-15,Sea,692,89,4853.53,431964.17,Clear,Central,No,94.2,BlueDart,,1,0,1
3305,7889.0,2.8,6.0,2024-06-30,2024-07-06,2024-07-06,Sea,1355,45,4798.2,215919.0,Cloudy,North,Yes,88.3,Delhivery,Operational,1,1,1
3306,3032.0,4.5,9.0,2024-07-25,2024-08-03,2024-08-04,Sea,577,81,1855.3,150279.3,Storm,Central,No,87.3,BlueDart,Customs,0,0,1
3307,5272.0,4.2,4.0,2024-02-27,2024-03-02,2024-03-04,Air,632,72,3635.2,261734.4,Clear,North,No,78.2,EcomExpress,,0,0,1
3308,8355.0,2.5,9.0,2024-07-21,2024-07-30,2024-08-02,Air,68,6,4970.11,29820.66,Rainy,West,No,90.0,FedEx,Operational,0,1,0
3309,3610.0,3.6,9.0,2024-04-19,2024-04-28,2024-05-02,Sea,1201,72,2897.03,208586.16,Clear,South,No,71.3,Delhivery,Traffic,0,0,1
3310,5517.0,4.9,10.0,2024-06-27,2024-07-07,2024-07-10,Road,142,11,2584.41,28428.51,Rainy,North,No,94.6,DHL,Operational,0,0,1
3311,6972.0,3.2,4.0,2024-01-30,2024-02-03,2024-02-06,Sea,758,42,4763.49,200066.58,Rainy,West,Yes,84.9,EcomExpress,Customs,0,0,1
3312,8162.0,3.3,9.0,2024-11-08,2024-11-17,2024-11-19,Road,807,70,4330.27,303118.9,Storm,East,Yes,89.6,EcomExpress,Customs,0,0,1
3313,5282.0,4.2,8.0,2024-02-17,2024-02-25,2024-02-25,Sea,1276,50,3613.46,180673.0,Clear,Central,No,87.9,DHL,Weather,1,1,1
3314,1421.0,2.8,7.0,2024-07-20,2024-07-27,2024-07-29,Road,1076,96,4520.93,434009.28,Rainy,Central,No,87.1,EcomExpress,Traffic,0,1,0
3315,5761.0,4.7,6.0,2024-08-24,2024-08-30,2024-09-01,Sea,740,25,2452.37,61309.25,Cloudy,West,No,73.4,BlueDart,Traffic,0,1,0
3316,7364.0,2.8,2.0,2024-08-26,2024-08-28,2024-08-29,Road,1091,13,4146.14,53899.82,Cloudy,West,Yes,99.9,Delhivery,Customs,0,0,1
3317,8621.0,3.0,5.0,2024-10-05,2024-10-10,2024-10-12,Air,828,75,1913.17,143487.75,Storm,West,Yes,82.5,BlueDart,Traffic,0,1,0
3318,7246.0,2.9,2.0,2024-07-24,2024-07-26,2024-07-26,Road,434,43,3102.52,133408.36,Storm,South,Yes,99.9,BlueDart,Operational,1,0,1
3319,2966.0,4.4,3.0,2024-10-12,2024-10-15,2024-10-16,Road,1127,57,2414.32,137616.24,Storm,South,Yes,78.0,Delhivery,Customs,0,1,0
3320,5812.0,5.0,3.0,2024-08-07,2024-08-10,2024-08-11,Road,705,29,1648.45,47805.05,Storm,East,No,83.7,DHL,Traffic,0,0,1
3321,4812.0,5.0,4.0,2024-06-05,2024-06-09,2024-06-14,Air,502,80,4077.64,326211.2,Clear,South,Yes,81.1,EcomExpress,Customs,0,0,1
3322,2191.0,3.8,7.0,2024-02-28,2024-03-06,2024-03-09,Road,41,35,280.74,9825.9,Cloudy,South,Yes,77.5,Delhivery,Customs,0,0,1
3323,2720.0,3.7,6.0,2024-10-31,2024-11-06,2024-11-08,Road,796,59,2655.33,156664.47,Clear,North,No,91.5,FedEx,Traffic,0,0,1
3324,2122.0,4.6,9.0,2024-05-24,2024-06-02,2024-06-05,Air,1074,27,3389.7,91521.9,Rainy,West,Yes,84.5,EcomExpress,,0,0,1
3325,3921.0,4.6,2.0,2024-02-15,2024-02-17,2024-02-18,Sea,255,69,767.71,52971.99,Cloudy,North,Yes,70.4,Delhivery,Customs,0,0,1
3326,6086.0,4.9,8.0,2024-08-26,2024-09-03,2024-09-03,Sea,141,39,2506.35,97747.65,Clear,South,Yes,76.6,BlueDart,Weather,1,0,1
3327,1224.0,2.6,3.0,2024-10-07,2024-10-10,2024-10-11,Road,1048,86,4584.84,394296.24,Rainy,Central,No,78.5,FedEx,Customs,0,0,1
3328,9008.0,3.7,6.0,2024-04-02,2024-04-08,2024-04-13,Road,1234,53,2773.95,147019.35,Rainy,Central,Yes,86.6,Delhivery,,0,0,1
3329,8739.0,2.7,2.0,2024-07-11,2024-07-13,2024-07-12,Sea,1206,70,1352.96,94707.2,Cloudy,West,Yes,91.9,DHL,Operational,1,0,1
3330,9771.0,3.9,9.0,2024-08-06,2024-08-15,2024-08-15,Road,1154,93,2812.89,261598.77,Clear,North,Yes,72.3,Delhivery,Traffic,1,0,1
3331,6276.0,2.7,7.0,2024-03-13,2024-03-20,2024-03-23,Sea,17,63,4816.91,303465.33,Rainy,West,No,83.6,DHL,Traffic,0,0,1
3332,1283.0,2.8,10.0,2024-04-11,2024-04-21,2024-04-20,Sea,657,9,876.39,7887.51,Storm,West,Yes,94.7,Delhivery,Weather,1,0,1
3333,8990.0,2.7,7.0,2024-03-03,2024-03-10,2024-03-13,Sea,665,39,3608.44,140729.16,Clear,Central,Yes,95.6,DHL,Weather,0,1,0
3334,6228.0,4.3,3.0,2024-07-29,2024-08-01,2024-07-31,Road,790,45,4571.89,205735.05,Storm,South,No,88.6,EcomExpress,,1,0,1
3335,9878.0,4.7,4.0,2024-01-31,2024-02-04,2024-02-07,Sea,1465,92,791.4,72808.8,Rainy,East,Yes,72.1,DHL,,0,0,1
3336,4162.0,3.2,8.0,2024-03-31,2024-04-08,2024-04-07,Road,511,33,2020.86,66688.38,Cloudy,Central,Yes,88.0,DHL,,1,1,1
3337,8663.0,2.7,10.0,2024-06-09,2024-06-19,2024-06-22,Road,13,19,242.09,4599.71,Rainy,West,Yes,81.3,Delhivery,Customs,0,1,0
3338,4776.0,3.9,3.0,2024-02-15,2024-02-18,2024-02-23,Road,1243,92,694.76,63917.92,Storm,North,No,87.2,Delhivery,Traffic,0,0,1
3339,6141.0,4.4,10.0,2024-11-26,2024-12-06,2024-12-08,Sea,636,93,3143.34,292330.62,Storm,West,No,77.2,FedEx,Traffic,0,0,1
3340,7752.0,3.4,7.0,2024-08-24,2024-08-31,2024-09-02,Air,220,65,1054.41,68536.65,Cloudy,North,Yes,78.4,DHL,Weather,0,1,0
3341,8220.0,3.8,9.0,2024-09-14,2024-09-23,2024-09-23,Sea,1409,41,1575.32,64588.12,Clear,West,Yes,75.9,Delhivery,Weather,1,1,1
3342,3702.0,4.1,2.0,2024-07-23,2024-07-25,2024-07-24,Air,503,65,3146.5,204522.5,Rainy,South,No,71.0,Delhivery,Customs,1,0,1
3343,4998.0,2.9,2.0,2024-04-12,2024-04-14,2024-04-19,Sea,1231,77,1350.77,104009.29,Clear,North,No,87.4,BlueDart,Traffic,0,0,1
3344,6926.0,3.6,8.0,2024-07-08,2024-07-16,2024-07-16,Air,1018,45,1985.52,89348.4,Rainy,North,No,72.8,BlueDart,Traffic,1,0,1
3345,5486.0,4.7,10.0,2024-09-15,2024-09-25,2024-09-27,Air,525,32,2207.02,70624.64,Clear,South,Yes,72.4,Delhivery,Weather,0,1,0
3346,9028.0,4.5,2.0,2024-08-20,2024-08-22,2024-08-24,Road,769,92,733.7,67500.4,Clear,North,Yes,90.9,FedEx,Customs,0,0,1
3347,7681.0,2.6,9.0,2024-07-08,2024-07-17,2024-07-19,Road,248,90,2962.08,266587.2,Cloudy,Central,Yes,71.3,BlueDart,Operational,0,0,1
3348,4725.0,3.5,3.0,2024-01-04,2024-01-07,2024-01-12,Sea,444,81,1334.83,108121.23,Rainy,Central,Yes,94.5,BlueDart,Customs,0,0,1
3349,7969.0,3.2,5.0,2024-08-06,2024-08-11,2024-08-15,Air,1157,27,909.82,24565.14,Clear,South,No,86.2,Delhivery,Weather,0,0,1
3350,7365.0,4.5,10.0,2024-09-29,2024-10-09,2024-10-09,Road,1417,2,974.44,1948.88,Rainy,East,Yes,89.2,Delhivery,Customs,1,1,1
3351,3265.0,3.8,9.0,2024-09-24,2024-10-03,2024-10-02,Sea,921,90,3835.8,345222.0,Rainy,South,No,78.3,EcomExpress,,1,0,1
3352,2476.0,3.2,10.0,2024-03-24,2024-04-03,2024-04-06,Sea,1460,47,104.77,4924.19,Clear,Central,No,77.1,Delhivery,Customs,0,1,0
3353,9376.0,2.8,5.0,2024-09-18,2024-09-23,2024-09-23,Road,797,81,4598.46,372475.26,Storm,South,No,96.7,BlueDart,Operational,1,0,1
3354,5699.0,3.7,4.0,2024-01-15,2024-01-19,2024-01-23,Road,500,80,467.69,37415.2,Storm,North,No,79.7,DHL,,0,0,1
3355,6991.0,2.8,8.0,2024-03-06,2024-03-14,2024-03-19,Sea,635,11,3428.77,37716.47,Storm,Central,No,75.1,EcomExpress,Traffic,0,0,1
3356,6420.0,3.5,5.0,2024-05-25,2024-05-30,2024-06-04,Sea,396,22,2360.57,51932.54,Rainy,North,Yes,77.7,Delhivery,Traffic,0,1,0
3357,5061.0,4.4,9.0,2024-08-20,2024-08-29,2024-09-03,Air,11,96,4002.56,384245.76,Storm,North,No,93.3,Delhivery,Operational,0,0,1
3358,7619.0,2.9,4.0,2024-04-23,2024-04-27,2024-04-26,Road,783,11,4151.62,45667.82,Storm,South,Yes,98.5,Delhivery,Operational,1,0,1
3359,7270.0,3.6,8.0,2024-01-07,2024-01-15,2024-01-20,Sea,595,83,864.25,71732.75,Cloudy,Central,No,79.3,FedEx,Customs,0,1,0
3360,2380.0,4.2,7.0,2024-01-22,2024-01-29,2024-01-29,Road,1365,24,2942.61,70622.64,Cloudy,North,Yes,97.3,EcomExpress,,1,0,1
3361,7411.0,3.2,7.0,2024-11-10,2024-11-17,2024-11-17,Road,349,52,3838.87,199621.24,Clear,South,Yes,77.8,BlueDart,Weather,1,1,1
3362,1907.0,3.8,4.0,2024-11-05,2024-11-09,2024-11-09,Sea,1200,50,4627.58,231379.0,Clear,East,Yes,78.0,Delhivery,Operational,1,0,1
3363,4139.0,3.4,5.0,2024-03-12,2024-03-17,2024-03-22,Sea,715,99,3967.08,392740.92,Clear,East,Yes,78.5,EcomExpress,Weather,0,0,1
3364,7885.0,2.7,9.0,2024-02-02,2024-02-11,2024-02-14,Road,1402,44,4218.7,185622.8,Clear,West,No,85.4,Delhivery,Customs,0,0,1
3365,3834.0,4.5,10.0,2024-10-20,2024-10-30,2024-11-02,Sea,741,60,4497.79,269867.4,Clear,South,Yes,70.4,DHL,Weather,0,1,0
3366,6087.0,4.9,3.0,2024-03-17,2024-03-20,2024-03-21,Road,259,75,3652.66,273949.5,Clear,South,No,76.2,DHL,,0,1,0
3367,8099.0,2.7,9.0,2024-03-21,2024-03-30,2024-03-29,Sea,690,13,4830.77,62800.01,Storm,Central,Yes,71.1,BlueDart,Traffic,1,0,1
3368,2785.0,3.9,9.0,2024-06-18,2024-06-27,2024-06-28,Sea,131,4,4130.91,16523.64,Rainy,South,No,71.6,BlueDart,Operational,0,0,1
3369,5280.0,4.9,8.0,2024-10-17,2024-10-25,2024-10-29,Road,1217,84,3285.83,276009.72,Clear,East,Yes,72.7,Delhivery,Operational,0,0,1
3370,5930.0,4.0,8.0,2024-06-29,2024-07-07,2024-07-12,Air,778,54,3955.69,213607.26,Clear,Central,No,80.4,FedEx,Weather,0,1,0
3371,3585.0,2.6,8.0,2024-02-21,2024-02-29,2024-03-03,Air,84,55,1023.62,56299.1,Cloudy,East,Yes,70.5,DHL,Customs,0,0,1
3372,9319.0,4.5,7.0,2024-06-27,2024-07-04,2024-07-06,Road,888,67,727.95,48772.65,Cloudy,South,Yes,93.7,EcomExpress,Operational,0,0,1
3373,5919.0,4.3,2.0,2024-04-16,2024-04-18,2024-04-22,Sea,582,82,4737.77,388497.14,Storm,Central,No,71.7,DHL,,0,0,1
3374,4001.0,2.8,6.0,2024-02-11,2024-02-17,2024-02-19,Road,937,16,3131.99,50111.84,Rainy,North,No,82.9,BlueDart,Traffic,0,1,0
3375,7274.0,3.6,2.0,2024-07-16,2024-07-18,2024-07-22,Sea,880,29,130.94,3797.26,Cloudy,South,Yes,73.4,FedEx,Operational,0,0,1
3376,8239.0,4.8,7.0,2024-09-21,2024-09-28,2024-09-28,Sea,123,10,204.45,2044.5,Cloudy,South,Yes,73.4,FedEx,Operational,1,1,1
3377,6131.0,4.6,10.0,2024-04-12,2024-04-22,2024-04-23,Air,1215,10,164.55,1645.5,Rainy,South,Yes,92.7,Delhivery,Traffic,0,0,1
3378,7747.0,4.0,4.0,2024-08-13,2024-08-17,2024-08-18,Air,229,5,4528.13,22640.65,Clear,Central,No,77.7,Delhivery,,0,0,1
3379,4518.0,3.1,10.0,2024-04-20,2024-04-30,2024-05-05,Sea,846,11,4373.32,48106.52,Rainy,Central,No,71.2,DHL,Traffic,0,1,0
3380,2370.0,4.4,3.0,2024-01-29,2024-02-01,2024-02-03,Sea,252,92,3747.07,344730.44,Storm,West,No,70.6,EcomExpress,Customs,0,0,1
3381,7350.0,4.4,8.0,2024-04-18,2024-04-26,2024-04-30,Road,86,73,1467.84,107152.32,Cloudy,South,Yes,89.6,EcomExpress,Operational,0,0,1
3382,2975.0,4.3,10.0,2024-04-08,2024-04-18,2024-04-23,Road,1263,5,2828.76,14143.8,Cloudy,South,Yes,94.7,EcomExpress,Traffic,0,0,1
3383,3166.0,2.6,5.0,2024-08-06,2024-08-11,2024-08-16,Sea,1252,45,3580.65,161129.25,Rainy,Central,No,88.6,DHL,,0,0,1
3384,3711.0,3.3,7.0,2024-07-02,2024-07-09,2024-07-09,Road,58,14,634.04,8876.56,Rainy,South,No,89.8,Delhivery,Traffic,1,0,1
3385,4387.0,3.1,5.0,2024-11-11,2024-11-16,2024-11-19,Air,1069,25,858.81,21470.25,Rainy,Central,Yes,100.0,EcomExpress,,0,0,1
3386,9247.0,4.9,9.0,2024-10-17,2024-10-26,2024-10-26,Road,1443,72,419.04,30170.88,Clear,Central,Yes,77.8,DHL,Weather,1,0,1
3387,7958.0,3.7,5.0,2024-11-26,2024-12-01,2024-12-02,Sea,154,56,3495.02,195721.12,Rainy,South,Yes,76.3,EcomExpress,Operational,0,0,1
3388,8917.0,3.6,2.0,2024-01-22,2024-01-24,2024-01-28,Sea,1059,49,3248.61,159181.89,Cloudy,East,Yes,94.3,Delhivery,Traffic,0,0,1
3389,8133.0,3.8,2.0,2024-07-28,2024-07-30,2024-07-29,Air,1332,81,4862.5,393862.5,Rainy,East,No,71.6,Delhivery,Customs,1,1,1
3390,4873.0,3.2,2.0,2024-09-20,2024-09-22,2024-09-23,Road,739,96,2955.7,283747.2,Storm,Central,No,99.8,BlueDart,Customs,0,0,1
3391,2828.0,4.7,10.0,2024-01-10,2024-01-20,2024-01-24,Sea,164,91,1476.63,134373.33,Clear,North,No,73.5,FedEx,Operational,0,0,1
3392,8729.0,3.0,10.0,2024-01-17,2024-01-27,2024-01-26,Air,977,14,1337.21,18720.94,Storm,East,No,96.3,Delhivery,Traffic,1,0,1
3393,1952.0,4.8,7.0,2024-02-20,2024-02-27,2024-02-26,Sea,542,69,1042.51,71933.19,Rainy,South,Yes,79.1,EcomExpress,,1,0,1
3394,8291.0,3.0,5.0,2024-01-09,2024-01-14,2024-01-13,Road,1008,30,3178.08,95342.4,Rainy,South,No,99.2,EcomExpress,,1,0,1
3395,3558.0,3.8,5.0,2024-04-24,2024-04-29,2024-04-30,Sea,307,60,2490.28,149416.8,Rainy,South,Yes,95.7,EcomExpress,Weather,0,0,1
3396,5184.0,3.6,4.0,2024-06-18,2024-06-22,2024-06-25,Sea,870,45,598.06,26912.7,Storm,West,Yes,90.9,DHL,Customs,0,0,1
3397,1254.0,3.0,8.0,2024-09-23,2024-10-01,2024-10-04,Road,960,64,140.8,9011.2,Rainy,West,Yes,82.6,EcomExpress,Customs,0,0,1
3398,9478.0,4.1,2.0,2024-02-18,2024-02-20,2024-02-23,Sea,654,39,1224.54,47757.06,Storm,East,No,92.0,BlueDart,Traffic,0,1,0
3399,5023.0,4.3,6.0,2024-02-19,2024-02-25,2024-02-28,Air,370,70,558.05,39063.5,Rainy,East,Yes,97.5,BlueDart,Traffic,0,0,1
3400,8492.0,3.7,4.0,2024-04-03,2024-04-07,2024-04-07,Air,119,47,3935.54,184970.38,Cloudy,South,Yes,71.7,BlueDart,Traffic,1,0,1
3401,5647.0,4.4,7.0,2024-05-06,2024-05-13,2024-05-12,Sea,1032,59,2570.72,151672.48,Rainy,Central,No,87.4,BlueDart,Operational,1,0,1
3402,2902.0,3.2,6.0,2024-07-21,2024-07-27,2024-07-30,Sea,436,60,4703.88,282232.8,Cloudy,South,No,73.2,Delhivery,Weather,0,1,0
3403,6783.0,4.6,8.0,2024-10-26,2024-11-03,2024-11-04,Air,78,73,4238.91,309440.43,Storm,West,Yes,85.8,EcomExpress,,0,1,0
3404,8265.0,2.9,10.0,2024-04-09,2024-04-19,2024-04-21,Sea,953,99,2863.21,283457.79,Storm,East,Yes,99.8,Delhivery,,0,0,1
3405,8669.0,3.2,4.0,2024-04-16,2024-04-20,2024-04-22,Air,1205,32,2287.17,73189.44,Cloudy,North,No,98.5,DHL,Traffic,0,0,1
3406,2106.0,3.8,5.0,2024-04-01,2024-04-06,2024-04-07,Sea,896,97,3556.58,344988.26,Clear,North,Yes,95.0,BlueDart,Customs,0,0,1
3407,7307.0,3.7,4.0,2024-05-24,2024-05-28,2024-05-30,Air,853,66,2299.0,151734.0,Cloudy,West,Yes,71.2,EcomExpress,Customs,0,0,1
3408,8911.0,2.9,3.0,2024-11-05,2024-11-08,2024-11-07,Road,577,40,1368.23,54729.2,Rainy,North,No,73.6,Delhivery,,1,0,1
3409,7791.0,3.9,3.0,2024-09-03,2024-09-06,2024-09-11,Air,690,95,837.45,79557.75,Clear,Central,No,98.5,FedEx,Customs,0,0,1
3410,5955.0,4.0,8.0,2024-04-08,2024-04-16,2024-04-18,Air,551,14,3574.59,50044.26,Storm,South,Yes,84.0,Delhivery,Operational,0,0,1
3411,1464.0,2.9,6.0,2024-08-12,2024-08-18,2024-08-21,Sea,871,64,3652.04,233730.56,Rainy,East,No,100.0,FedEx,Operational,0,0,1
3412,2358.0,2.6,9.0,2024-01-20,2024-01-29,2024-02-03,Sea,844,84,2600.39,218432.76,Storm,West,No,98.1,Delhivery,Traffic,0,1,0
3413,3923.0,3.8,2.0,2024-10-19,2024-10-21,2024-10-21,Air,1059,89,3869.39,344375.71,Clear,West,No,84.7,BlueDart,,1,1,1
3414,1201.0,3.5,3.0,2024-10-06,2024-10-09,2024-10-09,Road,991,78,3332.34,259922.52,Clear,East,No,86.8,Delhivery,Weather,1,1,1
3415,7689.0,3.6,10.0,2024-02-28,2024-03-09,2024-03-12,Road,1372,31,1360.06,42161.86,Cloudy,Central,Yes,95.5,EcomExpress,,0,0,1
3416,8483.0,3.2,9.0,2024-02-02,2024-02-11,2024-02-16,Sea,862,74,3569.52,264144.48,Storm,North,No,89.3,BlueDart,Traffic,0,0,1
3417,1532.0,4.1,2.0,2024-05-12,2024-05-14,2024-05-16,Sea,999,40,1838.51,73540.4,Storm,South,Yes,92.0,FedEx,Operational,0,1,0
3418,5521.0,4.0,3.0,2024-11-04,2024-11-07,2024-11-12,Air,1033,95,4596.96,436711.2,Clear,East,No,86.0,Delhivery,Traffic,0,0,1
3419,3675.0,3.1,2.0,2024-02-25,2024-02-27,2024-03-01,Sea,616,76,1791.87,136182.12,Cloudy,East,Yes,89.0,EcomExpress,Customs,0,1,0
3420,4201.0,4.3,2.0,2024-07-10,2024-07-12,2024-07-15,Sea,200,40,4200.77,168030.8,Clear,South,Yes,84.6,BlueDart,Operational,0,0,1
3421,1161.0,4.0,8.0,2024-09-09,2024-09-17,2024-09-21,Air,306,94,481.57,45267.58,Rainy,South,No,79.2,Delhivery,,0,0,1
3422,9626.0,4.2,9.0,2024-04-15,2024-04-24,2024-04-27,Sea,554,60,4075.43,244525.8,Cloudy,East,Yes,79.2,DHL,Weather,0,0,1
3423,9142.0,4.1,5.0,2024-05-22,2024-05-27,2024-05-26,Air,1191,63,2818.87,177588.81,Clear,West,No,96.9,Delhivery,Traffic,1,0,1
3424,6664.0,4.4,4.0,2024-01-08,2024-01-12,2024-01-12,Sea,611,61,3483.87,212516.07,Rainy,North,Yes,94.3,DHL,,1,0,1
3425,4793.0,3.9,4.0,2024-06-22,2024-06-26,2024-06-28,Road,202,46,3398.69,156339.74,Rainy,Central,Yes,94.2,EcomExpress,Operational,0,1,0
3426,2537.0,3.1,4.0,2024-02-24,2024-02-28,2024-03-01,Air,1235,92,679.03,62470.76,Cloudy,North,No,94.8,FedEx,Weather,0,1,0
3427,6717.0,2.8,7.0,2024-02-14,2024-02-21,2024-02-22,Sea,402,23,1329.02,30567.46,Cloudy,North,No,87.3,FedEx,Operational,0,0,1
3428,5363.0,2.7,4.0,2024-01-14,2024-01-18,2024-01-20,Road,282,29,3608.4,104643.6,Storm,South,No,97.0,FedEx,,0,1,0
3429,4773.0,3.2,8.0,2024-08-07,2024-08-15,2024-08-17,Sea,381,89,2857.68,254333.52,Cloudy,West,Yes,78.0,Delhivery,Operational,0,0,1
3430,3080.0,4.8,2.0,2024-07-01,2024-07-03,2024-07-03,Air,49,55,4837.83,266080.65,Cloudy,East,Yes,91.2,EcomExpress,Operational,1,0,1
3431,8476.0,4.3,4.0,2024-09-17,2024-09-21,2024-09-26,Air,476,59,2975.1,175530.9,Clear,South,No,94.4,Delhivery,Operational,0,0,1
3432,7817.0,3.0,5.0,2024-09-17,2024-09-22,2024-09-24,Air,639,85,2613.39,222138.15,Cloudy,South,Yes,86.5,Delhivery,Traffic,0,0,1
3433,6191.0,4.5,6.0,2024-04-25,2024-05-01,2024-05-04,Road,542,40,2455.14,98205.6,Rainy,Central,Yes,90.0,DHL,Operational,0,0,1
3434,6604.0,3.8,10.0,2024-11-08,2024-11-18,2024-11-17,Sea,954,67,2667.66,178733.22,Storm,South,No,79.2,Delhivery,Weather,1,0,1
3435,8320.0,2.8,9.0,2024-11-15,2024-11-24,2024-11-29,Road,292,70,1411.14,98779.8,Storm,South,No,73.4,FedEx,,0,0,1
3436,3909.0,4.5,10.0,2024-10-18,2024-10-28,2024-10-28,Road,1298,57,952.37,54285.09,Clear,West,Yes,87.1,Delhivery,Weather,1,0,1
3437,6042.0,4.4,9.0,2024-04-18,2024-04-27,2024-04-26,Sea,983,60,3234.8,194088.0,Clear,South,No,90.2,FedEx,Traffic,1,0,1
3438,9333.0,3.0,4.0,2024-08-31,2024-09-04,2024-09-05,Sea,705,68,2080.54,141476.72,Clear,North,No,87.4,Delhivery,,0,1,0
3439,7028.0,2.9,7.0,2024-10-09,2024-10-16,2024-10-18,Road,799,87,471.77,41043.99,Storm,West,No,84.6,DHL,Operational,0,0,1
3440,3392.0,4.3,6.0,2024-03-27,2024-04-02,2024-04-01,Road,125,62,1225.03,75951.86,Rainy,Central,Yes,96.9,DHL,Customs,1,0,1
3441,3082.0,4.3,7.0,2024-09-07,2024-09-14,2024-09-17,Sea,1265,71,874.98,62123.58,Rainy,Central,Yes,98.8,Delhivery,Weather,0,1,0
3442,5921.0,4.3,8.0,2024-09-08,2024-09-16,2024-09-19,Road,855,52,4622.07,240347.64,Rainy,South,Yes,96.2,Delhivery,Weather,0,1,0
3443,9006.0,2.8,6.0,2024-06-20,2024-06-26,2024-06-30,Road,206,24,2245.31,53887.44,Clear,East,Yes,76.7,DHL,Weather,0,0,1
3444,7385.0,3.9,4.0,2024-01-10,2024-01-14,2024-01-13,Road,1127,23,1342.72,30882.56,Storm,South,Yes,70.3,EcomExpress,Traffic,1,0,1
3445,4380.0,3.2,3.0,2024-10-31,2024-11-03,2024-11-04,Air,843,40,2863.86,114554.4,Cloudy,North,No,78.9,BlueDart,Traffic,0,0,1
3446,5024.0,4.1,4.0,2024-04-01,2024-04-05,2024-04-08,Air,1500,70,3449.86,241490.2,Rainy,Central,Yes,85.0,BlueDart,Operational,0,0,1
3447,8337.0,3.7,10.0,2024-04-01,2024-04-11,2024-04-14,Road,447,46,3590.81,165177.26,Rainy,South,No,77.5,Delhivery,Operational,0,0,1
3448,9488.0,3.6,10.0,2024-06-12,2024-06-22,2024-06-27,Sea,395,72,2321.29,167132.88,Cloudy,Central,No,73.6,FedEx,,0,0,1
3449,4301.0,4.1,8.0,2024-06-22,2024-06-30,2024-06-29,Sea,1212,89,3730.21,331988.69,Rainy,North,No,74.1,DHL,Operational,1,1,1
3450,5329.0,3.1,7.0,2024-04-02,2024-04-09,2024-04-14,Air,904,34,4052.63,137789.42,Clear,East,No,89.6,BlueDart,Traffic,0,0,1
3451,5403.0,3.5,10.0,2024-08-19,2024-08-29,2024-08-31,Sea,982,91,3904.11,355274.01,Clear,North,No,77.3,EcomExpress,,0,0,1
3452,3354.0,2.7,2.0,2024-04-23,2024-04-25,2024-04-24,Sea,964,36,3319.06,119486.16,Cloudy,Central,No,86.1,Delhivery,Operational,1,0,1
3453,4860.0,4.0,7.0,2024-01-02,2024-01-09,2024-01-11,Sea,1237,80,3860.08,308806.4,Cloudy,West,No,87.9,Delhivery,Traffic,0,0,1
3454,4237.0,4.4,5.0,2024-06-26,2024-07-01,2024-07-03,Road,704,8,2643.79,21150.32,Rainy,South,No,97.5,FedEx,,0,0,1
3455,7406.0,3.0,7.0,2024-04-18,2024-04-25,2024-04-28,Sea,951,57,2824.44,160993.08,Cloudy,West,Yes,77.5,BlueDart,Traffic,0,0,1
3456,8517.0,4.3,9.0,2024-10-07,2024-10-16,2024-10-15,Sea,229,62,773.61,47963.82,Storm,North,Yes,80.6,DHL,Operational,1,0,1
3457,9155.0,4.3,2.0,2024-11-08,2024-11-10,2024-11-11,Sea,1272,100,3191.17,319117.0,Cloudy,East,No,90.8,BlueDart,Weather,0,0,1
3458,3649.0,4.0,9.0,2024-06-22,2024-07-01,2024-07-02,Air,455,9,2744.74,24702.66,Cloudy,North,No,70.7,Delhivery,Traffic,0,1,0
3459,3898.0,3.6,10.0,2024-04-01,2024-04-11,2024-04-12,Road,85,49,2286.46,112036.54,Cloudy,North,No,80.1,FedEx,Weather,0,0,1
3460,3536.0,4.6,8.0,2024-09-30,2024-10-08,2024-10-13,Air,764,39,3757.87,146556.93,Clear,East,Yes,90.6,EcomExpress,Operational,0,0,1
3461,2294.0,4.3,5.0,2024-04-28,2024-05-03,2024-05-08,Sea,269,16,2865.28,45844.48,Rainy,East,Yes,77.9,EcomExpress,Operational,0,1,0
3462,5452.0,2.8,6.0,2024-07-15,2024-07-21,2024-07-21,Road,1106,83,2134.01,177122.83,Storm,Central,No,90.6,DHL,Traffic,1,0,1
3463,3497.0,3.8,6.0,2024-02-03,2024-02-09,2024-02-11,Road,947,33,2225.26,73433.58,Cloudy,Central,Yes,85.1,FedEx,Weather,0,1,0
3464,1067.0,2.7,7.0,2024-07-15,2024-07-22,2024-07-21,Road,1103,36,2623.42,94443.12,Rainy,East,No,89.6,DHL,Traffic,1,0,1
3465,1868.0,3.4,4.0,2024-11-04,2024-11-08,2024-11-09,Sea,1405,75,714.2,53565.0,Rainy,West,Yes,89.7,EcomExpress,Weather,0,0,1
3466,7875.0,2.8,4.0,2024-10-26,2024-10-30,2024-10-29,Air,1454,90,3751.94,337674.6,Clear,North,No,86.4,Delhivery,Customs,1,1,1
3467,8989.0,3.6,8.0,2024-07-19,2024-07-27,2024-07-26,Sea,92,87,1701.32,148014.84,Rainy,North,Yes,88.9,BlueDart,Weather,1,0,1
3468,8474.0,4.8,6.0,2024-07-08,2024-07-14,2024-07-16,Road,1380,25,202.47,5061.75,Storm,East,Yes,84.5,FedEx,Customs,0,0,1
3469,3201.0,4.7,6.0,2024-07-27,2024-08-02,2024-08-04,Road,784,70,956.7,66969.0,Storm,East,Yes,87.3,FedEx,Customs,0,1,0
3470,2028.0,4.2,4.0,2024-08-24,2024-08-28,2024-08-31,Sea,634,90,833.41,75006.9,Cloudy,Central,No,81.1,FedEx,Weather,0,1,0
3471,5492.0,2.8,10.0,2024-06-29,2024-07-09,2024-07-14,Sea,949,69,4128.17,284843.73,Cloudy,South,No,96.4,FedEx,,0,1,0
3472,4337.0,2.9,6.0,2024-02-07,2024-02-13,2024-02-12,Sea,837,94,1931.15,181528.1,Rainy,West,No,73.9,BlueDart,Weather,1,0,1
3473,1818.0,3.7,6.0,2024-05-25,2024-05-31,2024-06-02,Road,1054,82,3496.74,286732.68,Storm,East,Yes,84.8,DHL,,0,1,0
3474,6036.0,4.9,5.0,2024-04-26,2024-05-01,2024-05-03,Road,1006,68,4744.85,322649.8,Cloudy,East,Yes,83.9,BlueDart,Operational,0,0,1
3475,8986.0,3.2,9.0,2024-04-07,2024-04-16,2024-04-18,Road,807,83,4295.07,356490.81,Rainy,West,Yes,87.4,EcomExpress,Customs,0,1,0
3476,5827.0,3.8,3.0,2024-05-06,2024-05-09,2024-05-14,Road,997,51,287.41,14657.91,Clear,North,Yes,83.0,BlueDart,Operational,0,0,1
3477,2100.0,2.7,8.0,2024-01-06,2024-01-14,2024-01-16,Sea,83,4,3464.47,13857.88,Clear,Central,Yes,84.6,BlueDart,Weather,0,1,0
3478,9126.0,3.0,8.0,2024-07-19,2024-07-27,2024-07-27,Sea,123,17,175.03,2975.51,Cloudy,West,Yes,75.7,Delhivery,Traffic,1,0,1
3479,9532.0,4.5,2.0,2024-10-21,2024-10-23,2024-10-22,Road,850,93,4389.9,408260.7,Rainy,East,Yes,70.6,EcomExpress,Operational,1,0,1
3480,7496.0,2.9,8.0,2024-06-14,2024-06-22,2024-06-27,Air,1334,42,3861.67,162190.14,Clear,North,Yes,86.3,Delhivery,Operational,0,0,1
3481,5204.0,4.0,9.0,2024-03-24,2024-04-02,2024-04-01,Road,19,46,2237.09,102906.14,Rainy,West,No,96.6,Delhivery,Customs,1,1,1
3482,2278.0,4.1,8.0,2024-08-18,2024-08-26,2024-08-25,Air,1086,64,2943.15,188361.6,Cloudy,South,No,84.9,BlueDart,Weather,1,1,1
3483,4937.0,4.1,4.0,2024-09-16,2024-09-20,2024-09-25,Air,360,26,2916.37,75825.62,Rainy,Central,Yes,97.7,FedEx,Traffic,0,0,1
3484,5871.0,3.6,2.0,2024-08-12,2024-08-14,2024-08-17,Road,324,6,4896.52,29379.12,Cloudy,South,Yes,91.3,DHL,Traffic,0,0,1
3485,5788.0,5.0,4.0,2024-04-04,2024-04-08,2024-04-13,Road,1069,61,148.45,9055.45,Clear,Central,No,70.1,BlueDart,Weather,0,0,1
3486,4377.0,4.7,6.0,2024-06-20,2024-06-26,2024-07-01,Road,1322,19,4946.73,93987.87,Rainy,North,No,99.7,Delhivery,,0,0,1
3487,7779.0,4.4,4.0,2024-07-30,2024-08-03,2024-08-02,Road,472,77,4131.93,318158.61,Storm,East,No,79.6,BlueDart,,1,0,1
3488,7841.0,3.0,7.0,2024-04-24,2024-05-01,2024-05-03,Road,347,43,782.13,33631.59,Cloudy,North,No,90.3,FedEx,Operational,0,0,1
3489,2642.0,3.7,10.0,2024-06-17,2024-06-27,2024-06-27,Air,238,36,3422.04,123193.44,Cloudy,East,Yes,97.9,EcomExpress,Customs,1,0,1
3490,2938.0,4.8,3.0,2024-11-10,2024-11-13,2024-11-16,Sea,88,61,699.11,42645.71,Storm,East,No,77.8,Delhivery,Customs,0,1,0
3491,3704.0,2.7,9.0,2024-10-08,2024-10-17,2024-10-17,Road,1303,15,1306.81,19602.15,Clear,East,Yes,92.8,FedEx,Operational,1,0,1
3492,9523.0,3.8,7.0,2024-11-02,2024-11-09,2024-11-12,Air,1016,24,4458.8,107011.2,Rainy,West,No,71.6,Delhivery,Customs,0,1,0
3493,1309.0,4.4,5.0,2024-09-30,2024-10-05,2024-10-08,Road,259,36,4281.81,154145.16,Rainy,South,No,90.2,DHL,Customs,0,0,1
3494,1252.0,3.7,3.0,2024-01-11,2024-01-14,2024-01-19,Air,19,64,1723.9,110329.6,Rainy,East,Yes,87.1,BlueDart,Traffic,0,0,1
3495,1804.0,3.9,9.0,2024-03-24,2024-04-02,2024-04-05,Sea,523,23,4590.64,105584.72,Storm,East,Yes,97.0,EcomExpress,Operational,0,1,0
3496,7358.0,3.5,9.0,2024-11-03,2024-11-12,2024-11-14,Air,472,28,4728.75,132405.0,Clear,North,No,93.3,Delhivery,Operational,0,1,0
3497,9871.0,3.5,7.0,2024-10-24,2024-10-31,2024-11-04,Sea,165,42,4386.38,184227.96,Rainy,East,Yes,77.4,EcomExpress,Operational,0,0,1
3498,2380.0,3.2,5.0,2024-02-03,2024-02-08,2024-02-13,Air,98,18,2531.36,45564.48,Clear,Central,Yes,70.6,EcomExpress,,0,1,0
3499,2110.0,3.6,6.0,2024-09-17,2024-09-23,2024-09-27,Road,579,97,4921.7,477404.9,Storm,East,No,73.9,Delhivery,Customs,0,0,1
3500,9444.0,2.7,9.0,2024-06-18,2024-06-27,2024-07-02,Air,1444,44,1938.98,85315.12,Rainy,West,No,70.1,BlueDart,Operational,0,0,1
3501,5160.0,4.7,5.0,2024-09-03,2024-09-08,2024-09-13,Road,381,72,1354.23,97504.56,Cloudy,Central,Yes,97.0,FedEx,Traffic,0,0,1
3502,1385.0,4.9,4.0,2024-05-02,2024-05-06,2024-05-10,Sea,1386,16,3744.41,59910.56,Rainy,South,Yes,77.4,FedEx,Weather,0,0,1
3503,7047.0,4.3,4.0,2024-07-01,2024-07-05,2024-07-09,Sea,323,89,2131.63,189715.07,Rainy,North,Yes,88.1,Delhivery,Customs,0,0,1
3504,7964.0,4.7,7.0,2024-04-02,2024-04-09,2024-04-09,Road,1372,40,2341.87,93674.8,Cloudy,Central,No,89.4,DHL,Weather,1,0,1
3505,4095.0,3.4,8.0,2024-03-08,2024-03-16,2024-03-19,Sea,1453,100,3774.0,377400.0,Clear,South,Yes,97.5,EcomExpress,,0,0,1
3506,7220.0,3.5,6.0,2024-10-09,2024-10-15,2024-10-19,Road,183,42,4850.04,203701.68,Clear,Central,No,93.3,BlueDart,Customs,0,0,1
3507,9847.0,4.9,2.0,2024-09-06,2024-09-08,2024-09-12,Sea,1495,84,3713.3,311917.2,Clear,North,No,75.7,DHL,Customs,0,0,1
3508,9132.0,3.0,2.0,2024-09-03,2024-09-05,2024-09-09,Sea,738,11,3385.28,37238.08,Cloudy,North,Yes,86.6,BlueDart,,0,0,1
3509,9817.0,4.0,3.0,2024-01-08,2024-01-11,2024-01-14,Air,419,95,4377.44,415856.8,Clear,Central,No,79.9,EcomExpress,Operational,0,0,1
3510,3295.0,2.6,8.0,2024-11-07,2024-11-15,2024-11-17,Road,673,37,3426.38,126776.06,Clear,East,No,87.2,Delhivery,,0,0,1
3511,5487.0,4.2,3.0,2024-01-01,2024-01-04,2024-01-07,Sea,1082,92,3431.26,315675.92,Storm,North,Yes,88.9,DHL,Traffic,0,0,1
3512,1568.0,3.1,4.0,2024-07-03,2024-07-07,2024-07-11,Sea,139,6,2902.98,17417.88,Cloudy,East,Yes,87.4,DHL,Traffic,0,0,1
3513,4957.0,4.2,9.0,2024-03-25,2024-04-03,2024-04-04,Road,1070,74,3910.36,289366.64,Clear,North,Yes,90.7,FedEx,Customs,0,0,1
3514,1430.0,4.9,3.0,2024-03-14,2024-03-17,2024-03-16,Sea,225,99,1945.36,192590.64,Cloudy,East,No,75.7,DHL,Weather,1,0,1
3515,8260.0,3.2,7.0,2024-04-03,2024-04-10,2024-04-09,Sea,136,8,2128.09,17024.72,Storm,North,Yes,98.3,BlueDart,Weather,1,0,1
3516,2762.0,2.9,6.0,2024-10-07,2024-10-13,2024-10-15,Road,624,54,4360.34,235458.36,Cloudy,East,Yes,98.5,EcomExpress,Operational,0,0,1
3517,1813.0,4.3,5.0,2024-06-01,2024-06-06,2024-06-11,Road,91,83,467.36,38790.88,Rainy,Central,No,88.6,Delhivery,Customs,0,1,0
3518,1986.0,3.0,10.0,2024-03-22,2024-04-01,2024-04-01,Sea,793,83,4275.33,354852.39,Rainy,Central,Yes,88.3,Delhivery,Customs,1,0,1
3519,2394.0,4.1,9.0,2024-03-03,2024-03-12,2024-03-14,Road,733,56,3759.08,210508.48,Storm,East,No,83.2,BlueDart,Weather,0,1,0
3520,1153.0,2.6,4.0,2024-11-06,2024-11-10,2024-11-13,Road,487,1,198.61,198.61,Clear,East,No,70.6,DHL,Weather,0,0,1
3521,6956.0,3.4,3.0,2024-01-30,2024-02-02,2024-02-04,Sea,193,57,1929.47,109979.79,Cloudy,South,Yes,80.2,FedEx,,0,0,1
3522,1757.0,4.1,2.0,2024-01-14,2024-01-16,2024-01-20,Sea,1146,1,1567.94,1567.94,Clear,Central,Yes,96.5,Delhivery,Traffic,0,1,0
3523,4338.0,2.7,7.0,2024-09-16,2024-09-23,2024-09-24,Air,1315,39,1104.94,43092.66,Storm,East,No,81.8,EcomExpress,,0,0,1
3524,2723.0,4.0,5.0,2024-01-09,2024-01-14,2024-01-17,Road,302,41,4323.8,177275.8,Storm,East,Yes,86.0,DHL,Customs,0,0,1
3525,3376.0,4.7,6.0,2024-08-31,2024-09-06,2024-09-08,Air,1159,34,1214.54,41294.36,Cloudy,West,Yes,90.7,EcomExpress,Operational,0,1,0
3526,3233.0,4.2,8.0,2024-02-14,2024-02-22,2024-02-22,Sea,278,54,1842.02,99469.08,Rainy,East,Yes,85.6,DHL,Traffic,1,0,1
3527,5473.0,4.9,10.0,2024-06-09,2024-06-19,2024-06-24,Sea,1215,51,441.26,22504.26,Rainy,East,No,99.9,BlueDart,Operational,0,1,0
3528,5197.0,4.8,3.0,2024-06-18,2024-06-21,2024-06-26,Road,513,34,1809.9,61536.6,Clear,East,No,74.1,Delhivery,Customs,0,0,1
3529,8242.0,3.0,10.0,2024-06-21,2024-07-01,2024-07-03,Sea,673,78,2046.45,159623.1,Rainy,North,Yes,71.8,DHL,Weather,0,0,1
3530,5083.0,4.5,9.0,2024-06-15,2024-06-24,2024-06-29,Sea,318,26,2180.11,56682.86,Clear,West,Yes,96.0,FedEx,Traffic,0,1,0
3531,9997.0,3.2,10.0,2024-07-24,2024-08-03,2024-08-06,Sea,944,86,4815.71,414151.06,Rainy,South,Yes,91.0,BlueDart,Traffic,0,0,1
3532,7604.0,3.4,2.0,2024-04-09,2024-04-11,2024-04-16,Air,1385,88,3658.62,321958.56,Clear,Central,No,91.4,EcomExpress,Customs,0,0,1
3533,9007.0,4.3,6.0,2024-02-21,2024-02-27,2024-02-27,Air,226,23,1470.42,33819.66,Storm,East,Yes,84.8,DHL,,1,0,1
3534,9640.0,4.9,2.0,2024-02-10,2024-02-12,2024-02-14,Air,794,98,1731.19,169656.62,Clear,North,Yes,86.4,DHL,,0,1,0
3535,7733.0,4.2,5.0,2024-03-19,2024-03-24,2024-03-24,Sea,1033,52,3257.61,169395.72,Rainy,West,Yes,71.4,FedEx,,1,0,1
3536,7185.0,3.3,7.0,2024-10-30,2024-11-06,2024-11-05,Sea,1435,73,194.74,14216.02,Storm,South,No,92.8,FedEx,Traffic,1,0,1
3537,2254.0,4.5,2.0,2024-02-02,2024-02-04,2024-02-08,Sea,701,83,3335.23,276824.09,Cloudy,Central,No,74.8,BlueDart,,0,0,1
3538,4003.0,3.9,6.0,2024-09-15,2024-09-21,2024-09-22,Air,336,49,3442.31,168673.19,Rainy,Central,Yes,91.3,FedEx,Customs,0,1,0
3539,5572.0,4.4,9.0,2024-11-11,2024-11-20,2024-11-21,Sea,138,30,3994.73,119841.9,Rainy,North,No,92.6,FedEx,,0,0,1
3540,7416.0,3.9,10.0,2024-07-24,2024-08-03,2024-08-03,Air,1041,34,258.24,8780.16,Clear,West,Yes,77.2,EcomExpress,Traffic,1,0,1
3541,3003.0,4.6,6.0,2024-05-19,2024-05-25,2024-05-24,Road,19,10,3412.78,34127.8,Clear,West,Yes,71.8,BlueDart,,1,1,1
3542,7449.0,3.4,5.0,2024-09-02,2024-09-07,2024-09-12,Sea,1139,11,2330.13,25631.43,Rainy,East,No,71.6,FedEx,Operational,0,0,1
3543,3547.0,2.7,9.0,2024-01-20,2024-01-29,2024-02-02,Air,1032,38,3693.85,140366.3,Rainy,Central,No,83.4,Delhivery,,0,1,0
3544,,3.3,,2024-02-23,2024-03-01,2024-03-02,Air,600,34,1741.9,,Storm,South,No,90.4,EcomExpress,Customs,0,0,1
3545,7764.0,3.6,3.0,2024-01-06,2024-01-09,2024-01-10,Road,1337,47,1391.62,65406.14,Cloudy,West,Yes,81.2,EcomExpress,Customs,0,1,0
3546,5245.0,3.7,10.0,2024-03-28,2024-04-07,2024-04-07,Sea,437,90,2947.21,265248.9,Storm,Central,Yes,92.9,EcomExpress,Traffic,1,0,1
3547,6279.0,3.3,8.0,2024-03-22,2024-03-30,2024-04-01,Road,1291,89,2042.31,181765.59,Storm,South,No,86.1,DHL,,0,0,1
3548,7194.0,2.9,6.0,2024-05-02,2024-05-08,2024-05-12,Air,763,81,143.05,11587.05,Cloudy,East,Yes,92.7,BlueDart,Traffic,0,0,1
3549,3754.0,2.7,2.0,2024-04-22,2024-04-24,2024-04-26,Sea,1292,13,3314.01,43082.13,Storm,Central,No,74.4,Delhivery,,0,0,1
3550,9087.0,3.7,7.0,2024-07-23,2024-07-30,2024-08-02,Air,1300,73,3324.8,242710.4,Storm,South,Yes,81.0,DHL,Customs,0,0,1
3551,7037.0,4.9,2.0,2024-09-10,2024-09-12,2024-09-12,Sea,967,50,2205.43,110271.5,Storm,North,Yes,79.8,DHL,Traffic,1,0,1
3552,8499.0,3.6,9.0,2024-01-07,2024-01-16,2024-01-15,Sea,1352,76,817.76,62149.76,Storm,Central,Yes,74.7,DHL,Customs,1,1,1
3553,4969.0,4.1,7.0,2024-10-29,2024-11-05,2024-11-09,Road,384,57,4891.31,278804.67,Rainy,Central,No,76.7,Delhivery,,0,0,1
3554,8227.0,4.5,4.0,2024-02-11,2024-02-15,2024-02-16,Air,76,96,2193.95,210619.2,Cloudy,Central,Yes,73.4,Delhivery,Weather,0,1,0
3555,6985.0,4.3,4.0,2024-01-19,2024-01-23,2024-01-28,Sea,165,91,2444.26,222427.66,Clear,West,Yes,76.9,Delhivery,Weather,0,0,1
3556,2077.0,2.7,10.0,2024-08-01,2024-08-11,2024-08-15,Air,624,90,1565.75,140917.5,Storm,North,Yes,80.5,Delhivery,,0,0,1
3557,8269.0,2.6,5.0,2024-03-08,2024-03-13,2024-03-17,Road,933,79,1390.39,109840.81,Rainy,Central,No,79.0,Delhivery,Operational,0,0,1
3558,2972.0,2.9,10.0,2024-05-16,2024-05-26,2024-05-26,Sea,593,1,2665.53,2665.53,Clear,North,No,96.7,Delhivery,Customs,1,0,1
3559,8895.0,3.7,3.0,2024-03-21,2024-03-24,2024-03-23,Air,373,95,2275.64,216185.8,Cloudy,West,No,92.9,DHL,Operational,1,0,1
3560,5842.0,4.7,10.0,2024-07-01,2024-07-11,2024-07-10,Sea,183,33,3727.45,123005.85,Cloudy,West,Yes,86.6,Delhivery,,1,0,1
3561,7025.0,2.7,2.0,2024-07-26,2024-07-28,2024-07-29,Sea,1439,53,4184.47,221776.91,Clear,South,No,93.7,BlueDart,,0,0,1
3562,3897.0,2.9,10.0,2024-08-25,2024-09-04,2024-09-08,Road,857,57,3983.89,227081.73,Clear,Central,No,72.1,EcomExpress,Weather,0,1,0
3563,9365.0,2.7,10.0,2024-06-07,2024-06-17,2024-06-21,Road,370,13,3194.99,41534.87,Clear,Central,No,94.4,Delhivery,Weather,0,0,1
3564,8508.0,3.2,2.0,2024-09-25,2024-09-27,2024-09-30,Road,986,43,1492.12,64161.16,Clear,East,No,88.3,BlueDart,Weather,0,0,1
3565,4804.0,4.8,2.0,2024-11-11,2024-11-13,2024-11-18,Air,521,39,437.08,17046.12,Clear,Central,No,89.1,BlueDart,,0,0,1
3566,7338.0,3.2,7.0,2024-03-26,2024-04-02,2024-04-02,Road,1359,32,2357.61,75443.52,Rainy,North,Yes,73.8,EcomExpress,Weather,1,0,1
3567,1098.0,3.9,10.0,2024-09-22,2024-10-02,2024-10-07,Sea,293,66,4121.56,272022.96,Rainy,South,No,95.3,BlueDart,Traffic,0,1,0
3568,4064.0,3.3,5.0,2024-06-20,2024-06-25,2024-06-27,Sea,858,65,3177.32,206525.8,Clear,Central,Yes,90.4,FedEx,Operational,0,0,1
3569,8122.0,3.6,2.0,2024-01-02,2024-01-04,2024-01-04,Road,180,24,2923.28,70158.72,Rainy,Central,Yes,82.7,DHL,Traffic,1,0,1
3570,3737.0,5.0,9.0,2024-05-29,2024-06-07,2024-06-06,Sea,972,48,4908.43,235604.64,Clear,West,Yes,84.9,BlueDart,Traffic,1,0,1
3571,6785.0,4.2,8.0,2024-01-24,2024-02-01,2024-01-31,Air,185,14,1005.35,14074.9,Clear,South,Yes,84.6,BlueDart,Customs,1,0,1
3572,7870.0,2.7,8.0,2024-04-19,2024-04-27,2024-05-01,Air,201,29,3029.43,87853.47,Storm,West,Yes,72.3,BlueDart,,0,0,1
3573,3242.0,3.0,7.0,2024-11-04,2024-11-11,2024-11-16,Sea,668,17,2430.91,41325.47,Clear,East,No,87.2,BlueDart,Traffic,0,0,1
3574,8288.0,3.6,2.0,2024-02-08,2024-02-10,2024-02-15,Air,219,44,2923.2,128620.8,Storm,East,Yes,82.8,EcomExpress,,0,0,1
3575,9622.0,4.7,9.0,2024-10-17,2024-10-26,2024-10-25,Road,400,63,4552.81,286827.03,Cloudy,South,No,85.8,EcomExpress,Traffic,1,0,1
3576,2862.0,4.7,2.0,2024-03-07,2024-03-09,2024-03-14,Road,55,49,2434.23,119277.27,Storm,East,Yes,79.0,EcomExpress,Traffic,0,0,1
3577,3613.0,4.2,6.0,2024-07-07,2024-07-13,2024-07-12,Road,83,36,2944.39,105998.04,Storm,East,Yes,74.0,EcomExpress,Customs,1,1,1
3578,5907.0,3.1,3.0,2024-04-08,2024-04-11,2024-04-15,Sea,239,41,252.7,10360.7,Rainy,West,No,95.9,Delhivery,Customs,0,0,1
3579,1308.0,2.8,3.0,2024-07-17,2024-07-20,2024-07-22,Road,470,72,1497.83,107843.76,Storm,East,No,83.7,DHL,Customs,0,0,1
3580,2921.0,3.5,3.0,2024-08-24,2024-08-27,2024-08-31,Road,663,61,4555.14,277863.54,Clear,East,No,73.5,BlueDart,Traffic,0,1,0
3581,1781.0,3.0,8.0,2024-10-14,2024-10-22,2024-10-22,Road,203,56,4979.46,278849.76,Clear,East,No,85.9,BlueDart,Customs,1,0,1
3582,6498.0,4.2,7.0,2024-09-08,2024-09-15,2024-09-17,Road,182,28,2623.44,73456.32,Clear,North,Yes,97.1,Delhivery,Operational,0,1,0
3583,3042.0,3.0,5.0,2024-06-22,2024-06-27,2024-06-30,Road,1471,72,798.09,57462.48,Rainy,North,Yes,97.9,FedEx,Customs,0,1,0
3584,7261.0,2.7,4.0,2024-11-05,2024-11-09,2024-11-11,Road,687,69,1500.57,103539.33,Storm,West,No,98.9,BlueDart,Weather,0,0,1
3585,3579.0,4.8,5.0,2024-11-06,2024-11-11,2024-11-12,Air,754,75,3950.11,296258.25,Rainy,East,Yes,76.0,EcomExpress,,0,0,1
3586,9140.0,4.7,10.0,2024-01-24,2024-02-03,2024-02-02,Road,1408,72,1948.97,140325.84,Cloudy,West,No,94.4,Delhivery,,1,0,1
3587,9814.0,4.2,5.0,2024-08-06,2024-08-11,2024-08-10,Road,1455,15,3639.14,54587.1,Clear,East,No,81.1,BlueDart,Customs,1,0,1
3588,7839.0,4.8,4.0,2024-06-29,2024-07-03,2024-07-04,Sea,489,32,3515.79,112505.28,Clear,South,Yes,78.8,BlueDart,Operational,0,1,0
3589,3017.0,3.8,3.0,2024-06-25,2024-06-28,2024-06-28,Air,1264,91,2179.63,198346.33,Storm,South,No,91.1,EcomExpress,Customs,1,0,1
3590,7565.0,4.6,7.0,2024-07-17,2024-07-24,2024-07-24,Sea,358,5,632.09,3160.45,Rainy,Central,Yes,83.4,EcomExpress,Weather,1,0,1
3591,4855.0,4.2,4.0,2024-09-01,2024-09-05,2024-09-09,Air,266,3,3070.96,9212.88,Storm,East,No,75.8,BlueDart,Customs,0,1,0
3592,5665.0,3.6,2.0,2024-07-13,2024-07-15,2024-07-20,Road,1323,16,2443.84,39101.44,Storm,East,No,76.6,Delhivery,,0,1,0
3593,1130.0,3.0,2.0,2024-03-13,2024-03-15,2024-03-18,Air,931,36,1150.05,41401.8,Storm,Central,No,84.8,Delhivery,Weather,0,0,1
3594,8094.0,3.1,8.0,2024-07-17,2024-07-25,2024-07-25,Air,639,93,4744.08,441199.44,Clear,East,Yes,94.4,BlueDart,Customs,1,0,1
3595,1591.0,3.9,8.0,2024-07-23,2024-07-31,2024-08-03,Sea,256,18,3190.12,57422.16,Cloudy,Central,No,73.7,FedEx,Traffic,0,0,1
3596,2788.0,4.0,5.0,2024-04-28,2024-05-03,2024-05-08,Road,267,16,1120.75,17932.0,Rainy,West,Yes,95.2,FedEx,,0,1,0
3597,1842.0,3.9,3.0,2024-02-25,2024-02-28,2024-03-02,Road,36,55,2099.75,115486.25,Rainy,West,No,72.4,BlueDart,Weather,0,1,0
3598,2234.0,2.8,7.0,2024-06-10,2024-06-17,2024-06-19,Air,850,62,2846.69,176494.78,Storm,North,Yes,76.4,BlueDart,Traffic,0,0,1
3599,8842.0,2.6,10.0,2024-01-06,2024-01-16,2024-01-16,Air,130,48,368.65,17695.2,Rainy,North,No,85.5,BlueDart,,1,1,1
3600,2760.0,3.3,3.0,2024-01-09,2024-01-12,2024-01-13,Road,435,6,1173.42,7040.52,Storm,East,Yes,93.7,FedEx,Weather,0,0,1
3601,8513.0,4.3,7.0,2024-07-13,2024-07-20,2024-07-25,Sea,984,84,2550.21,214217.64,Storm,East,Yes,86.2,DHL,Weather,0,1,0
3602,7708.0,4.7,5.0,2024-11-24,2024-11-29,2024-11-30,Road,1343,92,4636.97,426601.24,Rainy,Central,Yes,91.9,DHL,Operational,0,1,0
3603,8348.0,2.8,8.0,2024-09-16,2024-09-24,2024-09-28,Road,152,87,1692.16,147217.92,Clear,South,Yes,85.6,DHL,Weather,0,0,1
3604,5538.0,3.9,7.0,2024-09-06,2024-09-13,2024-09-16,Air,1099,51,524.42,26745.42,Clear,South,No,81.1,BlueDart,Operational,0,0,1
3605,8750.0,3.7,8.0,2024-04-05,2024-04-13,2024-04-14,Air,1353,92,3404.36,313201.12,Clear,South,No,81.4,EcomExpress,Customs,0,0,1
3606,3814.0,4.4,7.0,2024-01-29,2024-02-05,2024-02-10,Sea,1189,53,1900.92,100748.76,Clear,North,Yes,98.5,FedEx,Operational,0,0,1
3607,7792.0,3.1,3.0,2024-09-19,2024-09-22,2024-09-23,Air,643,13,1972.79,25646.27,Clear,East,No,81.6,FedEx,Customs,0,0,1
3608,1525.0,3.2,10.0,2024-02-23,2024-03-04,2024-03-06,Sea,431,78,3884.48,302989.44,Cloudy,East,Yes,98.8,EcomExpress,Operational,0,0,1
3609,1215.0,4.9,6.0,2024-08-02,2024-08-08,2024-08-10,Road,803,88,3930.18,345855.84,Storm,North,No,75.1,Delhivery,Weather,0,0,1
3610,5285.0,4.0,8.0,2024-02-15,2024-02-23,2024-02-23,Road,872,54,4128.39,222933.06,Rainy,West,No,90.7,FedEx,Operational,1,0,1
3611,9959.0,4.8,3.0,2024-05-30,2024-06-02,2024-06-02,Road,1369,17,4485.8,76258.6,Storm,West,Yes,97.8,DHL,Customs,1,0,1
3612,7642.0,3.7,2.0,2024-07-08,2024-07-10,2024-07-10,Sea,836,9,737.94,6641.46,Storm,South,Yes,80.6,FedEx,,1,0,1
3613,6155.0,3.4,3.0,2024-07-09,2024-07-12,2024-07-11,Sea,653,65,1505.51,97858.15,Storm,Central,No,87.9,Delhivery,Operational,1,0,1
3614,6187.0,2.7,7.0,2024-09-04,2024-09-11,2024-09-12,Sea,1283,8,3671.56,29372.48,Clear,West,No,81.0,EcomExpress,Traffic,0,0,1
3615,1168.0,3.5,8.0,2024-08-18,2024-08-26,2024-08-28,Air,90,76,4775.84,362963.84,Cloudy,South,Yes,91.8,Delhivery,Traffic,0,1,0
3616,7120.0,4.2,9.0,2024-07-13,2024-07-22,2024-07-26,Air,1374,70,3219.42,225359.4,Clear,Central,No,82.4,Delhivery,Customs,0,1,0
3617,1197.0,3.1,9.0,2024-06-07,2024-06-16,2024-06-21,Road,1419,5,4095.88,20479.4,Rainy,Central,No,86.5,Delhivery,Operational,0,0,1
3618,7607.0,2.7,4.0,2024-06-26,2024-06-30,2024-07-03,Air,1343,94,1526.43,143484.42,Rainy,East,No,81.7,Delhivery,Weather,0,0,1
3619,4992.0,4.3,3.0,2024-09-11,2024-09-14,2024-09-18,Air,723,61,3426.01,208986.61,Clear,Central,Yes,91.0,DHL,Weather,0,0,1
3620,7479.0,4.1,6.0,2024-08-24,2024-08-30,2024-09-02,Sea,133,100,1800.89,180089.0,Cloudy,West,Yes,79.2,DHL,,0,1,0
3621,4450.0,4.3,2.0,2024-02-11,2024-02-13,2024-02-16,Air,631,83,241.45,20040.35,Cloudy,South,Yes,99.2,DHL,Weather,0,1,0
3622,1876.0,3.0,2.0,2024-07-14,2024-07-16,2024-07-15,Road,1256,78,2011.68,156911.04,Clear,East,No,79.8,DHL,,1,1,1
3623,2692.0,4.5,4.0,2024-10-18,2024-10-22,2024-10-25,Sea,1184,16,4606.7,73707.2,Storm,North,No,76.2,FedEx,,0,0,1
3624,5282.0,3.9,8.0,2024-06-29,2024-07-07,2024-07-11,Sea,846,72,3119.22,224583.84,Rainy,West,No,95.6,FedEx,,0,1,0
3625,1179.0,4.5,5.0,2024-05-01,2024-05-06,2024-05-07,Air,689,81,4330.54,350773.74,Storm,Central,Yes,94.1,BlueDart,Weather,0,0,1
3626,8234.0,4.4,9.0,2024-10-03,2024-10-12,2024-10-11,Air,558,58,370.54,21491.32,Clear,Central,No,98.4,EcomExpress,,1,0,1
3627,4883.0,4.6,7.0,2024-06-05,2024-06-12,2024-06-12,Sea,956,64,877.56,56163.84,Clear,North,No,84.7,EcomExpress,Traffic,1,0,1
3628,1824.0,4.1,2.0,2024-02-23,2024-02-25,2024-02-26,Road,306,26,1411.6,36701.6,Cloudy,North,Yes,71.8,BlueDart,Traffic,0,0,1
3629,7966.0,3.2,4.0,2024-04-05,2024-04-09,2024-04-08,Sea,480,2,1320.59,2641.18,Clear,North,Yes,72.8,Delhivery,Operational,1,0,1
3630,8909.0,3.8,6.0,2024-04-07,2024-04-13,2024-04-18,Road,152,23,3410.07,78431.61,Rainy,East,No,89.4,DHL,,0,1,0
3631,3667.0,3.9,5.0,2024-06-26,2024-07-01,2024-07-05,Sea,114,2,2218.73,4437.46,Rainy,West,Yes,92.8,EcomExpress,Operational,0,0,1
3632,7842.0,2.6,4.0,2024-09-05,2024-09-09,2024-09-08,Sea,710,61,4726.41,288311.01,Storm,Central,Yes,72.0,DHL,,1,0,1
3633,3425.0,4.0,5.0,2024-07-15,2024-07-20,2024-07-24,Sea,98,70,530.1,37107.0,Rainy,East,Yes,76.5,EcomExpress,Weather,0,0,1
3634,4287.0,2.7,3.0,2024-03-02,2024-03-05,2024-03-06,Air,366,83,3226.2,267774.6,Cloudy,North,Yes,76.4,DHL,Operational,0,1,0
3635,9921.0,2.9,2.0,2024-09-22,2024-09-24,2024-09-25,Road,389,54,4433.07,239385.78,Cloudy,South,No,74.6,EcomExpress,Customs,0,1,0
3636,1133.0,4.2,4.0,2024-03-24,2024-03-28,2024-03-30,Air,297,29,3525.17,102229.93,Rainy,West,No,89.8,Delhivery,Weather,0,1,0
3637,9562.0,4.9,3.0,2024-06-21,2024-06-24,2024-06-28,Road,322,25,710.62,17765.5,Rainy,Central,No,80.2,Delhivery,Operational,0,0,1
3638,4519.0,4.0,9.0,2024-10-22,2024-10-31,2024-11-04,Road,813,23,2468.14,56767.22,Storm,North,Yes,98.1,DHL,Traffic,0,0,1
3639,3294.0,3.0,3.0,2024-08-29,2024-09-01,2024-08-31,Air,423,2,4751.21,9502.42,Clear,West,No,70.5,FedEx,Operational,1,0,1
3640,3234.0,4.7,7.0,2024-08-12,2024-08-19,2024-08-21,Sea,395,81,1879.51,152240.31,Storm,Central,No,97.1,EcomExpress,Customs,0,0,1
3641,1603.0,3.5,5.0,2024-11-02,2024-11-07,2024-11-10,Sea,373,49,4360.89,213683.61,Cloudy,East,No,70.1,EcomExpress,Operational,0,1,0
3642,4370.0,3.2,4.0,2024-08-17,2024-08-21,2024-08-22,Air,966,74,3763.59,278505.66,Rainy,North,No,100.0,EcomExpress,Customs,0,1,0
3643,1940.0,3.6,5.0,2024-09-08,2024-09-13,2024-09-18,Air,897,25,2850.41,71260.25,Clear,North,No,83.2,EcomExpress,Customs,0,1,0
3644,6777.0,2.9,4.0,2024-09-24,2024-09-28,2024-10-01,Air,726,88,1907.7,167877.6,Rainy,North,No,94.8,EcomExpress,Customs,0,0,1
3645,8337.0,4.7,8.0,2024-02-11,2024-02-19,2024-02-19,Sea,558,27,1681.76,45407.52,Cloudy,West,No,97.2,BlueDart,Weather,1,1,1
3646,4537.0,4.0,8.0,2024-03-31,2024-04-08,2024-04-11,Air,593,39,4613.1,179910.9,Storm,West,Yes,70.5,EcomExpress,,0,1,0
3647,1946.0,2.7,6.0,2024-08-23,2024-08-29,2024-08-29,Air,757,75,3441.76,258132.0,Rainy,West,No,95.8,FedEx,Weather,1,0,1
3648,4288.0,2.5,9.0,2024-10-21,2024-10-30,2024-10-31,Sea,1080,91,3979.05,362093.55,Rainy,West,Yes,87.1,Delhivery,Operational,0,0,1
3649,6225.0,3.5,2.0,2024-03-04,2024-03-06,2024-03-06,Road,1195,53,3184.04,168754.12,Rainy,East,Yes,99.1,BlueDart,Customs,1,0,1
3650,8657.0,4.7,5.0,2024-08-25,2024-08-30,2024-09-02,Sea,695,81,3755.8,304219.8,Clear,West,Yes,74.1,Delhivery,Customs,0,1,0
3651,7788.0,2.8,7.0,2024-11-06,2024-11-13,2024-11-17,Road,138,74,1391.44,102966.56,Clear,West,Yes,93.6,BlueDart,Customs,0,0,1
3652,8887.0,3.9,9.0,2024-10-12,2024-10-21,2024-10-25,Air,496,13,409.1,5318.3,Rainy,South,Yes,85.9,FedEx,,0,1,0
3653,3693.0,3.3,8.0,2024-11-24,2024-12-02,2024-12-02,Air,1014,54,1937.6,104630.4,Rainy,West,No,88.8,FedEx,Traffic,1,1,1
3654,4330.0,3.6,4.0,2024-10-14,2024-10-18,2024-10-22,Road,68,28,2209.65,61870.2,Cloudy,West,Yes,95.6,EcomExpress,Weather,0,0,1
3655,8451.0,3.5,10.0,2024-04-06,2024-04-16,2024-04-15,Road,923,37,458.11,16950.07,Storm,West,No,83.0,FedEx,Customs,1,1,1
3656,2602.0,3.5,10.0,2024-04-19,2024-04-29,2024-04-30,Sea,1204,90,4057.55,365179.5,Storm,Central,Yes,97.6,EcomExpress,Traffic,0,0,1
3657,7928.0,4.4,9.0,2024-03-16,2024-03-25,2024-03-27,Road,41,76,4990.86,379305.36,Cloudy,North,Yes,79.1,FedEx,Customs,0,1,0
3658,5288.0,3.5,4.0,2024-04-17,2024-04-21,2024-04-21,Road,553,95,4112.67,390703.65,Cloudy,North,Yes,89.5,BlueDart,,1,0,1
3659,3864.0,4.4,3.0,2024-10-08,2024-10-11,2024-10-15,Air,910,8,4747.55,37980.4,Clear,Central,No,96.4,EcomExpress,,0,0,1
3660,6058.0,4.8,10.0,2024-04-26,2024-05-06,2024-05-07,Air,1347,39,815.0,31785.0,Storm,East,Yes,99.8,EcomExpress,Weather,0,0,1
3661,2636.0,3.5,3.0,2024-05-27,2024-05-30,2024-05-29,Air,518,70,321.85,22529.5,Clear,South,Yes,91.8,Delhivery,,1,0,1
3662,1681.0,3.1,5.0,2024-10-10,2024-10-15,2024-10-17,Sea,1429,67,2545.69,170561.23,Rainy,Central,No,70.5,FedEx,Traffic,0,0,1
3663,4452.0,4.9,4.0,2024-09-13,2024-09-17,2024-09-17,Road,416,74,3627.07,268403.18,Storm,East,Yes,90.3,EcomExpress,Operational,1,0,1
3664,3569.0,2.6,7.0,2024-06-25,2024-07-02,2024-07-02,Air,1392,17,2041.22,34700.74,Cloudy,North,Yes,75.3,FedEx,,1,0,1
3665,2822.0,4.1,5.0,2024-10-22,2024-10-27,2024-10-29,Air,1434,3,4171.29,12513.87,Cloudy,South,No,88.8,Delhivery,Traffic,0,0,1
3666,6819.0,3.6,7.0,2024-02-28,2024-03-06,2024-03-06,Road,900,58,4818.75,279487.5,Storm,North,Yes,93.3,BlueDart,Traffic,1,0,1
3667,4432.0,4.4,9.0,2024-01-28,2024-02-06,2024-02-07,Road,1255,88,3589.62,315886.56,Storm,North,No,81.8,DHL,,0,1,0
3668,6146.0,3.8,5.0,2024-06-09,2024-06-14,2024-06-19,Road,999,11,1782.51,19607.61,Clear,East,Yes,83.7,DHL,Customs,0,1,0
3669,6031.0,4.9,3.0,2024-10-20,2024-10-23,2024-10-28,Road,655,3,1803.2,5409.6,Clear,North,No,71.8,EcomExpress,Traffic,0,1,0
3670,9824.0,4.0,4.0,2024-03-07,2024-03-11,2024-03-15,Sea,454,8,2238.4,17907.2,Clear,Central,No,70.2,Delhivery,,0,0,1
3671,1373.0,2.5,4.0,2024-09-27,2024-10-01,2024-09-30,Road,535,15,1966.66,29499.9,Storm,Central,No,74.4,Delhivery,,1,0,1
3672,3894.0,4.2,9.0,2024-03-29,2024-04-07,2024-04-06,Sea,225,31,1669.2,51745.2,Clear,East,Yes,71.8,DHL,,1,0,1
3673,6093.0,4.6,4.0,2024-08-19,2024-08-23,2024-08-24,Sea,243,49,1874.68,91859.32,Cloudy,Central,No,71.6,EcomExpress,Customs,0,0,1
3674,3191.0,2.6,2.0,2024-05-05,2024-05-07,2024-05-06,Air,970,54,3682.96,198879.84,Storm,West,No,93.6,BlueDart,,1,1,1
3675,9113.0,4.9,7.0,2024-08-27,2024-09-03,2024-09-02,Road,1240,30,2965.31,88959.3,Storm,North,No,81.4,DHL,Operational,1,0,1
3676,5730.0,3.6,4.0,2024-03-02,2024-03-06,2024-03-07,Road,1208,25,113.59,2839.75,Storm,East,No,91.5,BlueDart,Weather,0,1,0
3677,3566.0,3.0,3.0,2024-09-08,2024-09-11,2024-09-15,Road,627,77,1711.23,131764.71,Storm,Central,Yes,72.0,FedEx,,0,1,0
3678,1380.0,3.5,3.0,2024-03-28,2024-03-31,2024-04-03,Air,1222,48,3586.98,172175.04,Clear,Central,Yes,87.9,EcomExpress,Operational,0,0,1
3679,4499.0,4.7,7.0,2024-11-26,2024-12-03,2024-12-08,Air,239,34,1326.33,45095.22,Cloudy,East,No,92.7,FedEx,Customs,0,0,1
3680,4363.0,4.5,3.0,2024-02-03,2024-02-06,2024-02-06,Air,440,23,3866.91,88938.93,Cloudy,East,Yes,85.6,Delhivery,,1,1,1
3681,1481.0,4.6,4.0,2024-09-04,2024-09-08,2024-09-12,Air,468,43,1741.3,74875.9,Cloudy,South,Yes,73.2,BlueDart,Traffic,0,0,1
3682,5660.0,2.7,2.0,2024-11-06,2024-11-08,2024-11-12,Road,533,43,927.66,39889.38,Cloudy,West,Yes,73.5,BlueDart,Operational,0,0,1
3683,5892.0,3.1,2.0,2024-07-10,2024-07-12,2024-07-11,Sea,688,85,2672.77,227185.45,Rainy,East,No,87.2,BlueDart,Operational,1,0,1
3684,9011.0,3.2,4.0,2024-01-28,2024-02-01,2024-02-01,Air,488,39,2136.71,83331.69,Storm,Central,Yes,79.7,Delhivery,,1,1,1
3685,2117.0,4.1,6.0,2024-06-28,2024-07-04,2024-07-05,Road,176,5,4666.42,23332.1,Rainy,East,No,94.5,Delhivery,Weather,0,0,1
3686,2606.0,4.1,6.0,2024-07-31,2024-08-06,2024-08-08,Road,1009,54,399.88,21593.52,Clear,North,No,70.4,FedEx,,0,0,1
3687,8580.0,2.7,10.0,2024-02-02,2024-02-12,2024-02-17,Air,1387,21,1476.92,31015.32,Cloudy,Central,Yes,75.7,DHL,Weather,0,0,1
3688,9502.0,3.7,2.0,2024-09-12,2024-09-14,2024-09-16,Sea,34,31,2524.59,78262.29,Rainy,West,No,77.2,EcomExpress,Traffic,0,0,1
3689,1328.0,2.7,9.0,2024-01-14,2024-01-23,2024-01-26,Sea,431,23,3306.78,76055.94,Cloudy,Central,No,91.9,DHL,Customs,0,1,0
3690,4436.0,2.9,3.0,2024-10-17,2024-10-20,2024-10-25,Sea,579,89,4884.25,434698.25,Rainy,South,No,87.0,FedEx,Traffic,0,0,1
3691,8811.0,4.6,3.0,2024-06-02,2024-06-05,2024-06-10,Air,1210,42,763.59,32070.78,Storm,North,No,91.7,DHL,Weather,0,1,0
3692,8877.0,3.2,2.0,2024-06-12,2024-06-14,2024-06-13,Road,329,27,701.66,18944.82,Rainy,South,Yes,71.1,EcomExpress,Customs,1,0,1
3693,,4.1,,2024-10-03,2024-10-11,2024-10-12,Sea,509,60,593.21,,Cloudy,Central,Yes,91.7,FedEx,Weather,0,0,1
3694,7514.0,2.6,3.0,2024-08-30,2024-09-02,2024-09-06,Air,41,77,1092.6,84130.2,Cloudy,West,No,88.7,DHL,Operational,0,0,1
3695,3110.0,4.4,3.0,2024-02-26,2024-02-29,2024-03-03,Air,364,18,2998.45,53972.1,Rainy,West,Yes,79.5,DHL,Customs,0,0,1
3696,4249.0,4.4,7.0,2024-01-13,2024-01-20,2024-01-21,Air,1218,77,1002.44,77187.88,Cloudy,South,No,84.3,BlueDart,Operational,0,1,0
3697,2941.0,2.6,8.0,2024-03-30,2024-04-07,2024-04-12,Sea,171,22,2285.29,50276.38,Rainy,Central,Yes,90.5,Delhivery,Customs,0,1,0
3698,7259.0,3.9,2.0,2024-08-28,2024-08-30,2024-08-29,Sea,494,8,866.77,6934.16,Rainy,South,No,70.9,EcomExpress,Customs,1,0,1
3699,5858.0,4.1,6.0,2024-11-24,2024-11-30,2024-12-02,Road,1450,12,2744.93,32939.16,Rainy,East,Yes,96.6,DHL,,0,1,0
3700,1794.0,4.6,6.0,2024-09-01,2024-09-07,2024-09-12,Sea,437,95,2592.93,246328.35,Storm,Central,No,99.0,FedEx,Weather,0,1,0
3701,5879.0,4.8,7.0,2024-04-18,2024-04-25,2024-04-30,Air,1363,2,379.13,758.26,Rainy,North,Yes,80.4,FedEx,Weather,0,0,1
3702,1131.0,2.6,9.0,2024-02-24,2024-03-04,2024-03-06,Road,1395,37,1478.76,54714.12,Rainy,West,Yes,80.3,FedEx,Operational,0,1,0
3703,3988.0,3.2,9.0,2024-07-07,2024-07-16,2024-07-19,Road,1109,16,844.32,13509.12,Clear,South,No,88.5,DHL,,0,1,0
3704,2515.0,3.7,5.0,2024-11-17,2024-11-22,2024-11-27,Air,1200,69,2944.99,203204.31,Rainy,West,No,97.6,DHL,Customs,0,1,0
3705,5879.0,4.2,9.0,2024-06-18,2024-06-27,2024-06-28,Road,146,86,982.48,84493.28,Rainy,South,Yes,84.7,DHL,Customs,0,0,1
3706,4310.0,4.9,8.0,2024-10-19,2024-10-27,2024-10-31,Road,1357,20,4449.69,88993.8,Rainy,East,No,96.9,BlueDart,Operational,0,1,0
3707,7404.0,2.9,9.0,2024-08-06,2024-08-15,2024-08-20,Road,995,74,1690.05,125063.7,Storm,West,No,95.8,BlueDart,Traffic,0,0,1
3708,6409.0,4.8,6.0,2024-04-15,2024-04-21,2024-04-20,Road,24,48,4606.29,221101.92,Storm,Central,No,99.8,FedEx,,1,0,1
3709,8990.0,4.1,3.0,2024-07-28,2024-07-31,2024-07-30,Road,117,78,2645.84,206375.52,Clear,East,No,93.9,DHL,Customs,1,1,1
3710,8002.0,5.0,6.0,2024-03-23,2024-03-29,2024-04-02,Road,876,18,787.09,14167.62,Rainy,North,No,82.6,FedEx,Weather,0,1,0
3711,6941.0,4.9,4.0,2024-09-30,2024-10-04,2024-10-05,Road,85,46,4138.45,190368.7,Rainy,Central,No,86.0,DHL,Traffic,0,0,1
3712,7008.0,3.4,2.0,2024-08-06,2024-08-08,2024-08-11,Road,796,64,1371.21,87757.44,Clear,East,Yes,75.3,EcomExpress,Traffic,0,0,1
3713,7939.0,4.0,8.0,2024-04-18,2024-04-26,2024-04-28,Road,1350,89,3847.83,342456.87,Storm,South,Yes,92.0,DHL,Operational,0,0,1
3714,4948.0,2.6,6.0,2024-06-11,2024-06-17,2024-06-17,Road,541,20,3409.95,68199.0,Clear,North,Yes,99.7,FedEx,Operational,1,0,1
3715,4375.0,4.5,2.0,2024-02-20,2024-02-22,2024-02-23,Road,713,54,4990.91,269509.14,Cloudy,Central,No,79.1,Delhivery,Weather,0,0,1
3716,8687.0,4.5,6.0,2024-07-28,2024-08-03,2024-08-05,Road,318,1,4915.31,4915.31,Clear,South,Yes,72.9,Delhivery,Customs,0,1,0
3717,3982.0,4.3,10.0,2024-06-08,2024-06-18,2024-06-23,Air,651,10,3755.85,37558.5,Rainy,West,Yes,86.5,DHL,Weather,0,1,0
3718,7538.0,3.5,8.0,2024-10-24,2024-11-01,2024-11-03,Sea,510,76,2427.16,184464.16,Cloudy,West,No,91.5,DHL,,0,0,1
3719,2900.0,4.2,9.0,2024-05-20,2024-05-29,2024-05-30,Air,1254,79,2978.81,235325.99,Clear,East,Yes,70.4,Delhivery,Operational,0,0,1
3720,6368.0,2.6,9.0,2024-09-19,2024-09-28,2024-10-01,Sea,299,67,2235.73,149793.91,Clear,East,Yes,73.8,DHL,Operational,0,0,1
3721,3430.0,4.5,7.0,2024-04-14,2024-04-21,2024-04-24,Air,1471,93,608.45,56585.85,Cloudy,North,Yes,90.5,DHL,Traffic,0,1,0
3722,4517.0,3.0,2.0,2024-08-28,2024-08-30,2024-09-04,Air,1178,84,673.86,56604.24,Rainy,East,No,91.5,BlueDart,Operational,0,0,1
3723,3133.0,4.2,6.0,2024-05-30,2024-06-05,2024-06-08,Road,387,100,3348.94,334894.0,Storm,Central,Yes,75.7,FedEx,Traffic,0,0,1
3724,6937.0,3.7,3.0,2024-05-31,2024-06-03,2024-06-02,Sea,1343,49,283.44,13888.56,Storm,West,Yes,86.1,EcomExpress,Customs,1,0,1
3725,7436.0,3.5,4.0,2024-01-19,2024-01-23,2024-01-27,Air,106,82,1324.78,108631.96,Clear,East,No,85.0,FedEx,Operational,0,0,1
3726,9750.0,2.6,7.0,2024-04-16,2024-04-23,2024-04-24,Road,120,14,1512.85,21179.9,Cloudy,West,Yes,84.2,FedEx,Operational,0,0,1
3727,7745.0,3.5,5.0,2024-02-24,2024-02-29,2024-02-29,Road,1035,16,982.62,15721.92,Cloudy,West,No,78.8,DHL,,1,1,1
3728,2871.0,4.5,6.0,2024-03-25,2024-03-31,2024-04-02,Sea,414,83,2519.12,209086.96,Clear,Central,Yes,88.8,BlueDart,,0,0,1
3729,5580.0,2.6,3.0,2024-10-20,2024-10-23,2024-10-25,Air,1203,76,3204.83,243567.08,Storm,South,Yes,83.2,DHL,Traffic,0,1,0
3730,9527.0,2.9,7.0,2024-05-11,2024-05-18,2024-05-21,Sea,462,87,2806.4,244156.8,Cloudy,East,No,86.1,EcomExpress,Weather,0,1,0
3731,6480.0,4.1,7.0,2024-01-28,2024-02-04,2024-02-07,Sea,394,40,425.15,17006.0,Cloudy,North,Yes,97.5,BlueDart,Weather,0,1,0
3732,8823.0,2.8,4.0,2024-04-12,2024-04-16,2024-04-18,Road,1067,15,3529.01,52935.15,Storm,South,No,82.8,BlueDart,Weather,0,0,1
3733,4932.0,4.6,3.0,2024-11-04,2024-11-07,2024-11-12,Air,1197,94,4349.97,408897.18,Rainy,Central,No,97.6,BlueDart,Operational,0,0,1
3734,2764.0,4.4,4.0,2024-05-27,2024-05-31,2024-06-01,Air,243,22,4307.6,94767.2,Rainy,South,Yes,96.6,FedEx,,0,0,1
3735,5590.0,2.5,7.0,2024-10-24,2024-10-31,2024-11-03,Air,1407,53,4490.61,238002.33,Rainy,West,No,86.6,EcomExpress,Customs,0,0,1
3736,5614.0,4.3,4.0,2024-08-11,2024-08-15,2024-08-17,Sea,102,9,2061.91,18557.19,Cloudy,East,No,79.5,BlueDart,Weather,0,1,0
3737,7103.0,4.5,5.0,2024-01-01,2024-01-06,2024-01-10,Road,1253,60,507.43,30445.8,Storm,Central,No,82.2,EcomExpress,,0,0,1
3738,5697.0,3.7,5.0,2024-05-24,2024-05-29,2024-06-02,Air,465,57,2180.95,124314.15,Rainy,West,Yes,94.6,FedEx,Operational,0,0,1
3739,2973.0,3.4,2.0,2024-05-03,2024-05-05,2024-05-10,Road,1354,18,1374.73,24745.14,Clear,East,Yes,95.3,EcomExpress,,0,0,1
3740,4873.0,3.7,9.0,2024-11-09,2024-11-18,2024-11-18,Road,823,5,4476.21,22381.05,Clear,South,No,96.4,Delhivery,Weather,1,1,1
3741,2023.0,3.1,9.0,2024-11-13,2024-11-22,2024-11-23,Road,802,23,2334.12,53684.76,Storm,West,Yes,91.7,FedEx,Weather,0,0,1
3742,5045.0,4.5,2.0,2024-11-23,2024-11-25,2024-11-29,Sea,512,39,1287.06,50195.34,Storm,Central,No,73.8,Delhivery,Operational,0,1,0
3743,7458.0,2.5,9.0,2024-08-25,2024-09-03,2024-09-04,Sea,188,88,2776.05,244292.4,Clear,East,Yes,93.7,EcomExpress,,0,1,0
3744,2625.0,4.4,3.0,2024-01-15,2024-01-18,2024-01-23,Road,593,29,3719.4,107862.6,Clear,North,No,90.9,EcomExpress,Weather,0,0,1
3745,6716.0,3.6,4.0,2024-01-11,2024-01-15,2024-01-20,Sea,1014,81,3356.59,271883.79,Rainy,East,Yes,72.4,Delhivery,Customs,0,0,1
3746,3346.0,3.1,6.0,2024-05-16,2024-05-22,2024-05-23,Sea,237,71,2198.26,156076.46,Cloudy,North,No,83.9,DHL,,0,0,1
3747,1053.0,2.5,6.0,2024-09-16,2024-09-22,2024-09-22,Sea,315,19,3302.57,62748.83,Storm,North,Yes,86.2,Delhivery,,1,0,1
3748,3711.0,2.5,9.0,2024-06-22,2024-07-01,2024-06-30,Air,1349,18,1124.77,20245.86,Clear,South,No,82.2,EcomExpress,Customs,1,1,1
3749,7429.0,4.3,9.0,2024-08-04,2024-08-13,2024-08-18,Sea,1099,74,4343.82,321442.68,Storm,Central,Yes,78.9,BlueDart,Traffic,0,1,0
3750,3238.0,2.9,2.0,2024-06-07,2024-06-09,2024-06-12,Sea,76,64,296.78,18993.92,Storm,West,Yes,91.2,EcomExpress,Traffic,0,0,1
3751,7451.0,3.4,7.0,2024-02-23,2024-03-01,2024-03-04,Air,1410,26,1351.3,35133.8,Rainy,North,Yes,93.2,BlueDart,Operational,0,0,1
3752,5402.0,3.3,8.0,2024-11-21,2024-11-29,2024-12-04,Sea,620,61,2081.16,126950.76,Cloudy,South,No,96.5,BlueDart,Weather,0,0,1
3753,2261.0,3.1,7.0,2024-08-08,2024-08-15,2024-08-17,Sea,1414,63,4981.38,313826.94,Clear,West,Yes,92.6,EcomExpress,Weather,0,0,1
3754,8364.0,2.7,2.0,2024-04-12,2024-04-14,2024-04-18,Sea,884,84,574.93,48294.12,Storm,South,Yes,71.2,FedEx,Operational,0,0,1
3755,6955.0,3.7,3.0,2024-09-26,2024-09-29,2024-10-03,Sea,356,16,2801.13,44818.08,Storm,North,No,71.5,EcomExpress,,0,0,1
3756,8138.0,3.1,5.0,2024-11-22,2024-11-27,2024-11-29,Road,638,32,147.57,4722.24,Rainy,South,No,91.8,DHL,,0,0,1
3757,3344.0,2.9,3.0,2024-07-18,2024-07-21,2024-07-26,Road,1110,46,4904.14,225590.44,Storm,North,No,92.5,BlueDart,Traffic,0,0,1
3758,5537.0,3.0,8.0,2024-11-04,2024-11-12,2024-11-12,Sea,506,87,4441.24,386387.88,Rainy,West,Yes,79.3,DHL,Customs,1,0,1
3759,6485.0,4.3,2.0,2024-08-05,2024-08-07,2024-08-09,Road,710,23,4776.06,109849.38,Clear,East,Yes,93.9,FedEx,,0,0,1
3760,8277.0,4.3,3.0,2024-07-22,2024-07-25,2024-07-24,Sea,1478,63,1039.55,65491.65,Clear,South,Yes,92.8,Delhivery,Traffic,1,0,1
3761,9796.0,2.8,3.0,2024-04-24,2024-04-27,2024-04-28,Sea,1014,17,4678.26,79530.42,Cloudy,East,Yes,96.7,EcomExpress,Weather,0,0,1
3762,7880.0,4.7,6.0,2024-04-11,2024-04-17,2024-04-20,Sea,1068,95,408.37,38795.15,Rainy,North,No,73.1,DHL,Weather,0,0,1
3763,3694.0,4.0,9.0,2024-11-03,2024-11-12,2024-11-11,Air,1441,57,3856.12,219798.84,Storm,North,Yes,75.1,EcomExpress,Operational,1,1,1
3764,4286.0,3.5,4.0,2024-03-26,2024-03-30,2024-03-29,Sea,1050,50,471.97,23598.5,Cloudy,North,Yes,83.7,BlueDart,Traffic,1,0,1
3765,8471.0,3.7,5.0,2024-05-26,2024-05-31,2024-06-01,Air,185,33,4810.97,158762.01,Storm,South,Yes,71.1,FedEx,Customs,0,1,0
3766,5381.0,4.5,8.0,2024-01-10,2024-01-18,2024-01-20,Air,1336,69,1983.61,136869.09,Storm,West,Yes,81.5,Delhivery,Traffic,0,0,1
3767,6568.0,4.9,4.0,2024-08-07,2024-08-11,2024-08-11,Air,740,24,4923.14,118155.36,Clear,Central,Yes,96.2,Delhivery,,1,0,1
3768,6107.0,3.2,6.0,2024-11-17,2024-11-23,2024-11-24,Air,964,20,3864.26,77285.2,Clear,East,No,79.4,EcomExpress,Operational,0,1,0
3769,1558.0,4.5,7.0,2024-08-03,2024-08-10,2024-08-12,Sea,1131,69,4015.09,277041.21,Rainy,Central,Yes,90.4,EcomExpress,Customs,0,1,0
3770,1657.0,4.1,4.0,2024-03-26,2024-03-30,2024-03-30,Road,826,74,2878.87,213036.38,Storm,South,No,76.1,EcomExpress,,1,0,1
3771,6935.0,4.6,2.0,2024-07-05,2024-07-07,2024-07-12,Air,265,57,1010.36,57590.52,Rainy,North,No,90.2,Delhivery,Traffic,0,0,1
3772,5675.0,3.8,10.0,2024-03-17,2024-03-27,2024-03-30,Sea,414,86,525.84,45222.24,Cloudy,Central,No,85.9,Delhivery,,0,1,0
3773,1355.0,3.2,5.0,2024-03-27,2024-04-01,2024-04-04,Sea,468,52,4307.14,223971.28,Storm,West,Yes,83.6,FedEx,Weather,0,0,1
3774,2031.0,4.2,8.0,2024-07-25,2024-08-02,2024-08-01,Road,623,100,482.74,48274.0,Storm,West,Yes,79.8,BlueDart,,1,0,1
3775,3430.0,2.9,2.0,2024-07-21,2024-07-23,2024-07-26,Air,1316,21,2878.73,60453.33,Storm,West,Yes,98.6,EcomExpress,,0,1,0
3776,9673.0,3.2,10.0,2024-05-23,2024-06-02,2024-06-02,Air,95,31,969.21,30045.51,Cloudy,South,No,75.0,BlueDart,,1,0,1
3777,5911.0,3.6,8.0,2024-11-24,2024-12-02,2024-12-06,Air,315,58,2504.34,145251.72,Cloudy,East,Yes,91.0,DHL,Traffic,0,1,0
3778,,5.0,,2024-08-18,2024-08-23,2024-08-26,Sea,30,28,384.46,,Clear,Central,No,87.6,FedEx,Traffic,0,1,0
3779,1964.0,3.5,2.0,2024-10-31,2024-11-02,2024-11-01,Road,371,13,1784.38,23196.94,Rainy,North,Yes,98.1,Delhivery,,1,0,1
3780,5938.0,3.0,5.0,2024-07-05,2024-07-10,2024-07-15,Road,595,71,3595.13,255254.23,Storm,West,Yes,89.3,BlueDart,Customs,0,0,1
3781,2462.0,3.1,5.0,2024-05-30,2024-06-04,2024-06-04,Road,817,47,2292.24,107735.28,Storm,East,Yes,90.8,EcomExpress,Operational,1,0,1
3782,6748.0,3.1,7.0,2024-10-06,2024-10-13,2024-10-15,Sea,819,63,4084.65,257332.95,Storm,East,No,94.2,DHL,,0,1,0
3783,8823.0,2.7,2.0,2024-02-26,2024-02-28,2024-02-28,Air,1069,22,4838.98,106457.56,Clear,West,No,71.9,Delhivery,Customs,1,0,1
3784,8116.0,3.4,3.0,2024-07-22,2024-07-25,2024-07-30,Road,676,82,4261.92,349477.44,Rainy,East,No,73.2,EcomExpress,Customs,0,0,1
3785,8856.0,2.9,2.0,2024-02-20,2024-02-22,2024-02-23,Sea,20,57,4097.87,233578.59,Cloudy,Central,No,93.7,DHL,Weather,0,0,1
3786,2982.0,4.3,4.0,2024-04-17,2024-04-21,2024-04-26,Sea,550,86,3124.22,268682.92,Clear,Central,No,95.6,EcomExpress,Weather,0,0,1
3787,4885.0,2.5,3.0,2024-04-10,2024-04-13,2024-04-14,Air,862,41,4811.4,197267.4,Clear,South,Yes,99.4,Delhivery,Weather,0,0,1
3788,7663.0,4.8,9.0,2024-09-04,2024-09-13,2024-09-17,Road,1289,6,164.17,985.02,Rainy,East,Yes,85.4,DHL,Weather,0,0,1
3789,2109.0,3.3,2.0,2024-03-21,2024-03-23,2024-03-27,Air,1110,2,3760.0,7520.0,Clear,South,Yes,85.2,BlueDart,Customs,0,0,1
3790,3280.0,3.2,5.0,2024-10-25,2024-10-30,2024-10-30,Road,746,76,1246.78,94755.28,Storm,South,No,76.0,EcomExpress,Operational,1,0,1
3791,9066.0,4.5,6.0,2024-05-23,2024-05-29,2024-05-29,Air,19,10,2762.39,27623.9,Clear,South,Yes,86.4,Delhivery,,1,0,1
3792,2323.0,2.6,2.0,2024-01-26,2024-01-28,2024-01-29,Sea,434,6,4763.83,28582.98,Cloudy,Central,No,86.0,FedEx,Operational,0,0,1
3793,4376.0,3.5,9.0,2024-11-22,2024-12-01,2024-12-04,Road,1164,99,1238.01,122562.99,Rainy,West,Yes,81.0,FedEx,Operational,0,0,1
3794,9882.0,3.1,4.0,2024-05-04,2024-05-08,2024-05-13,Sea,853,85,2201.34,187113.9,Clear,Central,Yes,89.4,DHL,Customs,0,1,0
3795,2578.0,2.7,8.0,2024-08-10,2024-08-18,2024-08-20,Road,998,98,3621.49,354906.02,Storm,South,No,71.8,Delhivery,Traffic,0,1,0
3796,6107.0,3.3,4.0,2024-06-11,2024-06-15,2024-06-14,Road,403,97,1665.25,161529.25,Rainy,North,Yes,80.9,BlueDart,Operational,1,0,1
3797,6445.0,4.2,2.0,2024-03-25,2024-03-27,2024-03-31,Air,1407,46,1224.57,56330.22,Clear,North,No,87.1,DHL,Traffic,0,0,1
3798,5266.0,4.9,10.0,2024-06-19,2024-06-29,2024-06-30,Sea,1201,72,4807.04,346106.88,Rainy,West,No,74.3,BlueDart,Weather,0,0,1
3799,1430.0,3.0,8.0,2024-10-15,2024-10-23,2024-10-24,Road,706,22,4340.41,95489.02,Cloudy,West,Yes,92.0,EcomExpress,Operational,0,0,1
3800,1691.0,4.0,4.0,2024-06-26,2024-06-30,2024-07-04,Air,1300,84,3506.24,294524.16,Rainy,South,No,77.6,Delhivery,Weather,0,0,1
3801,3454.0,2.7,2.0,2024-09-09,2024-09-11,2024-09-10,Sea,1246,96,4549.43,436745.28,Rainy,East,No,72.7,Delhivery,Traffic,1,0,1
3802,4553.0,4.8,9.0,2024-07-07,2024-07-16,2024-07-20,Road,730,76,990.87,75306.12,Rainy,East,Yes,97.1,DHL,,0,1,0
3803,7426.0,3.5,4.0,2024-08-24,2024-08-28,2024-09-01,Sea,191,28,2862.23,80142.44,Cloudy,East,No,76.3,Delhivery,Weather,0,1,0
3804,8353.0,4.6,5.0,2024-10-13,2024-10-18,2024-10-23,Road,893,25,1594.67,39866.75,Rainy,South,Yes,70.3,FedEx,Traffic,0,1,0
3805,3407.0,4.4,3.0,2024-10-26,2024-10-29,2024-10-28,Road,115,67,340.74,22829.58,Cloudy,East,Yes,94.8,BlueDart,,1,1,1
3806,4797.0,4.3,10.0,2024-11-03,2024-11-13,2024-11-15,Air,784,57,3081.02,175618.14,Cloudy,North,Yes,89.9,EcomExpress,Weather,0,1,0
3807,7973.0,2.7,6.0,2024-04-28,2024-05-04,2024-05-08,Air,1293,39,798.02,31122.78,Storm,West,Yes,96.3,FedEx,Customs,0,1,0
3808,6491.0,4.9,2.0,2024-04-20,2024-04-22,2024-04-24,Road,1283,91,1955.7,177968.7,Storm,Central,No,92.8,Delhivery,Operational,0,1,0
3809,7312.0,3.4,7.0,2024-08-17,2024-08-24,2024-08-27,Road,982,19,477.92,9080.48,Rainy,West,Yes,98.3,DHL,Operational,0,1,0
3810,2177.0,5.0,7.0,2024-08-30,2024-09-06,2024-09-05,Sea,1439,83,4202.6,348815.8,Storm,Central,Yes,92.4,Delhivery,Weather,1,0,1
3811,9490.0,3.2,5.0,2024-01-03,2024-01-08,2024-01-10,Sea,127,2,4349.01,8698.02,Rainy,North,Yes,94.5,BlueDart,Traffic,0,0,1
3812,4463.0,4.5,5.0,2024-01-12,2024-01-17,2024-01-20,Air,224,34,4633.63,157543.42,Clear,East,No,92.2,DHL,Operational,0,0,1
3813,6226.0,2.9,9.0,2024-05-06,2024-05-15,2024-05-16,Air,279,87,2846.32,247629.84,Rainy,South,Yes,77.6,EcomExpress,Weather,0,0,1
3814,6033.0,2.5,9.0,2024-04-04,2024-04-13,2024-04-12,Road,1481,90,2287.76,205898.4,Rainy,Central,Yes,82.5,Delhivery,Operational,1,0,1
3815,6016.0,2.7,3.0,2024-01-20,2024-01-23,2024-01-24,Sea,798,67,2947.15,197459.05,Cloudy,Central,Yes,77.1,FedEx,Customs,0,1,0
3816,3500.0,4.5,5.0,2024-06-20,2024-06-25,2024-06-24,Air,441,71,4815.28,341884.88,Storm,East,Yes,89.3,DHL,Operational,1,0,1
3817,5525.0,2.6,4.0,2024-02-27,2024-03-02,2024-03-06,Road,623,40,1634.17,65366.8,Rainy,West,Yes,81.8,FedEx,,0,0,1
3818,6259.0,3.4,3.0,2024-04-25,2024-04-28,2024-05-01,Road,540,53,3707.66,196505.98,Rainy,North,Yes,71.3,BlueDart,Traffic,0,0,1
3819,5206.0,3.4,6.0,2024-02-03,2024-02-09,2024-02-13,Road,1058,81,2906.16,235398.96,Storm,South,Yes,99.6,BlueDart,Weather,0,1,0
3820,9005.0,3.2,2.0,2024-03-16,2024-03-18,2024-03-21,Air,472,62,4408.38,273319.56,Rainy,West,Yes,94.4,BlueDart,Traffic,0,1,0
3821,4296.0,2.9,7.0,2024-07-29,2024-08-05,2024-08-10,Sea,473,56,1303.45,72993.2,Storm,West,Yes,71.0,DHL,Operational,0,0,1
3822,1694.0,4.4,7.0,2024-05-01,2024-05-08,2024-05-07,Sea,622,92,2872.34,264255.28,Storm,South,Yes,72.0,Delhivery,Customs,1,0,1
3823,8440.0,3.3,6.0,2024-08-21,2024-08-27,2024-08-26,Road,16,35,4375.99,153159.65,Cloudy,South,No,74.1,DHL,Operational,1,0,1
3824,6828.0,3.6,3.0,2024-10-09,2024-10-12,2024-10-15,Sea,722,92,4822.27,443648.84,Clear,West,Yes,98.7,BlueDart,Traffic,0,0,1
3825,6178.0,4.6,10.0,2024-06-04,2024-06-14,2024-06-13,Road,1292,6,2007.1,12042.6,Rainy,West,Yes,91.9,FedEx,Traffic,1,0,1
3826,2668.0,2.6,8.0,2024-10-09,2024-10-17,2024-10-19,Air,1313,47,4930.6,231738.2,Rainy,South,No,73.9,DHL,Operational,0,0,1
3827,1926.0,3.7,10.0,2024-10-15,2024-10-25,2024-10-30,Sea,880,60,711.02,42661.2,Rainy,West,No,75.3,FedEx,,0,0,1
3828,7952.0,4.7,8.0,2024-06-06,2024-06-14,2024-06-19,Air,279,52,4275.06,222303.12,Clear,East,No,78.3,FedEx,Traffic,0,0,1
3829,6382.0,3.2,8.0,2024-04-06,2024-04-14,2024-04-14,Air,294,94,1934.71,181862.74,Clear,North,Yes,97.2,DHL,Weather,1,1,1
3830,8605.0,4.2,5.0,2024-07-24,2024-07-29,2024-07-29,Road,1230,17,4000.07,68001.19,Clear,North,No,73.4,FedEx,,1,0,1
3831,5360.0,5.0,10.0,2024-04-22,2024-05-02,2024-05-03,Sea,158,32,3394.5,108624.0,Clear,Central,Yes,93.6,DHL,Customs,0,0,1
3832,2223.0,4.2,6.0,2024-11-26,2024-12-02,2024-12-07,Sea,1490,59,4009.17,236541.03,Rainy,East,No,85.4,DHL,Traffic,0,0,1
3833,6402.0,3.8,4.0,2024-09-24,2024-09-28,2024-10-03,Air,1441,22,2391.94,52622.68,Storm,West,Yes,97.2,Delhivery,Customs,0,0,1
3834,4715.0,3.5,3.0,2024-01-17,2024-01-20,2024-01-21,Sea,397,42,126.11,5296.62,Rainy,West,Yes,98.4,DHL,Customs,0,0,1
3835,3134.0,3.2,5.0,2024-10-17,2024-10-22,2024-10-22,Air,385,95,4052.8,385016.0,Clear,West,Yes,96.1,BlueDart,Operational,1,0,1
3836,7766.0,4.6,3.0,2024-11-05,2024-11-08,2024-11-11,Air,479,56,718.21,40219.76,Rainy,Central,Yes,74.7,Delhivery,Operational,0,0,1
3837,2212.0,4.3,5.0,2024-07-18,2024-07-23,2024-07-25,Air,817,99,493.84,48890.16,Cloudy,East,No,97.6,DHL,Traffic,0,0,1
3838,8545.0,2.7,10.0,2024-02-11,2024-02-21,2024-02-26,Sea,1307,16,4514.91,72238.56,Storm,South,No,88.4,DHL,,0,1,0
3839,2140.0,4.6,2.0,2024-04-13,2024-04-15,2024-04-20,Road,788,6,1789.8,10738.8,Cloudy,North,No,81.9,Delhivery,Customs,0,1,0
3840,9357.0,4.3,9.0,2024-11-15,2024-11-24,2024-11-26,Sea,182,53,4295.87,227681.11,Cloudy,West,No,83.4,DHL,,0,0,1
3841,4407.0,4.5,4.0,2024-11-15,2024-11-19,2024-11-19,Road,208,45,1422.29,64003.05,Cloudy,Central,No,71.4,DHL,,1,0,1
3842,2532.0,3.4,8.0,2024-11-15,2024-11-23,2024-11-28,Road,560,20,4556.03,91120.6,Storm,North,Yes,93.8,Delhivery,Customs,0,0,1
3843,2850.0,2.7,3.0,2024-08-05,2024-08-08,2024-08-07,Road,546,76,3107.79,236192.04,Cloudy,East,No,75.0,FedEx,Customs,1,0,1
3844,6589.0,4.5,8.0,2024-02-20,2024-02-28,2024-02-27,Road,626,15,4220.04,63300.6,Clear,North,Yes,83.8,Delhivery,Customs,1,0,1
3845,6068.0,5.0,4.0,2024-04-29,2024-05-03,2024-05-02,Sea,725,48,122.68,5888.64,Clear,South,Yes,73.6,BlueDart,Weather,1,0,1
3846,8209.0,4.7,9.0,2024-04-14,2024-04-23,2024-04-22,Air,771,97,4102.47,397939.59,Rainy,West,No,81.0,FedEx,,1,1,1
3847,4336.0,2.9,5.0,2024-02-07,2024-02-12,2024-02-12,Sea,628,40,1129.52,45180.8,Rainy,East,No,99.7,Delhivery,Customs,1,0,1
3848,6951.0,2.6,3.0,2024-08-07,2024-08-10,2024-08-10,Road,1058,7,4880.6,34164.2,Rainy,South,No,85.9,Delhivery,Traffic,1,0,1
3849,5981.0,4.4,3.0,2024-08-15,2024-08-18,2024-08-21,Road,208,83,4727.11,392350.13,Storm,South,Yes,89.2,BlueDart,Traffic,0,0,1
3850,3427.0,3.0,3.0,2024-07-21,2024-07-24,2024-07-24,Sea,1262,41,2782.4,114078.4,Cloudy,East,Yes,77.9,FedEx,Weather,1,1,1
3851,9966.0,3.8,4.0,2024-01-21,2024-01-25,2024-01-26,Road,1157,61,2312.47,141060.67,Storm,Central,No,94.1,Delhivery,,0,1,0
3852,4631.0,3.5,6.0,2024-06-11,2024-06-17,2024-06-18,Sea,1373,14,2151.93,30127.02,Clear,East,No,90.8,FedEx,,0,0,1
3853,6188.0,4.1,9.0,2024-07-30,2024-08-08,2024-08-08,Air,614,69,3727.71,257211.99,Storm,North,No,99.4,Delhivery,Operational,1,0,1
3854,2154.0,4.5,5.0,2024-09-05,2024-09-10,2024-09-14,Road,191,98,1174.39,115090.22,Rainy,Central,No,84.0,EcomExpress,Weather,0,0,1
3855,7827.0,2.9,10.0,2024-05-07,2024-05-17,2024-05-21,Road,1067,37,1878.04,69487.48,Cloudy,West,No,89.2,EcomExpress,Operational,0,0,1
3856,1057.0,4.5,7.0,2024-05-21,2024-05-28,2024-05-31,Sea,931,8,308.71,2469.68,Clear,Central,Yes,90.7,EcomExpress,Traffic,0,0,1
3857,1981.0,4.1,7.0,2024-07-27,2024-08-03,2024-08-07,Road,1434,2,2589.01,5178.02,Rainy,Central,No,82.9,BlueDart,,0,1,0
3858,1325.0,3.9,7.0,2024-05-07,2024-05-14,2024-05-15,Road,1476,60,4590.54,275432.4,Cloudy,West,Yes,81.7,Delhivery,,0,0,1
3859,5397.0,4.3,8.0,2024-11-26,2024-12-04,2024-12-09,Road,873,64,4737.16,303178.24,Clear,East,Yes,84.9,DHL,Customs,0,0,1
3860,5895.0,4.4,5.0,2024-10-31,2024-11-05,2024-11-07,Road,270,3,2800.09,8400.27,Rainy,South,Yes,76.0,BlueDart,Traffic,0,0,1
3861,7643.0,3.3,8.0,2024-05-06,2024-05-14,2024-05-14,Road,1425,62,1019.68,63220.16,Cloudy,West,No,98.7,FedEx,,1,0,1
3862,1958.0,4.1,9.0,2024-04-14,2024-04-23,2024-04-23,Air,603,77,513.47,39537.19,Cloudy,East,No,70.2,EcomExpress,Operational,1,1,1
3863,8304.0,3.2,8.0,2024-08-24,2024-09-01,2024-09-06,Air,1363,2,4347.25,8694.5,Cloudy,Central,No,84.1,DHL,Operational,0,1,0
3864,8462.0,2.9,7.0,2024-11-22,2024-11-29,2024-12-02,Road,1252,20,4845.38,96907.6,Clear,South,Yes,78.4,FedEx,Customs,0,0,1
3865,2964.0,4.2,5.0,2024-11-01,2024-11-06,2024-11-10,Sea,443,31,4874.07,151096.17,Rainy,East,Yes,93.1,BlueDart,Customs,0,0,1
3866,2998.0,3.0,3.0,2024-11-02,2024-11-05,2024-11-08,Air,1446,97,2724.59,264285.23,Storm,East,No,75.4,BlueDart,Traffic,0,1,0
3867,5374.0,3.2,2.0,2024-04-16,2024-04-18,2024-04-21,Road,1171,69,723.67,49933.23,Storm,East,No,86.7,FedEx,Customs,0,0,1
3868,2432.0,3.2,5.0,2024-03-12,2024-03-17,2024-03-19,Road,1155,24,3610.97,86663.28,Rainy,East,Yes,89.7,DHL,Customs,0,0,1
3869,2736.0,4.8,8.0,2024-09-03,2024-09-11,2024-09-10,Road,1316,27,3340.33,90188.91,Clear,Central,Yes,99.9,EcomExpress,Traffic,1,0,1
3870,4300.0,4.9,2.0,2024-05-18,2024-05-20,2024-05-24,Road,230,78,1730.04,134943.12,Cloudy,North,Yes,70.3,BlueDart,Traffic,0,1,0
3871,2165.0,3.4,4.0,2024-09-27,2024-10-01,2024-10-01,Road,755,12,2857.92,34295.04,Storm,Central,No,88.3,DHL,Weather,1,0,1
3872,8647.0,3.1,7.0,2024-01-04,2024-01-11,2024-01-12,Air,924,92,3803.0,349876.0,Clear,East,Yes,83.0,DHL,Operational,0,0,1
3873,1647.0,3.9,7.0,2024-03-28,2024-04-04,2024-04-09,Air,607,41,4984.07,204346.87,Rainy,West,Yes,98.6,Delhivery,Customs,0,0,1
3874,2578.0,3.7,5.0,2024-01-07,2024-01-12,2024-01-17,Sea,1086,75,1968.84,147663.0,Rainy,East,Yes,76.3,Delhivery,Customs,0,1,0
3875,4976.0,4.9,7.0,2024-03-18,2024-03-25,2024-03-26,Road,814,87,4240.58,368930.46,Clear,South,No,89.5,DHL,Traffic,0,0,1
3876,3783.0,2.8,2.0,2024-02-24,2024-02-26,2024-02-29,Air,1363,18,669.36,12048.48,Clear,Central,Yes,91.4,DHL,Customs,0,1,0
3877,4576.0,3.6,4.0,2024-09-19,2024-09-23,2024-09-26,Road,1190,10,4882.25,48822.5,Clear,Central,Yes,84.0,FedEx,Traffic,0,0,1
3878,6498.0,3.1,5.0,2024-10-05,2024-10-10,2024-10-10,Sea,1194,13,3526.36,45842.68,Storm,East,Yes,98.4,EcomExpress,Operational,1,1,1
3879,9555.0,4.2,9.0,2024-04-16,2024-04-25,2024-04-29,Air,213,90,2289.5,206055.0,Cloudy,Central,No,86.7,FedEx,Customs,0,0,1
3880,9486.0,4.9,6.0,2024-09-29,2024-10-05,2024-10-07,Sea,239,74,2466.12,182492.88,Storm,West,No,83.6,BlueDart,Weather,0,1,0
3881,4053.0,4.3,6.0,2024-07-10,2024-07-16,2024-07-19,Sea,1029,70,1041.91,72933.7,Rainy,West,Yes,90.0,BlueDart,Customs,0,0,1
3882,6826.0,3.3,8.0,2024-03-16,2024-03-24,2024-03-24,Road,834,77,3321.72,255772.44,Cloudy,South,Yes,81.0,FedEx,Customs,1,1,1
3883,6712.0,4.0,3.0,2024-08-15,2024-08-18,2024-08-23,Air,303,22,3233.75,71142.5,Storm,North,No,85.7,EcomExpress,Weather,0,0,1
3884,5154.0,3.6,5.0,2024-10-09,2024-10-14,2024-10-14,Air,976,35,1395.02,48825.7,Clear,Central,No,82.4,EcomExpress,,1,0,1
3885,1861.0,2.9,2.0,2024-10-09,2024-10-11,2024-10-11,Sea,274,21,2273.23,47737.83,Storm,North,No,89.0,EcomExpress,Operational,1,0,1
3886,6566.0,4.9,4.0,2024-01-30,2024-02-03,2024-02-03,Sea,1078,54,1899.16,102554.64,Clear,Central,Yes,78.7,FedEx,Traffic,1,0,1
3887,7426.0,3.6,2.0,2024-08-03,2024-08-05,2024-08-06,Sea,630,72,3306.74,238085.28,Storm,East,No,70.2,Delhivery,Traffic,0,1,0
3888,2926.0,4.3,9.0,2024-04-12,2024-04-21,2024-04-21,Road,190,99,2093.05,207211.95,Clear,Central,No,89.4,Delhivery,,1,0,1
3889,7521.0,2.6,3.0,2024-11-03,2024-11-06,2024-11-06,Sea,1035,47,3745.99,176061.53,Rainy,Central,No,96.4,EcomExpress,Traffic,1,1,1
3890,1055.0,3.9,6.0,2024-06-08,2024-06-14,2024-06-19,Road,1426,68,4609.79,313465.72,Rainy,West,Yes,81.2,EcomExpress,Customs,0,1,0
3891,9021.0,3.5,9.0,2024-05-15,2024-05-24,2024-05-28,Air,482,14,2823.15,39524.1,Rainy,West,No,82.6,EcomExpress,,0,0,1
3892,2893.0,3.6,2.0,2024-09-13,2024-09-15,2024-09-20,Road,406,31,4536.39,140628.09,Clear,West,No,98.8,EcomExpress,Traffic,0,0,1
3893,2982.0,3.5,2.0,2024-05-26,2024-05-28,2024-05-30,Sea,437,21,3340.9,70158.9,Clear,North,No,97.9,EcomExpress,Customs,0,1,0
3894,9305.0,3.6,5.0,2024-10-31,2024-11-05,2024-11-05,Air,967,58,2644.44,153377.52,Rainy,Central,Yes,86.0,EcomExpress,Operational,1,0,1
3895,7881.0,3.1,10.0,2024-09-24,2024-10-04,2024-10-09,Sea,710,31,4710.06,146011.86,Cloudy,West,Yes,95.3,DHL,Weather,0,0,1
3896,3523.0,4.2,7.0,2024-04-07,2024-04-14,2024-04-16,Road,900,19,3921.46,74507.74,Clear,East,Yes,77.6,Delhivery,Operational,0,1,0
3897,1328.0,3.6,7.0,2024-02-21,2024-02-28,2024-03-02,Air,1220,84,761.42,63959.28,Storm,West,No,81.9,BlueDart,Operational,0,0,1
3898,4770.0,2.9,5.0,2024-02-22,2024-02-27,2024-03-01,Road,1113,15,3546.98,53204.7,Rainy,North,Yes,81.4,BlueDart,Customs,0,0,1
3899,5054.0,4.2,9.0,2024-05-01,2024-05-10,2024-05-12,Air,458,9,2612.11,23508.99,Cloudy,West,No,92.7,DHL,Customs,0,0,1
3900,3956.0,4.9,3.0,2024-04-07,2024-04-10,2024-04-11,Sea,350,76,3434.25,261003.0,Rainy,Central,Yes,78.4,FedEx,Operational,0,1,0
3901,7404.0,3.2,2.0,2024-03-21,2024-03-23,2024-03-23,Road,237,17,234.94,3993.98,Rainy,North,Yes,94.6,BlueDart,Weather,1,0,1
3902,8781.0,4.1,2.0,2024-06-12,2024-06-14,2024-06-14,Air,1309,20,2926.32,58526.4,Cloudy,South,No,75.8,FedEx,,1,0,1
3903,8760.0,4.7,8.0,2024-06-11,2024-06-19,2024-06-22,Road,809,5,286.69,1433.45,Storm,West,Yes,81.8,FedEx,,0,0,1
3904,7100.0,3.5,7.0,2024-11-09,2024-11-16,2024-11-17,Sea,411,69,2035.15,140425.35,Storm,West,Yes,77.0,FedEx,Customs,0,1,0
3905,4228.0,4.4,4.0,2024-04-28,2024-05-02,2024-05-02,Sea,1294,40,1857.01,74280.4,Rainy,West,Yes,84.5,EcomExpress,Operational,1,1,1
3906,6387.0,2.9,6.0,2024-05-16,2024-05-22,2024-05-27,Road,1499,56,4342.42,243175.52,Storm,West,Yes,85.3,DHL,Weather,0,0,1
3907,1919.0,3.5,4.0,2024-01-22,2024-01-26,2024-01-29,Sea,746,68,4498.26,305881.68,Storm,West,No,87.3,FedEx,Traffic,0,0,1
3908,3124.0,2.9,2.0,2024-06-24,2024-06-26,2024-07-01,Sea,939,24,4942.1,118610.4,Rainy,West,No,86.1,FedEx,,0,0,1
3909,1977.0,4.4,10.0,2024-04-26,2024-05-06,2024-05-09,Road,71,85,4170.53,354495.05,Cloudy,East,Yes,79.1,BlueDart,Operational,0,0,1
3910,5516.0,4.2,6.0,2024-06-13,2024-06-19,2024-06-22,Sea,99,78,855.59,66736.02,Rainy,South,No,79.0,BlueDart,Operational,0,0,1
3911,5811.0,2.6,4.0,2024-08-16,2024-08-20,2024-08-24,Road,598,46,2709.55,124639.3,Rainy,Central,No,77.2,FedEx,Traffic,0,0,1
3912,3685.0,3.1,3.0,2024-10-30,2024-11-02,2024-11-04,Air,883,34,3856.56,131123.04,Cloudy,East,Yes,93.8,DHL,,0,0,1
3913,7716.0,3.8,9.0,2024-06-17,2024-06-26,2024-06-27,Sea,668,54,4784.9,258384.6,Rainy,South,No,70.3,EcomExpress,Customs,0,0,1
3914,8875.0,4.4,4.0,2024-11-07,2024-11-11,2024-11-13,Sea,838,57,2673.99,152417.43,Rainy,West,No,85.3,Delhivery,Weather,0,0,1
3915,6677.0,2.6,9.0,2024-04-19,2024-04-28,2024-04-28,Sea,1209,31,3954.79,122598.49,Storm,North,No,97.3,DHL,Traffic,1,0,1
3916,3739.0,3.1,6.0,2024-10-05,2024-10-11,2024-10-11,Air,360,3,1911.47,5734.41,Cloudy,South,No,86.8,BlueDart,,1,1,1
3917,7212.0,2.6,3.0,2024-07-19,2024-07-22,2024-07-23,Air,1034,11,734.05,8074.55,Storm,West,No,77.1,FedEx,Traffic,0,0,1
3918,2858.0,4.8,10.0,2024-02-09,2024-02-19,2024-02-22,Air,1056,29,4295.0,124555.0,Rainy,South,Yes,75.5,BlueDart,,0,0,1
3919,2056.0,4.0,6.0,2024-10-31,2024-11-06,2024-11-08,Sea,901,89,800.7,71262.3,Storm,Central,Yes,79.0,Delhivery,Traffic,0,0,1
3920,4563.0,3.5,3.0,2024-01-21,2024-01-24,2024-01-28,Road,248,28,1106.02,30968.56,Clear,East,No,98.1,Delhivery,Customs,0,1,0
3921,4659.0,2.6,8.0,2024-07-16,2024-07-24,2024-07-25,Sea,236,56,3617.72,202592.32,Cloudy,East,No,83.4,EcomExpress,Operational,0,0,1
3922,9500.0,4.8,10.0,2024-11-20,2024-11-30,2024-11-29,Sea,1461,34,2150.08,73102.72,Clear,West,Yes,92.6,EcomExpress,Traffic,1,0,1
3923,9597.0,2.5,6.0,2024-05-05,2024-05-11,2024-05-11,Sea,635,83,3089.77,256450.91,Cloudy,North,Yes,98.7,Delhivery,,1,1,1
3924,2307.0,4.8,7.0,2024-11-05,2024-11-12,2024-11-16,Sea,218,97,4883.71,473719.87,Storm,South,No,81.9,DHL,Operational,0,0,1
3925,1836.0,4.2,3.0,2024-06-22,2024-06-25,2024-06-28,Air,1497,26,3296.17,85700.42,Storm,South,No,97.5,FedEx,Traffic,0,1,0
3926,1865.0,3.6,2.0,2024-03-30,2024-04-01,2024-04-06,Air,382,36,3385.12,121864.32,Rainy,East,No,99.6,DHL,,0,1,0
3927,7121.0,3.0,5.0,2024-10-14,2024-10-19,2024-10-23,Sea,734,62,2603.57,161421.34,Storm,North,Yes,99.9,Delhivery,,0,0,1
3928,7883.0,3.2,7.0,2024-06-21,2024-06-28,2024-06-27,Air,1032,40,2361.62,94464.8,Cloudy,East,Yes,84.5,Delhivery,,1,0,1
3929,5986.0,4.3,5.0,2024-09-11,2024-09-16,2024-09-20,Sea,1200,69,4802.72,331387.68,Storm,West,No,88.5,Delhivery,Traffic,0,0,1
3930,5392.0,5.0,6.0,2024-03-18,2024-03-24,2024-03-24,Sea,435,11,3466.65,38133.15,Rainy,West,No,71.9,BlueDart,Customs,1,0,1
3931,7597.0,2.5,9.0,2024-05-12,2024-05-21,2024-05-23,Air,655,68,4190.9,284981.2,Rainy,North,No,96.7,BlueDart,,0,1,0
3932,2208.0,3.7,9.0,2024-09-02,2024-09-11,2024-09-13,Road,1247,4,562.93,2251.72,Cloudy,Central,No,88.3,DHL,Weather,0,0,1
3933,1544.0,3.4,4.0,2024-05-03,2024-05-07,2024-05-11,Road,97,19,2406.46,45722.74,Rainy,West,Yes,70.8,FedEx,Traffic,0,0,1
3934,8337.0,3.8,4.0,2024-03-06,2024-03-10,2024-03-12,Air,443,2,4868.43,9736.86,Storm,East,Yes,96.0,BlueDart,Customs,0,0,1
3935,6299.0,4.7,6.0,2024-05-12,2024-05-18,2024-05-17,Air,1193,30,866.77,26003.1,Rainy,Central,Yes,70.7,FedEx,Weather,1,1,1
3936,8314.0,2.7,10.0,2024-07-19,2024-07-29,2024-07-31,Road,207,52,3707.53,192791.56,Clear,South,Yes,82.5,Delhivery,,0,0,1
3937,2011.0,4.5,7.0,2024-11-24,2024-12-01,2024-12-06,Air,608,21,946.62,19879.02,Rainy,North,Yes,73.2,DHL,Traffic,0,1,0
3938,5291.0,4.2,4.0,2024-11-15,2024-11-19,2024-11-18,Air,1361,48,2002.22,96106.56,Storm,West,No,79.2,DHL,Operational,1,0,1
3939,1382.0,3.4,9.0,2024-08-05,2024-08-14,2024-08-17,Sea,1422,39,3962.94,154554.66,Cloudy,West,Yes,85.5,Delhivery,Traffic,0,0,1
3940,8073.0,4.9,8.0,2024-08-29,2024-09-06,2024-09-07,Sea,22,14,556.9,7796.6,Rainy,East,Yes,87.0,FedEx,Customs,0,0,1
3941,1203.0,3.9,10.0,2024-09-08,2024-09-18,2024-09-19,Sea,614,16,2221.37,35541.92,Rainy,North,Yes,87.9,FedEx,Operational,0,1,0
3942,2825.0,3.1,4.0,2024-10-25,2024-10-29,2024-10-30,Sea,1105,49,351.01,17199.49,Clear,South,Yes,73.4,Delhivery,Operational,0,0,1
3943,6398.0,4.9,8.0,2024-08-12,2024-08-20,2024-08-23,Air,171,42,1922.74,80755.08,Rainy,Central,Yes,93.4,EcomExpress,,0,0,1
3944,4093.0,4.9,8.0,2024-03-23,2024-03-31,2024-04-04,Sea,830,10,2338.68,23386.8,Clear,West,Yes,89.4,Delhivery,Operational,0,1,0
3945,2301.0,3.4,8.0,2024-03-11,2024-03-19,2024-03-19,Air,1114,5,894.51,4472.55,Storm,West,Yes,92.9,BlueDart,Traffic,1,0,1
3946,,2.7,,2024-10-19,2024-10-21,2024-10-22,Road,665,65,2542.77,,Cloudy,East,Yes,95.9,FedEx,Customs,0,1,0
3947,4271.0,4.5,5.0,2024-03-30,2024-04-04,2024-04-03,Sea,1427,13,4765.86,61956.18,Cloudy,Central,No,78.2,Delhivery,,1,1,1
3948,2570.0,4.5,8.0,2024-10-09,2024-10-17,2024-10-17,Sea,1471,46,2934.7,134996.2,Storm,East,Yes,78.2,EcomExpress,Weather,1,0,1
3949,2365.0,3.1,4.0,2024-10-31,2024-11-04,2024-11-05,Sea,87,99,916.01,90684.99,Cloudy,Central,No,70.3,DHL,Customs,0,0,1
3950,9220.0,3.2,7.0,2024-05-27,2024-06-03,2024-06-08,Air,41,24,2620.98,62903.52,Cloudy,South,No,83.3,Delhivery,Customs,0,0,1
3951,7635.0,3.9,10.0,2024-01-11,2024-01-21,2024-01-24,Air,698,65,4376.31,284460.15,Storm,East,Yes,86.3,Delhivery,Traffic,0,0,1
3952,9814.0,3.0,4.0,2024-04-20,2024-04-24,2024-04-26,Road,769,59,1013.85,59817.15,Storm,West,Yes,73.2,EcomExpress,Customs,0,1,0
3953,5749.0,2.6,9.0,2024-01-24,2024-02-02,2024-02-02,Sea,873,75,3587.74,269080.5,Clear,South,No,80.7,EcomExpress,Operational,1,0,1
3954,5981.0,3.4,4.0,2024-06-19,2024-06-23,2024-06-28,Air,504,33,4686.78,154663.74,Storm,West,Yes,89.0,FedEx,Traffic,0,0,1
3955,8389.0,4.6,9.0,2024-04-05,2024-04-14,2024-04-15,Sea,1453,71,4197.27,298006.17,Clear,North,Yes,96.3,FedEx,Operational,0,0,1
3956,9313.0,3.8,9.0,2024-07-16,2024-07-25,2024-07-29,Road,72,69,1909.67,131767.23,Cloudy,South,Yes,95.5,BlueDart,Weather,0,0,1
3957,3233.0,3.8,7.0,2024-02-08,2024-02-15,2024-02-20,Air,1019,51,4125.71,210411.21,Rainy,North,No,93.5,BlueDart,Traffic,0,0,1
3958,6728.0,3.6,6.0,2024-06-13,2024-06-19,2024-06-24,Road,1058,69,3287.61,226845.09,Rainy,South,Yes,87.2,EcomExpress,Traffic,0,0,1
3959,6660.0,4.5,9.0,2024-11-01,2024-11-10,2024-11-11,Air,366,36,1270.84,45750.24,Cloudy,North,Yes,89.4,FedEx,Operational,0,0,1
3960,8423.0,2.5,10.0,2024-04-12,2024-04-22,2024-04-21,Air,1287,27,3899.62,105289.74,Cloudy,Central,Yes,88.1,Delhivery,Weather,1,0,1
3961,4413.0,2.8,5.0,2024-08-30,2024-09-04,2024-09-05,Air,332,75,2168.15,162611.25,Cloudy,East,Yes,78.9,BlueDart,Operational,0,0,1
3962,4001.0,3.6,5.0,2024-03-15,2024-03-20,2024-03-21,Sea,398,62,1634.57,101343.34,Clear,Central,Yes,90.3,Delhivery,,0,0,1
3963,5774.0,5.0,3.0,2024-11-08,2024-11-11,2024-11-12,Road,1034,34,2647.77,90024.18,Rainy,North,No,76.9,FedEx,,0,0,1
3964,3460.0,4.3,10.0,2024-07-05,2024-07-15,2024-07-20,Air,1059,94,1777.86,167118.84,Rainy,East,Yes,88.2,Delhivery,,0,0,1
3965,7497.0,2.9,4.0,2024-08-09,2024-08-13,2024-08-17,Road,1087,85,3681.63,312938.55,Clear,North,No,75.7,EcomExpress,Traffic,0,0,1
3966,4680.0,4.4,9.0,2024-07-03,2024-07-12,2024-07-13,Road,1083,44,3885.86,170977.84,Rainy,Central,Yes,74.5,BlueDart,,0,0,1
3967,6810.0,3.2,2.0,2024-11-10,2024-11-12,2024-11-13,Sea,534,16,4029.34,64469.44,Storm,East,Yes,71.3,BlueDart,Customs,0,1,0
3968,8570.0,4.6,6.0,2024-06-24,2024-06-30,2024-07-03,Air,766,80,2745.05,219604.0,Storm,Central,No,97.3,DHL,,0,0,1
3969,9664.0,4.2,6.0,2024-05-27,2024-06-02,2024-06-06,Sea,1219,30,3439.79,103193.7,Clear,North,No,76.8,Delhivery,Weather,0,0,1
3970,6246.0,3.5,5.0,2024-11-03,2024-11-08,2024-11-13,Road,652,28,311.2,8713.6,Cloudy,North,Yes,78.1,Delhivery,Traffic,0,1,0
3971,2240.0,3.6,2.0,2024-05-14,2024-05-16,2024-05-16,Air,1125,73,3765.94,274913.62,Cloudy,East,Yes,87.6,BlueDart,Traffic,1,0,1
3972,2302.0,3.5,4.0,2024-07-19,2024-07-23,2024-07-25,Air,1174,62,1661.44,103009.28,Storm,South,No,75.2,FedEx,Weather,0,0,1
3973,1653.0,4.8,2.0,2024-08-01,2024-08-03,2024-08-08,Sea,580,99,481.59,47677.41,Storm,West,Yes,97.4,BlueDart,Customs,0,0,1
3974,8576.0,3.4,4.0,2024-09-03,2024-09-07,2024-09-07,Sea,1151,96,3901.93,374585.28,Storm,Central,Yes,83.5,DHL,Operational,1,0,1
3975,5755.0,4.5,5.0,2024-11-21,2024-11-26,2024-12-01,Sea,330,99,4208.57,416648.43,Cloudy,North,Yes,74.8,FedEx,Traffic,0,0,1
3976,9100.0,3.1,7.0,2024-03-10,2024-03-17,2024-03-20,Road,1367,73,2810.44,205162.12,Rainy,West,Yes,72.5,DHL,Operational,0,1,0
3977,7719.0,3.9,3.0,2024-06-24,2024-06-27,2024-06-27,Air,469,45,3769.92,169646.4,Cloudy,East,Yes,100.0,EcomExpress,,1,0,1
3978,1570.0,3.6,7.0,2024-09-19,2024-09-26,2024-09-27,Air,1259,60,693.11,41586.6,Cloudy,Central,No,82.4,BlueDart,Operational,0,0,1
3979,9135.0,4.1,2.0,2024-03-28,2024-03-30,2024-04-02,Road,1198,45,2952.14,132846.3,Clear,East,No,87.2,FedEx,Customs,0,0,1
3980,3745.0,4.9,5.0,2024-11-07,2024-11-12,2024-11-15,Air,1281,93,2955.11,274825.23,Cloudy,East,No,99.2,EcomExpress,,0,0,1
3981,5629.0,4.9,7.0,2024-10-17,2024-10-24,2024-10-25,Air,554,96,1431.56,137429.76,Storm,South,Yes,90.9,DHL,Operational,0,0,1
3982,4117.0,3.0,8.0,2024-03-20,2024-03-28,2024-03-28,Road,398,6,4062.57,24375.42,Rainy,Central,No,96.3,DHL,Customs,1,0,1
3983,9948.0,3.5,5.0,2024-07-30,2024-08-04,2024-08-08,Sea,231,87,4557.29,396484.23,Cloudy,North,Yes,84.6,FedEx,Operational,0,0,1
3984,9257.0,4.2,3.0,2024-02-13,2024-02-16,2024-02-19,Air,603,12,878.84,10546.08,Storm,Central,No,72.2,DHL,Operational,0,0,1
3985,4047.0,4.6,9.0,2024-06-08,2024-06-17,2024-06-21,Air,1250,44,458.35,20167.4,Clear,North,No,96.7,BlueDart,Weather,0,1,0
3986,5602.0,3.2,4.0,2024-11-14,2024-11-18,2024-11-22,Air,1228,3,1128.93,3386.79,Clear,Central,Yes,89.8,FedEx,Operational,0,0,1
3987,9950.0,4.2,3.0,2024-01-04,2024-01-07,2024-01-10,Sea,1176,88,3853.84,339137.92,Cloudy,North,Yes,77.1,EcomExpress,,0,0,1
3988,8130.0,3.5,7.0,2024-05-11,2024-05-18,2024-05-22,Air,1101,66,3210.24,211875.84,Cloudy,East,No,94.0,BlueDart,,0,1,0
3989,9018.0,4.6,9.0,2024-06-25,2024-07-04,2024-07-05,Air,247,14,2190.24,30663.36,Cloudy,South,Yes,86.6,DHL,Weather,0,0,1
3990,8794.0,4.6,6.0,2024-02-17,2024-02-23,2024-02-25,Sea,1116,29,644.83,18700.07,Rainy,East,Yes,84.7,BlueDart,Customs,0,1,0
3991,9743.0,5.0,4.0,2024-07-07,2024-07-11,2024-07-10,Sea,1211,38,129.37,4916.06,Clear,West,No,73.4,BlueDart,Traffic,1,1,1
3992,5117.0,3.8,5.0,2024-06-26,2024-07-01,2024-07-04,Road,592,96,2787.4,267590.4,Storm,South,Yes,84.6,FedEx,Weather,0,0,1
3993,3159.0,4.5,9.0,2024-02-06,2024-02-15,2024-02-17,Road,685,46,3639.97,167438.62,Rainy,South,No,92.1,EcomExpress,Traffic,0,0,1
3994,8824.0,3.6,6.0,2024-11-17,2024-11-23,2024-11-26,Road,1162,73,674.8,49260.4,Storm,West,Yes,96.9,Delhivery,Customs,0,1,0
3995,4417.0,4.6,8.0,2024-05-15,2024-05-23,2024-05-23,Sea,1401,69,778.09,53688.21,Storm,South,No,80.1,FedEx,Operational,1,0,1
3996,9993.0,4.6,5.0,2024-11-22,2024-11-27,2024-12-02,Air,400,84,979.75,82299.0,Rainy,North,Yes,73.5,FedEx,Traffic,0,0,1
3997,2351.0,3.4,10.0,2024-03-08,2024-03-18,2024-03-18,Air,1155,45,2282.45,102710.25,Clear,West,Yes,89.7,BlueDart,Operational,1,0,1
3998,3236.0,3.4,2.0,2024-10-25,2024-10-27,2024-10-28,Air,1008,19,3743.78,71131.82,Rainy,West,No,83.4,BlueDart,Weather,0,0,1
3999,7890.0,3.0,8.0,2024-11-19,2024-11-27,2024-11-26,Sea,666,54,2304.74,124455.96,Storm,North,No,82.6,Delhivery,Weather,1,0,1
4000,9493.0,3.6,2.0,2024-07-05,2024-07-07,2024-07-11,Road,14,99,2137.84,211646.16,Clear,North,No,88.3,EcomExpress,,0,0,1
4001,,2.7,,2024-01-24,2024-02-01,2024-02-04,Air,1462,3,2533.67,,Rainy,North,Yes,86.2,DHL,Weather,0,0,1
4002,6104.0,2.6,4.0,2024-04-02,2024-04-06,2024-04-09,Air,88,35,2549.09,89218.15,Rainy,South,No,91.5,FedEx,Operational,0,0,1
4003,4614.0,3.4,2.0,2024-02-14,2024-02-16,2024-02-15,Sea,1215,87,1690.23,147050.01,Clear,East,Yes,72.1,BlueDart,Customs,1,0,1
4004,4008.0,4.8,10.0,2024-10-24,2024-11-03,2024-11-06,Air,1213,76,2535.68,192711.68,Storm,South,Yes,82.3,DHL,Weather,0,0,1
4005,1630.0,2.8,4.0,2024-05-28,2024-06-01,2024-05-31,Sea,928,30,1240.4,37212.0,Clear,North,No,78.5,EcomExpress,Traffic,1,0,1
4006,1703.0,2.8,2.0,2024-07-31,2024-08-02,2024-08-01,Sea,1336,44,3701.56,162868.64,Rainy,West,Yes,78.4,EcomExpress,Customs,1,0,1
4007,6050.0,4.4,4.0,2024-11-06,2024-11-10,2024-11-11,Road,906,23,4181.21,96167.83,Rainy,South,No,89.5,FedEx,,0,0,1
4008,3463.0,3.4,10.0,2024-02-21,2024-03-02,2024-03-02,Sea,942,38,484.8,18422.4,Cloudy,North,No,99.8,BlueDart,Weather,1,0,1
4009,1940.0,4.2,7.0,2024-04-22,2024-04-29,2024-05-02,Sea,1390,9,2559.5,23035.5,Rainy,South,Yes,98.2,BlueDart,,0,0,1
4010,5648.0,3.1,4.0,2024-09-27,2024-10-01,2024-10-01,Road,928,65,3605.75,234373.75,Cloudy,Central,No,91.1,EcomExpress,Traffic,1,0,1
4011,2606.0,5.0,6.0,2024-03-18,2024-03-24,2024-03-29,Air,562,94,3692.99,347141.06,Cloudy,South,No,97.2,BlueDart,Customs,0,0,1
4012,5743.0,4.9,2.0,2024-02-18,2024-02-20,2024-02-25,Air,1305,23,3498.69,80469.87,Rainy,South,Yes,81.0,FedEx,Weather,0,1,0
4013,9239.0,3.7,7.0,2024-10-02,2024-10-09,2024-10-11,Road,966,16,2912.75,46604.0,Storm,South,No,85.2,Delhivery,Traffic,0,0,1
4014,2590.0,3.2,9.0,2024-08-30,2024-09-08,2024-09-13,Road,1480,61,4934.71,301017.31,Clear,West,Yes,78.0,FedEx,Traffic,0,0,1
4015,6492.0,3.3,4.0,2024-10-11,2024-10-15,2024-10-19,Road,940,51,3283.32,167449.32,Cloudy,South,No,83.5,DHL,Operational,0,0,1
4016,7661.0,4.7,5.0,2024-07-05,2024-07-10,2024-07-09,Road,203,13,2644.3,34375.9,Rainy,East,Yes,83.6,BlueDart,Operational,1,0,1
4017,7773.0,4.3,8.0,2024-02-08,2024-02-16,2024-02-20,Sea,608,48,3049.01,146352.48,Cloudy,West,Yes,92.0,FedEx,Weather,0,0,1
4018,1406.0,3.7,8.0,2024-10-03,2024-10-11,2024-10-10,Air,919,7,3793.11,26551.77,Rainy,West,No,95.7,Delhivery,,1,0,1
4019,4951.0,3.1,5.0,2024-04-27,2024-05-02,2024-05-05,Air,287,78,2060.62,160728.36,Rainy,West,No,88.8,Delhivery,Weather,0,1,0
4020,5548.0,3.7,7.0,2024-09-10,2024-09-17,2024-09-22,Road,424,65,2602.72,169176.8,Rainy,West,Yes,90.2,Delhivery,Operational,0,0,1
4021,9811.0,3.3,7.0,2024-02-19,2024-02-26,2024-02-28,Sea,75,20,1626.18,32523.6,Cloudy,North,Yes,79.2,FedEx,,0,0,1
4022,2273.0,2.7,7.0,2024-06-04,2024-06-11,2024-06-16,Air,372,13,3558.55,46261.15,Rainy,West,Yes,81.5,Delhivery,,0,0,1
4023,5356.0,4.3,7.0,2024-07-07,2024-07-14,2024-07-18,Air,372,76,1367.28,103913.28,Rainy,North,No,73.7,EcomExpress,Traffic,0,1,0
4024,1189.0,2.8,10.0,2024-03-21,2024-03-31,2024-04-04,Sea,740,21,956.26,20081.46,Rainy,North,Yes,86.9,EcomExpress,Weather,0,0,1
4025,1162.0,3.0,10.0,2024-03-11,2024-03-21,2024-03-23,Air,1340,70,3035.55,212488.5,Rainy,Central,Yes,98.4,EcomExpress,Traffic,0,0,1
4026,2097.0,3.0,2.0,2024-04-16,2024-04-18,2024-04-21,Road,894,39,3739.0,145821.0,Rainy,North,No,95.2,Delhivery,Operational,0,0,1
4027,5921.0,3.4,7.0,2024-11-04,2024-11-11,2024-11-10,Road,979,83,1532.16,127169.28,Cloudy,West,Yes,92.8,Delhivery,,1,0,1
4028,4357.0,4.7,5.0,2024-07-31,2024-08-05,2024-08-06,Road,1468,23,437.49,10062.27,Storm,East,No,70.2,BlueDart,Weather,0,0,1
4029,3528.0,3.6,2.0,2024-07-17,2024-07-19,2024-07-24,Sea,894,12,1074.91,12898.92,Storm,South,Yes,90.4,BlueDart,,0,0,1
4030,4732.0,3.7,8.0,2024-07-06,2024-07-14,2024-07-16,Sea,1106,38,3275.51,124469.38,Rainy,Central,No,76.3,DHL,Traffic,0,1,0
4031,4132.0,2.5,6.0,2024-03-17,2024-03-23,2024-03-22,Sea,659,48,819.34,39328.32,Storm,South,No,78.1,EcomExpress,Customs,1,1,1
4032,5317.0,4.8,9.0,2024-09-17,2024-09-26,2024-09-29,Sea,840,23,1459.69,33572.87,Clear,East,No,83.0,BlueDart,Customs,0,0,1
4033,6035.0,4.4,4.0,2024-04-18,2024-04-22,2024-04-22,Air,757,37,1951.65,72211.05,Clear,Central,Yes,93.0,BlueDart,Operational,1,0,1
4034,9388.0,4.5,4.0,2024-02-16,2024-02-20,2024-02-21,Road,305,30,1892.09,56762.7,Cloudy,East,No,99.0,EcomExpress,Operational,0,0,1
4035,9830.0,4.3,2.0,2024-08-11,2024-08-13,2024-08-15,Air,246,21,3349.23,70333.83,Rainy,Central,Yes,89.9,DHL,Operational,0,1,0
4036,6070.0,4.1,7.0,2024-06-17,2024-06-24,2024-06-29,Sea,1448,94,1787.97,168069.18,Clear,East,Yes,88.3,BlueDart,Traffic,0,0,1
4037,8530.0,3.9,7.0,2024-05-31,2024-06-07,2024-06-08,Sea,383,4,1021.79,4087.16,Storm,Central,Yes,95.3,BlueDart,,0,0,1
4038,3154.0,4.0,3.0,2024-03-13,2024-03-16,2024-03-19,Road,230,97,4608.35,447009.95,Storm,Central,Yes,70.8,Delhivery,Operational,0,0,1
4039,6109.0,2.6,3.0,2024-01-02,2024-01-05,2024-01-04,Air,401,51,1191.35,60758.85,Rainy,West,No,77.4,EcomExpress,Traffic,1,0,1
4040,5259.0,4.7,10.0,2024-09-01,2024-09-11,2024-09-11,Air,1010,99,1217.11,120493.89,Cloudy,Central,No,92.4,EcomExpress,Customs,1,1,1
4041,1885.0,4.2,5.0,2024-10-08,2024-10-13,2024-10-16,Sea,456,36,730.95,26314.2,Rainy,East,Yes,75.8,FedEx,Weather,0,0,1
4042,9627.0,3.3,6.0,2024-08-16,2024-08-22,2024-08-22,Air,492,13,2487.83,32341.79,Cloudy,North,Yes,85.3,Delhivery,Operational,1,0,1
4043,8866.0,3.0,2.0,2024-02-27,2024-02-29,2024-02-29,Air,118,73,4549.89,332141.97,Storm,Central,Yes,99.1,Delhivery,,1,0,1
4044,6921.0,3.4,2.0,2024-01-22,2024-01-24,2024-01-23,Sea,297,43,773.47,33259.21,Cloudy,North,No,93.7,FedEx,Customs,1,0,1
4045,2032.0,3.4,9.0,2024-06-22,2024-07-01,2024-07-06,Air,470,67,2786.96,186726.32,Cloudy,North,No,74.6,DHL,Weather,0,1,0
4046,6311.0,3.4,5.0,2024-09-28,2024-10-03,2024-10-08,Sea,1259,20,3849.9,76998.0,Rainy,East,No,74.4,Delhivery,Operational,0,1,0
4047,9567.0,4.7,8.0,2024-07-02,2024-07-10,2024-07-11,Air,1105,18,664.22,11955.96,Cloudy,East,Yes,84.4,DHL,Operational,0,0,1
4048,4104.0,3.8,2.0,2024-11-23,2024-11-25,2024-11-30,Sea,519,21,1901.77,39937.17,Clear,North,Yes,79.8,Delhivery,,0,1,0
4049,5467.0,4.0,4.0,2024-03-28,2024-04-01,2024-04-04,Sea,129,30,3691.59,110747.7,Storm,Central,No,75.0,DHL,Traffic,0,0,1
4050,3984.0,4.0,7.0,2024-05-13,2024-05-20,2024-05-19,Road,1359,38,4502.1,171079.8,Cloudy,Central,Yes,99.3,FedEx,Weather,1,0,1
4051,6218.0,4.5,3.0,2024-04-14,2024-04-17,2024-04-22,Sea,980,72,1800.32,129623.04,Storm,East,No,90.8,FedEx,Customs,0,1,0
4052,7258.0,4.9,2.0,2024-09-20,2024-09-22,2024-09-25,Sea,1007,5,1320.37,6601.85,Storm,West,No,76.3,DHL,Weather,0,0,1
4053,4907.0,3.4,5.0,2024-02-28,2024-03-04,2024-03-09,Air,281,16,4148.98,66383.68,Storm,South,Yes,71.7,FedEx,Traffic,0,0,1
4054,1864.0,3.0,8.0,2024-11-24,2024-12-02,2024-12-06,Road,426,91,4161.45,378691.95,Storm,Central,Yes,71.2,DHL,Weather,0,1,0
4055,3240.0,3.9,5.0,2024-05-24,2024-05-29,2024-06-02,Sea,373,6,1697.35,10184.1,Storm,South,No,84.7,BlueDart,Operational,0,0,1
4056,1578.0,4.5,8.0,2024-08-15,2024-08-23,2024-08-26,Road,358,13,3682.49,47872.37,Storm,East,No,84.9,BlueDart,,0,0,1
4057,5676.0,3.1,2.0,2024-10-25,2024-10-27,2024-10-27,Air,1363,63,695.02,43786.26,Cloudy,Central,No,89.2,EcomExpress,Operational,1,0,1
4058,2885.0,2.9,5.0,2024-02-06,2024-02-11,2024-02-13,Sea,295,9,1281.8,11536.2,Storm,West,Yes,99.2,DHL,,0,0,1
4059,9779.0,4.3,10.0,2024-09-12,2024-09-22,2024-09-27,Sea,218,13,116.37,1512.81,Clear,North,No,84.1,FedEx,Operational,0,0,1
4060,6047.0,4.0,5.0,2024-04-28,2024-05-03,2024-05-02,Road,1215,44,205.82,9056.08,Rainy,South,No,92.1,EcomExpress,Customs,1,1,1
4061,2736.0,4.9,9.0,2024-05-26,2024-06-04,2024-06-05,Sea,91,24,3534.46,84827.04,Clear,South,Yes,76.3,EcomExpress,Operational,0,1,0
4062,5714.0,4.7,3.0,2024-04-23,2024-04-26,2024-04-28,Air,401,47,622.01,29234.47,Rainy,East,Yes,91.8,EcomExpress,Traffic,0,0,1
4063,1091.0,4.1,7.0,2024-08-06,2024-08-13,2024-08-17,Sea,72,64,2113.25,135248.0,Rainy,West,No,95.6,DHL,Weather,0,0,1
4064,2511.0,5.0,9.0,2024-08-22,2024-08-31,2024-09-01,Road,1173,98,4192.07,410822.86,Cloudy,Central,No,82.2,BlueDart,Weather,0,0,1
4065,3046.0,3.0,9.0,2024-09-17,2024-09-26,2024-09-29,Road,13,45,738.43,33229.35,Storm,North,Yes,97.0,BlueDart,Weather,0,0,1
4066,5154.0,4.0,10.0,2024-11-10,2024-11-20,2024-11-21,Road,868,82,2843.57,233172.74,Cloudy,North,No,73.8,BlueDart,Weather,0,1,0
4067,2658.0,3.1,10.0,2024-08-20,2024-08-30,2024-09-02,Air,1488,18,4384.99,78929.82,Cloudy,East,Yes,79.2,EcomExpress,Weather,0,0,1
4068,8374.0,3.0,7.0,2024-09-02,2024-09-09,2024-09-11,Road,939,52,3362.48,174848.96,Clear,Central,No,81.1,EcomExpress,,0,0,1
4069,5602.0,2.8,3.0,2024-05-29,2024-06-01,2024-06-03,Air,824,39,756.17,29490.63,Clear,East,No,71.9,FedEx,Operational,0,0,1
4070,1109.0,2.9,5.0,2024-07-03,2024-07-08,2024-07-07,Sea,211,25,697.62,17440.5,Rainy,West,Yes,92.5,BlueDart,Traffic,1,0,1
4071,9323.0,3.5,6.0,2024-05-06,2024-05-12,2024-05-16,Road,1476,59,146.96,8670.64,Rainy,South,No,94.6,FedEx,Operational,0,0,1
4072,8399.0,4.2,7.0,2024-07-02,2024-07-09,2024-07-11,Road,1283,62,3496.08,216756.96,Clear,West,Yes,74.7,DHL,Operational,0,0,1
4073,6128.0,3.7,9.0,2024-06-01,2024-06-10,2024-06-11,Sea,655,9,468.2,4213.8,Storm,Central,No,89.6,Delhivery,Customs,0,1,0
4074,4110.0,2.9,8.0,2024-08-19,2024-08-27,2024-08-27,Sea,1261,39,325.05,12676.95,Rainy,West,No,96.4,BlueDart,Traffic,1,0,1
4075,8830.0,3.6,3.0,2024-05-22,2024-05-25,2024-05-28,Air,111,33,3928.42,129637.86,Cloudy,West,Yes,90.1,BlueDart,Weather,0,0,1
4076,1484.0,3.3,5.0,2024-01-18,2024-01-23,2024-01-25,Road,1015,59,4378.69,258342.71,Cloudy,North,Yes,90.5,Delhivery,,0,0,1
4077,9367.0,4.6,10.0,2024-02-27,2024-03-08,2024-03-07,Air,1351,77,595.04,45818.08,Clear,North,Yes,85.7,EcomExpress,Operational,1,0,1
4078,8547.0,3.7,10.0,2024-05-23,2024-06-02,2024-06-04,Sea,1193,58,4547.56,263758.48,Cloudy,Central,No,75.1,Delhivery,Customs,0,0,1
4079,8222.0,3.7,7.0,2024-08-02,2024-08-09,2024-08-12,Air,534,54,2545.04,137432.16,Cloudy,South,No,97.9,DHL,Customs,0,0,1
4080,4160.0,3.1,7.0,2024-11-14,2024-11-21,2024-11-24,Road,606,86,4690.88,403415.68,Clear,North,Yes,71.2,Delhivery,Traffic,0,0,1
4081,3297.0,2.7,3.0,2024-02-14,2024-02-17,2024-02-17,Road,691,49,4955.75,242831.75,Storm,Central,Yes,83.0,EcomExpress,Operational,1,0,1
4082,3972.0,3.3,2.0,2024-01-27,2024-01-29,2024-01-30,Air,914,20,239.14,4782.8,Cloudy,West,No,95.7,DHL,Customs,0,1,0
4083,4823.0,3.6,4.0,2024-05-05,2024-05-09,2024-05-10,Road,132,54,4767.71,257456.34,Storm,West,Yes,98.4,BlueDart,,0,1,0
4084,4144.0,3.8,4.0,2024-06-29,2024-07-03,2024-07-04,Sea,1009,22,3852.09,84745.98,Cloudy,Central,Yes,99.8,Delhivery,Traffic,0,1,0
4085,3106.0,2.7,7.0,2024-07-27,2024-08-03,2024-08-06,Sea,16,77,4140.72,318835.44,Clear,South,No,79.2,Delhivery,Operational,0,1,0
4086,9700.0,4.9,6.0,2024-08-24,2024-08-30,2024-09-03,Air,219,5,3527.26,17636.3,Storm,Central,Yes,96.4,EcomExpress,Customs,0,1,0
4087,1260.0,4.1,2.0,2024-09-17,2024-09-19,2024-09-23,Air,1079,38,1083.99,41191.62,Cloudy,South,No,76.9,BlueDart,Operational,0,0,1
4088,4206.0,3.2,6.0,2024-07-30,2024-08-05,2024-08-07,Road,746,40,4328.39,173135.6,Storm,East,No,81.9,FedEx,Weather,0,0,1
4089,5766.0,3.5,8.0,2024-10-16,2024-10-24,2024-10-29,Road,1237,83,4515.84,374814.72,Storm,Central,No,74.0,DHL,Traffic,0,0,1
4090,3870.0,3.0,4.0,2024-01-02,2024-01-06,2024-01-08,Sea,336,22,3707.41,81563.02,Storm,South,No,87.2,FedEx,Weather,0,0,1
4091,1883.0,4.0,8.0,2024-04-28,2024-05-06,2024-05-10,Road,463,77,2899.54,223264.58,Storm,Central,No,96.5,Delhivery,,0,1,0
4092,1310.0,4.7,2.0,2024-03-09,2024-03-11,2024-03-16,Air,1169,22,1594.43,35077.46,Clear,West,No,90.7,Delhivery,Traffic,0,1,0
4093,8865.0,2.8,3.0,2024-11-15,2024-11-18,2024-11-23,Sea,221,62,4719.83,292629.46,Clear,South,No,82.8,Delhivery,Customs,0,0,1
4094,6346.0,3.7,2.0,2024-09-11,2024-09-13,2024-09-16,Air,200,30,538.54,16156.2,Rainy,South,No,71.1,FedEx,Traffic,0,0,1
4095,4569.0,4.5,8.0,2024-04-02,2024-04-10,2024-04-10,Road,437,17,4744.19,80651.23,Clear,Central,No,91.0,FedEx,Traffic,1,0,1
4096,5018.0,4.5,3.0,2024-10-03,2024-10-06,2024-10-07,Road,593,31,3703.28,114801.68,Clear,East,Yes,96.2,FedEx,Customs,0,0,1
4097,5844.0,3.8,6.0,2024-09-24,2024-09-30,2024-10-01,Sea,31,10,854.25,8542.5,Storm,North,No,83.5,DHL,,0,0,1
4098,8537.0,5.0,6.0,2024-09-22,2024-09-28,2024-09-27,Sea,819,54,1585.87,85636.98,Rainy,West,Yes,75.7,EcomExpress,Customs,1,1,1
4099,2289.0,3.6,6.0,2024-03-25,2024-03-31,2024-03-31,Sea,1463,39,2675.17,104331.63,Storm,South,Yes,99.3,BlueDart,Traffic,1,0,1
4100,7129.0,3.8,10.0,2024-11-10,2024-11-20,2024-11-23,Road,1424,84,2904.49,243977.16,Clear,Central,Yes,84.6,BlueDart,Weather,0,1,0
4101,3943.0,3.2,4.0,2024-05-02,2024-05-06,2024-05-09,Sea,521,44,3470.94,152721.36,Clear,East,No,92.3,EcomExpress,,0,0,1
4102,8252.0,4.6,9.0,2024-09-01,2024-09-10,2024-09-15,Air,229,36,4657.57,167672.52,Storm,North,Yes,70.1,FedEx,,0,1,0
4103,9728.0,4.5,2.0,2024-11-26,2024-11-28,2024-12-02,Sea,888,38,4141.54,157378.52,Clear,North,No,85.4,FedEx,Weather,0,0,1
4104,4235.0,3.8,7.0,2024-04-24,2024-05-01,2024-05-06,Road,1295,56,2014.12,112790.72,Cloudy,East,No,95.1,BlueDart,Traffic,0,0,1
4105,1783.0,3.3,6.0,2024-05-23,2024-05-29,2024-06-03,Sea,695,45,230.4,10368.0,Storm,East,No,87.6,DHL,,0,0,1
4106,3375.0,2.9,6.0,2024-01-08,2024-01-14,2024-01-15,Sea,333,13,3403.71,44248.23,Cloudy,South,Yes,93.7,FedEx,Operational,0,0,1
4107,3441.0,4.0,9.0,2024-05-14,2024-05-23,2024-05-25,Air,988,65,2875.26,186891.9,Rainy,East,Yes,91.0,Delhivery,Traffic,0,0,1
4108,6771.0,2.8,8.0,2024-09-14,2024-09-22,2024-09-23,Road,614,75,956.34,71725.5,Cloudy,East,No,79.4,BlueDart,Operational,0,1,0
4109,9899.0,2.8,4.0,2024-01-22,2024-01-26,2024-01-25,Sea,914,14,285.86,4002.04,Clear,Central,Yes,86.1,Delhivery,Customs,1,0,1
4110,7821.0,4.0,8.0,2024-02-13,2024-02-21,2024-02-26,Air,169,17,779.19,13246.23,Clear,West,Yes,92.2,EcomExpress,,0,0,1
4111,8234.0,3.7,4.0,2024-10-22,2024-10-26,2024-10-31,Air,1490,5,765.65,3828.25,Storm,North,Yes,91.0,BlueDart,Customs,0,0,1
4112,5542.0,3.8,5.0,2024-01-11,2024-01-16,2024-01-16,Air,594,12,4750.91,57010.92,Cloudy,North,Yes,72.7,Delhivery,Operational,1,0,1
4113,7588.0,3.5,2.0,2024-11-16,2024-11-18,2024-11-22,Sea,511,99,1826.27,180800.73,Clear,East,No,93.7,DHL,Operational,0,1,0
4114,6040.0,3.1,10.0,2024-10-29,2024-11-08,2024-11-12,Air,125,60,2258.82,135529.2,Storm,East,Yes,95.3,BlueDart,,0,0,1
4115,2605.0,3.7,5.0,2024-10-05,2024-10-10,2024-10-14,Road,795,80,446.37,35709.6,Storm,North,No,95.3,Delhivery,Traffic,0,1,0
4116,1912.0,4.2,2.0,2024-05-15,2024-05-17,2024-05-18,Road,288,33,1764.79,58238.07,Rainy,South,Yes,75.6,FedEx,Traffic,0,0,1
4117,9399.0,4.3,8.0,2024-03-08,2024-03-16,2024-03-19,Air,29,96,1782.08,171079.68,Storm,North,No,73.3,DHL,Customs,0,0,1
4118,6722.0,3.9,3.0,2024-11-17,2024-11-20,2024-11-19,Air,319,47,3022.38,142051.86,Clear,West,Yes,70.3,DHL,Traffic,1,1,1
4119,2619.0,3.1,3.0,2024-06-17,2024-06-20,2024-06-20,Road,12,7,692.28,4845.96,Clear,West,Yes,84.8,Delhivery,Operational,1,0,1
4120,6338.0,2.8,2.0,2024-08-02,2024-08-04,2024-08-06,Sea,54,45,3947.72,177647.4,Storm,North,No,84.0,FedEx,,0,0,1
4121,3915.0,4.8,3.0,2024-11-17,2024-11-20,2024-11-24,Air,1020,38,4846.45,184165.1,Cloudy,South,Yes,87.3,BlueDart,Operational,0,1,0
4122,3949.0,3.7,5.0,2024-10-18,2024-10-23,2024-10-25,Sea,743,12,2736.09,32833.08,Cloudy,North,No,90.4,BlueDart,Traffic,0,0,1
4123,7782.0,3.9,3.0,2024-03-19,2024-03-22,2024-03-23,Sea,521,57,4020.19,229150.83,Clear,South,Yes,86.3,FedEx,Customs,0,0,1
4124,7031.0,4.4,3.0,2024-02-15,2024-02-18,2024-02-23,Road,1436,19,3948.33,75018.27,Storm,North,Yes,86.2,FedEx,Traffic,0,0,1
4125,9331.0,4.0,8.0,2024-05-12,2024-05-20,2024-05-23,Road,711,59,4020.34,237200.06,Clear,Central,Yes,71.1,FedEx,Operational,0,1,0
4126,1245.0,3.6,10.0,2024-05-02,2024-05-12,2024-05-11,Sea,542,81,834.09,67561.29,Storm,West,No,77.5,Delhivery,Customs,1,0,1
4127,7275.0,2.9,3.0,2024-05-23,2024-05-26,2024-05-28,Sea,1283,13,2615.37,33999.81,Cloudy,South,No,89.3,BlueDart,Traffic,0,0,1
4128,4866.0,3.9,8.0,2024-10-20,2024-10-28,2024-10-28,Air,630,45,4905.93,220766.85,Cloudy,East,Yes,92.5,BlueDart,Traffic,1,1,1
4129,6187.0,4.3,7.0,2024-05-29,2024-06-05,2024-06-09,Air,741,62,3723.75,230872.5,Storm,South,Yes,83.2,FedEx,,0,0,1
4130,4787.0,4.4,4.0,2024-09-03,2024-09-07,2024-09-09,Road,1282,20,1890.72,37814.4,Storm,East,Yes,98.4,BlueDart,Weather,0,0,1
4131,8151.0,3.1,10.0,2024-10-31,2024-11-10,2024-11-09,Air,757,74,717.09,53064.66,Clear,West,No,90.5,DHL,Weather,1,0,1
4132,2510.0,2.6,6.0,2024-06-26,2024-07-02,2024-07-01,Road,933,36,1176.67,42360.12,Cloudy,Central,No,70.8,DHL,,1,0,1
4133,9659.0,4.6,7.0,2024-10-16,2024-10-23,2024-10-25,Sea,788,97,3167.12,307210.64,Cloudy,East,No,87.5,BlueDart,Traffic,0,0,1
4134,5652.0,3.2,9.0,2024-07-03,2024-07-12,2024-07-15,Sea,256,68,2734.7,185959.6,Storm,West,Yes,99.9,Delhivery,,0,0,1
4135,3926.0,3.1,2.0,2024-06-10,2024-06-12,2024-06-14,Sea,856,93,4738.58,440687.94,Storm,South,Yes,91.2,BlueDart,Customs,0,0,1
4136,9579.0,4.8,6.0,2024-08-11,2024-08-17,2024-08-21,Road,431,15,3468.46,52026.9,Storm,Central,Yes,85.9,FedEx,Weather,0,1,0
4137,6535.0,4.6,3.0,2024-07-11,2024-07-14,2024-07-15,Sea,183,17,1501.14,25519.38,Rainy,North,Yes,89.5,EcomExpress,Operational,0,0,1
4138,2198.0,3.0,5.0,2024-04-25,2024-04-30,2024-05-01,Sea,321,79,1714.51,135446.29,Cloudy,East,No,74.4,FedEx,,0,0,1
4139,3092.0,4.6,9.0,2024-10-19,2024-10-28,2024-10-29,Air,362,44,4281.03,188365.32,Clear,South,No,87.3,Delhivery,Traffic,0,1,0
4140,4694.0,4.0,7.0,2024-05-02,2024-05-09,2024-05-14,Air,567,46,2551.81,117383.26,Storm,Central,Yes,71.0,FedEx,Customs,0,0,1
4141,9472.0,2.6,8.0,2024-09-28,2024-10-06,2024-10-08,Road,204,13,462.48,6012.24,Rainy,South,No,86.4,BlueDart,,0,1,0
4142,1553.0,3.5,5.0,2024-04-29,2024-05-04,2024-05-06,Road,365,78,1016.13,79258.14,Storm,North,Yes,70.7,DHL,,0,0,1
4143,6726.0,3.9,3.0,2024-10-17,2024-10-20,2024-10-21,Sea,485,6,1288.16,7728.96,Cloudy,Central,Yes,84.2,Delhivery,Customs,0,0,1
4144,5757.0,4.5,3.0,2024-02-25,2024-02-28,2024-02-27,Sea,935,23,4331.36,99621.28,Clear,South,No,74.3,FedEx,,1,1,1
4145,9307.0,2.9,3.0,2024-05-30,2024-06-02,2024-06-04,Sea,23,51,1146.68,58480.68,Cloudy,Central,No,86.7,DHL,,0,0,1
4146,9567.0,4.0,2.0,2024-10-25,2024-10-27,2024-11-01,Road,426,72,3716.81,267610.32,Cloudy,South,No,81.2,EcomExpress,Traffic,0,0,1
4147,2138.0,3.6,10.0,2024-04-23,2024-05-03,2024-05-06,Road,1490,9,2283.05,20547.45,Cloudy,Central,No,93.0,DHL,,0,0,1
4148,8681.0,4.3,9.0,2024-10-04,2024-10-13,2024-10-18,Air,373,53,3691.58,195653.74,Rainy,West,No,73.3,EcomExpress,Operational,0,0,1
4149,8767.0,3.3,7.0,2024-06-08,2024-06-15,2024-06-18,Air,592,57,2803.65,159808.05,Cloudy,North,No,97.4,Delhivery,Traffic,0,1,0
4150,6786.0,2.7,5.0,2024-05-15,2024-05-20,2024-05-22,Air,1427,25,1760.95,44023.75,Cloudy,North,No,76.4,Delhivery,Customs,0,0,1
4151,8476.0,4.4,8.0,2024-02-09,2024-02-17,2024-02-21,Road,988,33,490.94,16201.02,Rainy,North,Yes,97.4,BlueDart,Traffic,0,0,1
4152,1503.0,3.0,7.0,2024-04-02,2024-04-09,2024-04-14,Road,202,26,3223.23,83803.98,Storm,South,Yes,93.8,EcomExpress,Operational,0,0,1
4153,4593.0,2.8,5.0,2024-01-25,2024-01-30,2024-02-03,Road,526,7,4683.16,32782.12,Cloudy,East,No,74.1,EcomExpress,Traffic,0,0,1
4154,3759.0,3.1,6.0,2024-04-21,2024-04-27,2024-04-29,Road,1216,13,2891.99,37595.87,Clear,North,No,90.8,DHL,Weather,0,1,0
4155,5055.0,4.1,2.0,2024-04-02,2024-04-04,2024-04-09,Air,794,95,2165.89,205759.55,Storm,West,No,80.0,EcomExpress,,0,0,1
4156,1206.0,5.0,6.0,2024-06-16,2024-06-22,2024-06-25,Sea,1099,1,4695.41,4695.41,Storm,Central,Yes,70.2,DHL,,0,1,0
4157,5169.0,4.8,5.0,2024-11-20,2024-11-25,2024-11-29,Road,1468,62,3922.34,243185.08,Storm,North,No,90.2,Delhivery,Weather,0,0,1
4158,5885.0,4.2,6.0,2024-08-04,2024-08-10,2024-08-13,Sea,575,49,4133.56,202544.44,Clear,West,No,70.2,FedEx,,0,1,0
4159,8658.0,3.2,6.0,2024-10-11,2024-10-17,2024-10-20,Air,125,34,1091.79,37120.86,Cloudy,West,Yes,84.1,FedEx,Traffic,0,0,1
4160,8577.0,4.5,3.0,2024-06-21,2024-06-24,2024-06-24,Air,744,12,4181.97,50183.64,Rainy,West,Yes,79.0,FedEx,Traffic,1,0,1
4161,4244.0,4.1,10.0,2024-02-01,2024-02-11,2024-02-10,Air,130,58,842.61,48871.38,Rainy,Central,Yes,98.9,BlueDart,Weather,1,0,1
4162,4048.0,3.9,9.0,2024-04-05,2024-04-14,2024-04-13,Road,170,53,524.87,27818.11,Rainy,South,No,93.9,DHL,,1,0,1
4163,7409.0,3.7,6.0,2024-04-21,2024-04-27,2024-04-28,Road,138,21,3223.08,67684.68,Storm,East,Yes,78.9,FedEx,Traffic,0,1,0
4164,4163.0,2.7,2.0,2024-11-19,2024-11-21,2024-11-25,Sea,41,22,699.04,15378.88,Storm,Central,No,99.2,Delhivery,Customs,0,0,1
4165,3833.0,2.7,3.0,2024-02-12,2024-02-15,2024-02-17,Road,1415,3,4992.68,14978.04,Cloudy,West,Yes,97.7,Delhivery,,0,0,1
4166,5172.0,3.0,5.0,2024-04-12,2024-04-17,2024-04-20,Sea,1395,45,3852.32,173354.4,Clear,West,No,81.2,Delhivery,Traffic,0,0,1
4167,9976.0,4.4,9.0,2024-09-20,2024-09-29,2024-09-30,Air,280,32,1384.08,44290.56,Storm,North,Yes,84.9,BlueDart,,0,0,1
4168,3300.0,4.8,10.0,2024-06-09,2024-06-19,2024-06-24,Sea,240,33,4969.32,163987.56,Rainy,West,No,97.6,Delhivery,Operational,0,1,0
4169,6979.0,4.5,7.0,2024-09-26,2024-10-03,2024-10-02,Sea,1287,30,4567.41,137022.3,Clear,North,No,95.4,FedEx,Weather,1,0,1
4170,3101.0,2.7,8.0,2024-10-04,2024-10-12,2024-10-17,Air,400,78,898.56,70087.68,Storm,East,No,77.8,EcomExpress,,0,0,1
4171,3675.0,4.4,8.0,2024-06-16,2024-06-24,2024-06-24,Road,299,79,1387.28,109595.12,Clear,East,No,73.6,Delhivery,Customs,1,1,1
4172,8960.0,2.8,3.0,2024-06-18,2024-06-21,2024-06-21,Sea,820,1,4609.38,4609.38,Clear,North,Yes,94.5,DHL,,1,0,1
4173,1551.0,4.7,5.0,2024-08-01,2024-08-06,2024-08-05,Road,1277,86,3670.65,315675.9,Rainy,North,No,93.0,BlueDart,Operational,1,0,1
4174,5703.0,4.1,10.0,2024-04-12,2024-04-22,2024-04-26,Sea,945,15,4588.18,68822.7,Rainy,South,Yes,84.0,DHL,Weather,0,0,1
4175,9718.0,3.1,8.0,2024-05-26,2024-06-03,2024-06-03,Air,1209,51,3027.77,154416.27,Cloudy,East,No,96.9,EcomExpress,,1,1,1
4176,2983.0,3.6,3.0,2024-02-17,2024-02-20,2024-02-22,Sea,788,13,188.77,2454.01,Storm,South,Yes,96.2,FedEx,Traffic,0,1,0
4177,9352.0,5.0,4.0,2024-04-22,2024-04-26,2024-04-25,Air,185,96,2036.55,195508.8,Cloudy,Central,Yes,75.7,Delhivery,Operational,1,0,1
4178,2180.0,4.7,4.0,2024-09-20,2024-09-24,2024-09-29,Air,200,14,4415.22,61813.08,Storm,South,No,71.4,Delhivery,Weather,0,0,1
4179,2238.0,2.6,6.0,2024-08-24,2024-08-30,2024-09-04,Sea,1427,31,2935.86,91011.66,Cloudy,East,No,74.7,EcomExpress,,0,1,0
4180,5072.0,4.6,10.0,2024-02-26,2024-03-07,2024-03-09,Road,1238,75,4082.35,306176.25,Rainy,East,Yes,71.5,BlueDart,Operational,0,0,1
4181,3214.0,4.5,3.0,2024-10-19,2024-10-22,2024-10-24,Road,1300,34,4551.55,154752.7,Clear,South,No,82.5,BlueDart,Customs,0,1,0
4182,3208.0,4.4,3.0,2024-10-17,2024-10-20,2024-10-21,Road,956,73,2958.98,216005.54,Clear,South,Yes,97.7,Delhivery,Traffic,0,0,1
4183,2338.0,3.2,10.0,2024-10-03,2024-10-13,2024-10-17,Air,1453,60,4657.79,279467.4,Clear,North,Yes,86.0,FedEx,Weather,0,0,1
4184,3308.0,3.8,7.0,2024-02-24,2024-03-02,2024-03-03,Air,342,63,965.65,60835.95,Cloudy,South,No,74.2,FedEx,Weather,0,1,0
4185,2068.0,3.1,3.0,2024-01-21,2024-01-24,2024-01-24,Sea,300,90,2668.36,240152.4,Storm,West,No,78.5,EcomExpress,Operational,1,1,1
4186,5181.0,3.2,3.0,2024-08-28,2024-08-31,2024-08-30,Sea,979,6,1153.49,6920.94,Rainy,West,Yes,93.5,FedEx,,1,0,1
4187,5519.0,3.5,4.0,2024-06-04,2024-06-08,2024-06-07,Air,314,14,3526.88,49376.32,Storm,Central,No,91.4,FedEx,Operational,1,0,1
4188,1161.0,4.5,8.0,2024-03-17,2024-03-25,2024-03-27,Sea,876,35,890.24,31158.4,Clear,Central,No,82.1,DHL,,0,1,0
4189,1572.0,4.5,9.0,2024-06-24,2024-07-03,2024-07-07,Road,1437,69,1521.98,105016.62,Cloudy,West,Yes,92.8,DHL,Weather,0,0,1
4190,3763.0,4.0,4.0,2024-11-08,2024-11-12,2024-11-16,Road,477,10,2749.55,27495.5,Cloudy,West,No,93.6,BlueDart,Traffic,0,0,1
4191,6099.0,3.6,8.0,2024-04-07,2024-04-15,2024-04-16,Road,700,28,309.42,8663.76,Clear,East,No,73.4,BlueDart,Traffic,0,1,0
4192,4213.0,3.7,10.0,2024-10-12,2024-10-22,2024-10-26,Sea,1312,56,606.07,33939.92,Clear,East,Yes,98.9,DHL,Customs,0,1,0
4193,6720.0,3.4,4.0,2024-11-20,2024-11-24,2024-11-25,Sea,723,40,2347.41,93896.4,Storm,East,Yes,88.5,EcomExpress,,0,0,1
4194,8911.0,4.2,8.0,2024-09-14,2024-09-22,2024-09-24,Road,975,49,282.51,13842.99,Rainy,East,No,75.1,FedEx,Customs,0,1,0
4195,6766.0,3.4,7.0,2024-01-08,2024-01-15,2024-01-16,Road,1149,65,1153.47,74975.55,Clear,South,No,94.1,BlueDart,Operational,0,0,1
4196,7779.0,3.5,10.0,2024-08-30,2024-09-09,2024-09-12,Sea,701,12,2537.96,30455.52,Cloudy,South,Yes,91.9,FedEx,Traffic,0,0,1
4197,3645.0,3.3,3.0,2024-04-14,2024-04-17,2024-04-19,Air,951,2,2412.92,4825.84,Clear,South,No,97.1,FedEx,Operational,0,1,0
4198,8962.0,3.9,9.0,2024-03-16,2024-03-25,2024-03-27,Sea,1367,3,329.67,989.01,Clear,Central,Yes,91.1,Delhivery,Customs,0,1,0
4199,8469.0,3.5,8.0,2024-06-23,2024-07-01,2024-07-05,Sea,825,39,2969.53,115811.67,Clear,North,Yes,93.7,BlueDart,Traffic,0,1,0
4200,8528.0,4.1,3.0,2024-06-08,2024-06-11,2024-06-11,Sea,399,93,1942.35,180638.55,Cloudy,Central,No,86.9,EcomExpress,Customs,1,1,1
4201,2577.0,2.6,3.0,2024-05-30,2024-06-02,2024-06-03,Sea,136,37,3242.63,119977.31,Clear,West,Yes,74.4,FedEx,Customs,0,0,1
4202,9980.0,4.7,10.0,2024-03-09,2024-03-19,2024-03-24,Road,703,53,3153.67,167144.51,Clear,East,Yes,90.4,EcomExpress,Operational,0,1,0
4203,7876.0,2.5,9.0,2024-02-24,2024-03-04,2024-03-09,Air,786,72,4236.32,305015.04,Rainy,Central,Yes,95.0,BlueDart,Traffic,0,1,0
4204,8845.0,2.6,6.0,2024-01-21,2024-01-27,2024-01-30,Sea,1303,77,1151.3,88650.1,Cloudy,North,Yes,96.8,FedEx,Operational,0,1,0
4205,7046.0,4.4,3.0,2024-07-30,2024-08-02,2024-08-03,Sea,1092,11,3351.25,36863.75,Cloudy,Central,No,93.1,FedEx,Operational,0,0,1
4206,8317.0,3.8,8.0,2024-01-06,2024-01-14,2024-01-15,Air,789,25,4790.0,119750.0,Cloudy,South,Yes,78.1,BlueDart,Weather,0,1,0
4207,3892.0,4.4,2.0,2024-04-30,2024-05-02,2024-05-03,Road,317,47,1373.44,64551.68,Clear,East,No,89.9,Delhivery,Traffic,0,0,1
4208,1440.0,4.8,8.0,2024-09-21,2024-09-29,2024-10-04,Sea,879,66,4507.41,297489.06,Cloudy,South,No,97.4,DHL,,0,1,0
4209,6490.0,3.7,6.0,2024-07-01,2024-07-07,2024-07-08,Sea,362,97,1278.88,124051.36,Rainy,West,No,82.0,DHL,Customs,0,0,1
4210,3121.0,2.8,5.0,2024-06-17,2024-06-22,2024-06-23,Road,587,76,878.41,66759.16,Storm,West,Yes,91.9,EcomExpress,Traffic,0,0,1
4211,9911.0,4.3,10.0,2024-02-21,2024-03-02,2024-03-03,Sea,821,17,2015.9,34270.3,Cloudy,Central,No,80.6,Delhivery,,0,0,1
4212,5410.0,3.5,9.0,2024-01-11,2024-01-20,2024-01-21,Road,1393,23,1924.53,44264.19,Cloudy,North,Yes,74.4,BlueDart,Customs,0,0,1
4213,9284.0,5.0,10.0,2024-08-10,2024-08-20,2024-08-25,Sea,625,89,2982.87,265475.43,Storm,West,No,77.4,EcomExpress,Weather,0,1,0
4214,5361.0,4.0,9.0,2024-11-04,2024-11-13,2024-11-12,Road,1187,78,560.67,43732.26,Cloudy,North,Yes,97.6,EcomExpress,Traffic,1,0,1
4215,9797.0,3.9,3.0,2024-03-23,2024-03-26,2024-03-28,Air,1195,22,2950.16,64903.52,Clear,Central,No,84.3,DHL,Operational,0,1,0
4216,7679.0,4.6,7.0,2024-03-22,2024-03-29,2024-04-02,Road,217,30,3841.13,115233.9,Storm,North,No,78.4,EcomExpress,Customs,0,0,1
4217,7608.0,3.8,2.0,2024-05-15,2024-05-17,2024-05-19,Road,627,28,1449.14,40575.92,Storm,East,Yes,73.2,Delhivery,,0,0,1
4218,6518.0,3.1,6.0,2024-08-11,2024-08-17,2024-08-19,Sea,506,75,265.1,19882.5,Cloudy,North,No,72.1,EcomExpress,,0,1,0
4219,8881.0,4.2,6.0,2024-04-26,2024-05-02,2024-05-06,Air,101,18,1939.54,34911.72,Storm,Central,No,84.2,BlueDart,Operational,0,0,1
4220,,2.6,,2024-04-20,2024-04-27,2024-04-30,Road,164,67,1906.68,,Rainy,East,Yes,83.9,BlueDart,,0,1,0
4221,4890.0,4.1,5.0,2024-01-11,2024-01-16,2024-01-21,Sea,418,43,1577.18,67818.74,Storm,North,No,76.0,EcomExpress,Customs,0,0,1
4222,4116.0,3.1,4.0,2024-09-16,2024-09-20,2024-09-24,Road,848,91,4426.3,402793.3,Storm,Central,No,71.9,Delhivery,Operational,0,0,1
4223,4331.0,2.6,5.0,2024-03-23,2024-03-28,2024-03-27,Sea,1002,42,4445.35,186704.7,Cloudy,East,Yes,87.7,DHL,Operational,1,1,1
4224,6308.0,2.7,8.0,2024-02-03,2024-02-11,2024-02-12,Road,45,2,2019.14,4038.28,Cloudy,West,No,90.3,Delhivery,,0,1,0
4225,1582.0,4.2,6.0,2024-03-15,2024-03-21,2024-03-26,Sea,173,20,3808.9,76178.0,Rainy,South,No,90.9,DHL,Operational,0,0,1
4226,1431.0,3.4,5.0,2024-11-23,2024-11-28,2024-12-02,Air,443,19,4676.68,88856.92,Rainy,East,Yes,76.3,EcomExpress,Weather,0,1,0
4227,3325.0,4.7,9.0,2024-06-05,2024-06-14,2024-06-16,Air,424,43,3704.06,159274.58,Rainy,West,Yes,95.6,BlueDart,Customs,0,0,1
4228,1627.0,4.7,10.0,2024-08-30,2024-09-09,2024-09-13,Air,329,4,3676.72,14706.88,Storm,South,No,82.2,Delhivery,Weather,0,0,1
4229,1967.0,3.5,3.0,2024-03-17,2024-03-20,2024-03-21,Road,748,10,3073.15,30731.5,Rainy,Central,Yes,85.0,Delhivery,Customs,0,1,0
4230,6397.0,4.6,5.0,2024-09-25,2024-09-30,2024-10-01,Sea,158,15,3697.08,55456.2,Clear,West,No,83.7,DHL,Weather,0,0,1
4231,5325.0,4.1,7.0,2024-03-08,2024-03-15,2024-03-17,Air,903,58,2418.53,140274.74,Rainy,Central,No,89.2,DHL,Traffic,0,0,1
4232,5185.0,3.8,7.0,2024-11-23,2024-11-30,2024-11-29,Sea,222,57,2264.81,129094.17,Rainy,South,No,85.4,FedEx,Weather,1,1,1
4233,8322.0,3.9,10.0,2024-11-20,2024-11-30,2024-12-05,Sea,938,55,4070.33,223868.15,Clear,North,No,70.9,BlueDart,Customs,0,0,1
4234,5110.0,4.2,10.0,2024-07-28,2024-08-07,2024-08-08,Air,865,18,2949.35,53088.3,Rainy,Central,No,88.7,BlueDart,Weather,0,1,0
4235,7271.0,3.7,2.0,2024-03-05,2024-03-07,2024-03-12,Sea,1327,22,1557.4,34262.8,Rainy,West,No,72.3,EcomExpress,Weather,0,0,1
4236,4511.0,4.5,7.0,2024-04-03,2024-04-10,2024-04-12,Sea,920,8,4721.83,37774.64,Rainy,West,No,85.6,BlueDart,,0,0,1
4237,9230.0,3.4,6.0,2024-08-21,2024-08-27,2024-08-30,Air,1342,41,3705.41,151921.81,Storm,West,No,73.9,EcomExpress,,0,0,1
4238,6179.0,3.4,10.0,2024-03-31,2024-04-10,2024-04-11,Air,1081,1,1757.06,1757.06,Rainy,East,No,95.1,Delhivery,Weather,0,1,0
4239,1293.0,2.7,6.0,2024-07-20,2024-07-26,2024-07-31,Road,135,41,128.21,5256.61,Cloudy,North,No,85.0,BlueDart,Traffic,0,1,0
4240,3372.0,3.9,10.0,2024-05-24,2024-06-03,2024-06-08,Sea,590,97,2267.66,219963.02,Cloudy,Central,No,89.6,EcomExpress,,0,0,1
4241,8926.0,4.6,9.0,2024-11-26,2024-12-05,2024-12-04,Air,1277,56,4661.03,261017.68,Cloudy,North,No,92.9,FedEx,Traffic,1,0,1
4242,2794.0,2.7,4.0,2024-01-14,2024-01-18,2024-01-18,Road,923,22,1902.11,41846.42,Rainy,North,Yes,81.6,EcomExpress,Traffic,1,1,1
4243,5163.0,3.8,8.0,2024-11-04,2024-11-12,2024-11-15,Air,479,44,4994.45,219755.8,Rainy,North,No,96.6,Delhivery,Customs,0,0,1
4244,2386.0,3.2,2.0,2024-08-19,2024-08-21,2024-08-21,Air,1399,62,1178.76,73083.12,Rainy,North,No,72.6,BlueDart,Traffic,1,0,1
4245,6453.0,2.8,5.0,2024-06-30,2024-07-05,2024-07-08,Air,846,39,3106.7,121161.3,Cloudy,North,No,94.8,DHL,Customs,0,1,0
4246,1901.0,4.3,5.0,2024-01-06,2024-01-11,2024-01-15,Road,37,13,1608.39,20909.07,Rainy,East,No,99.3,BlueDart,Customs,0,1,0
4247,4328.0,4.6,4.0,2024-11-12,2024-11-16,2024-11-21,Sea,1114,5,3071.17,15355.85,Storm,South,Yes,78.1,FedEx,Weather,0,0,1
4248,8238.0,4.2,4.0,2024-07-01,2024-07-05,2024-07-06,Air,243,53,4330.07,229493.71,Storm,East,No,89.3,FedEx,Weather,0,0,1
4249,8945.0,4.9,7.0,2024-01-10,2024-01-17,2024-01-19,Air,943,54,1640.16,88568.64,Storm,Central,Yes,99.4,EcomExpress,Customs,0,0,1
4250,4019.0,4.1,6.0,2024-03-22,2024-03-28,2024-03-29,Air,891,5,1744.45,8722.25,Rainy,South,No,89.3,EcomExpress,Operational,0,0,1
4251,8183.0,3.2,10.0,2024-05-16,2024-05-26,2024-05-27,Sea,165,95,3629.42,344794.9,Storm,East,No,94.5,EcomExpress,,0,0,1
4252,6816.0,4.4,10.0,2024-09-24,2024-10-04,2024-10-06,Air,507,51,4900.24,249912.24,Cloudy,East,Yes,76.6,EcomExpress,Traffic,0,0,1
4253,1518.0,3.2,4.0,2024-02-09,2024-02-13,2024-02-16,Sea,575,42,880.33,36973.86,Cloudy,Central,No,94.9,BlueDart,Operational,0,0,1
4254,8410.0,4.6,10.0,2024-08-12,2024-08-22,2024-08-27,Road,758,97,4285.43,415686.71,Clear,West,Yes,79.5,FedEx,Weather,0,0,1
4255,8849.0,4.9,7.0,2024-09-18,2024-09-25,2024-09-25,Air,706,78,4353.18,339548.04,Cloudy,Central,No,89.9,FedEx,Customs,1,0,1
4256,7533.0,4.2,2.0,2024-02-24,2024-02-26,2024-03-02,Air,792,61,2683.71,163706.31,Clear,North,No,82.8,EcomExpress,Customs,0,1,0
4257,6997.0,3.9,10.0,2024-04-08,2024-04-18,2024-04-18,Air,558,34,232.0,7888.0,Cloudy,North,Yes,90.9,BlueDart,,1,0,1
4258,5887.0,2.9,8.0,2024-04-01,2024-04-09,2024-04-11,Air,1038,12,4477.46,53729.52,Cloudy,South,Yes,99.1,BlueDart,Weather,0,0,1
4259,4224.0,3.9,5.0,2024-03-07,2024-03-12,2024-03-12,Air,26,53,4532.55,240225.15,Clear,East,No,76.1,DHL,Customs,1,0,1
4260,4486.0,3.1,7.0,2024-08-25,2024-09-01,2024-08-31,Road,865,25,1537.27,38431.75,Cloudy,Central,Yes,87.7,EcomExpress,Operational,1,1,1
4261,3695.0,4.3,7.0,2024-09-22,2024-09-29,2024-10-01,Road,78,64,2555.5,163552.0,Clear,Central,No,96.7,BlueDart,Weather,0,1,0
4262,2144.0,3.7,2.0,2024-07-21,2024-07-23,2024-07-26,Sea,1147,23,779.43,17926.89,Clear,Central,No,72.2,FedEx,Weather,0,1,0
4263,5655.0,2.9,3.0,2024-08-17,2024-08-20,2024-08-21,Air,251,86,1689.17,145268.62,Cloudy,South,No,78.9,BlueDart,Weather,0,1,0
4264,1861.0,5.0,2.0,2024-10-13,2024-10-15,2024-10-14,Air,762,40,2530.62,101224.8,Storm,North,No,81.2,BlueDart,Operational,1,1,1
4265,2259.0,4.8,6.0,2024-04-05,2024-04-11,2024-04-11,Road,447,54,2334.43,126059.22,Storm,East,Yes,72.1,BlueDart,Traffic,1,0,1
4266,6967.0,4.6,5.0,2024-05-29,2024-06-03,2024-06-08,Road,1479,71,283.78,20148.38,Cloudy,East,No,70.1,Delhivery,Weather,0,0,1
4267,6214.0,3.8,3.0,2024-10-22,2024-10-25,2024-10-29,Sea,1500,75,729.81,54735.75,Cloudy,Central,Yes,94.8,FedEx,,0,0,1
4268,1745.0,2.6,3.0,2024-09-09,2024-09-12,2024-09-15,Sea,568,28,913.27,25571.56,Storm,Central,Yes,92.6,Delhivery,Weather,0,0,1
4269,8907.0,3.3,6.0,2024-10-30,2024-11-05,2024-11-06,Air,680,40,623.61,24944.4,Rainy,East,No,79.6,DHL,Weather,0,0,1
4270,1022.0,2.8,2.0,2024-06-20,2024-06-22,2024-06-23,Road,525,79,1705.23,134713.17,Cloudy,West,No,80.3,FedEx,,0,0,1
4271,3186.0,3.8,10.0,2024-09-22,2024-10-02,2024-10-06,Sea,469,96,2291.97,220029.12,Cloudy,East,No,93.8,EcomExpress,Operational,0,1,0
4272,8996.0,3.9,8.0,2024-02-10,2024-02-18,2024-02-22,Sea,97,18,4273.89,76930.02,Clear,South,No,76.7,DHL,Customs,0,1,0
4273,8378.0,3.0,5.0,2024-03-27,2024-04-01,2024-04-05,Road,782,42,1454.79,61101.18,Storm,West,Yes,85.9,EcomExpress,Weather,0,0,1
4274,9184.0,4.7,3.0,2024-09-08,2024-09-11,2024-09-11,Sea,825,58,1842.38,106858.04,Storm,East,Yes,72.2,EcomExpress,Weather,1,1,1
4275,2403.0,3.8,2.0,2024-01-30,2024-02-01,2024-02-03,Air,1320,54,3889.78,210048.12,Rainy,South,Yes,82.3,FedEx,Operational,0,0,1
4276,2805.0,3.5,4.0,2024-08-27,2024-08-31,2024-08-30,Air,1245,35,3684.26,128949.1,Storm,Central,No,97.3,EcomExpress,Traffic,1,0,1
4277,6002.0,4.1,9.0,2024-08-20,2024-08-29,2024-08-30,Road,448,81,1824.87,147814.47,Clear,Central,No,93.5,BlueDart,Operational,0,0,1
4278,7446.0,4.2,9.0,2024-04-15,2024-04-24,2024-04-25,Air,526,29,491.71,14259.59,Clear,South,Yes,81.6,FedEx,Traffic,0,0,1
4279,1391.0,4.5,4.0,2024-09-13,2024-09-17,2024-09-20,Road,451,26,2930.48,76192.48,Clear,North,Yes,71.8,EcomExpress,Customs,0,0,1
4280,1244.0,3.1,6.0,2024-08-19,2024-08-25,2024-08-27,Air,1363,99,2695.72,266876.28,Rainy,North,No,81.9,BlueDart,Traffic,0,0,1
4281,9624.0,4.0,3.0,2024-08-08,2024-08-11,2024-08-14,Sea,1313,92,3822.81,351698.52,Clear,South,Yes,97.9,EcomExpress,Weather,0,0,1
4282,6526.0,3.5,4.0,2024-02-18,2024-02-22,2024-02-27,Air,352,33,4478.08,147776.64,Clear,East,No,95.7,EcomExpress,Weather,0,1,0
4283,1967.0,4.6,5.0,2024-10-16,2024-10-21,2024-10-20,Road,1309,92,1163.49,107041.08,Storm,Central,Yes,98.7,FedEx,Weather,1,0,1
4284,2519.0,3.0,6.0,2024-04-15,2024-04-21,2024-04-24,Air,1279,77,4260.64,328069.28,Rainy,West,Yes,73.1,DHL,Customs,0,0,1
4285,8920.0,4.2,6.0,2024-04-22,2024-04-28,2024-05-03,Sea,990,31,676.32,20965.92,Cloudy,West,No,91.4,BlueDart,Traffic,0,0,1
4286,5549.0,3.3,8.0,2024-11-16,2024-11-24,2024-11-27,Air,1308,66,4350.4,287126.4,Cloudy,South,No,76.4,DHL,Traffic,0,1,0
4287,7293.0,5.0,2.0,2024-01-25,2024-01-27,2024-02-01,Air,322,43,648.46,27883.78,Rainy,Central,No,80.7,EcomExpress,Traffic,0,0,1
4288,7064.0,4.2,8.0,2024-02-03,2024-02-11,2024-02-11,Sea,1479,53,640.87,33966.11,Rainy,North,Yes,70.4,FedEx,,1,1,1
4289,6561.0,2.6,3.0,2024-03-11,2024-03-14,2024-03-17,Air,334,85,2499.36,212445.6,Cloudy,West,No,86.0,BlueDart,Operational,0,0,1
4290,5684.0,3.6,3.0,2024-09-28,2024-10-01,2024-10-04,Air,1475,44,437.58,19253.52,Rainy,North,Yes,76.2,FedEx,Customs,0,1,0
4291,7212.0,2.6,7.0,2024-02-05,2024-02-12,2024-02-12,Sea,1459,40,1082.79,43311.6,Rainy,East,No,92.1,Delhivery,Traffic,1,0,1
4292,3832.0,2.9,10.0,2024-04-07,2024-04-17,2024-04-20,Road,951,31,2761.85,85617.35,Clear,West,No,85.6,EcomExpress,Customs,0,1,0
4293,9145.0,2.6,10.0,2024-06-15,2024-06-25,2024-06-28,Air,113,18,4201.24,75622.32,Rainy,North,Yes,80.8,BlueDart,,0,1,0
4294,6270.0,3.5,4.0,2024-07-02,2024-07-06,2024-07-07,Road,1197,36,701.3,25246.8,Cloudy,East,Yes,75.7,DHL,Customs,0,0,1
4295,3232.0,3.6,3.0,2024-02-14,2024-02-17,2024-02-20,Air,1426,79,3593.4,283878.6,Storm,South,Yes,90.1,EcomExpress,Traffic,0,0,1
4296,9828.0,4.8,4.0,2024-09-23,2024-09-27,2024-09-28,Air,139,64,4062.82,260020.48,Rainy,Central,No,85.6,Delhivery,Weather,0,0,1
4297,2282.0,5.0,10.0,2024-02-16,2024-02-26,2024-02-25,Sea,479,60,1267.58,76054.8,Clear,East,Yes,95.2,Delhivery,,1,0,1
4298,2980.0,2.7,7.0,2024-10-12,2024-10-19,2024-10-18,Sea,1101,34,1047.68,35621.12,Rainy,East,No,78.8,FedEx,Customs,1,1,1
4299,2632.0,3.4,7.0,2024-01-21,2024-01-28,2024-01-28,Road,935,97,1148.45,111399.65,Clear,West,No,96.8,BlueDart,Traffic,1,1,1
4300,1536.0,2.9,5.0,2024-01-08,2024-01-13,2024-01-15,Sea,927,42,3753.24,157636.08,Cloudy,East,No,92.6,DHL,Traffic,0,0,1
4301,5016.0,3.8,6.0,2024-06-07,2024-06-13,2024-06-16,Air,618,22,3642.07,80125.54,Storm,North,Yes,89.9,Delhivery,,0,0,1
4302,6542.0,2.5,2.0,2024-04-25,2024-04-27,2024-04-26,Air,86,21,611.11,12833.31,Clear,East,Yes,73.1,Delhivery,Customs,1,0,1
4303,1156.0,2.6,4.0,2024-10-03,2024-10-07,2024-10-07,Air,1024,25,4515.69,112892.25,Rainy,Central,No,86.5,EcomExpress,Customs,1,0,1
4304,3975.0,4.9,6.0,2024-09-05,2024-09-11,2024-09-10,Road,382,51,2253.56,114931.56,Cloudy,East,Yes,72.7,DHL,Customs,1,0,1
4305,6862.0,3.3,4.0,2024-08-15,2024-08-19,2024-08-24,Road,861,74,1489.74,110240.76,Cloudy,Central,Yes,71.0,DHL,Weather,0,0,1
4306,3681.0,4.8,8.0,2024-03-13,2024-03-21,2024-03-22,Air,86,9,2586.04,23274.36,Storm,West,No,91.8,BlueDart,Operational,0,0,1
4307,3170.0,4.4,10.0,2024-02-11,2024-02-21,2024-02-24,Sea,1224,25,2574.26,64356.5,Cloudy,North,Yes,81.2,EcomExpress,Operational,0,1,0
4308,1571.0,3.5,8.0,2024-09-09,2024-09-17,2024-09-18,Sea,1147,70,3021.29,211490.3,Cloudy,West,Yes,85.3,FedEx,,0,0,1
4309,7834.0,3.9,3.0,2024-01-18,2024-01-21,2024-01-21,Sea,317,34,4694.2,159602.8,Rainy,Central,Yes,87.0,EcomExpress,,1,0,1
4310,5183.0,4.5,2.0,2024-02-19,2024-02-21,2024-02-24,Sea,413,96,3401.96,326588.16,Clear,Central,Yes,81.5,EcomExpress,Weather,0,0,1
4311,1530.0,2.6,9.0,2024-02-14,2024-02-23,2024-02-25,Sea,95,27,1576.99,42578.73,Clear,South,Yes,86.4,FedEx,Operational,0,0,1
4312,3201.0,3.0,8.0,2024-05-05,2024-05-13,2024-05-13,Sea,1411,86,4947.69,425501.34,Clear,West,Yes,70.2,FedEx,Customs,1,1,1
4313,1085.0,3.8,6.0,2024-09-03,2024-09-09,2024-09-13,Sea,734,14,2200.96,30813.44,Clear,North,Yes,86.7,FedEx,Operational,0,0,1
4314,5316.0,3.0,9.0,2024-02-15,2024-02-24,2024-02-23,Sea,842,93,2356.14,219121.02,Cloudy,East,Yes,99.9,Delhivery,Operational,1,0,1
4315,2327.0,2.8,8.0,2024-07-13,2024-07-21,2024-07-24,Sea,364,5,1211.31,6056.55,Clear,East,No,86.8,FedEx,Customs,0,1,0
4316,5740.0,3.4,7.0,2024-07-13,2024-07-20,2024-07-23,Sea,160,54,3455.92,186619.68,Cloudy,Central,No,87.9,EcomExpress,Customs,0,1,0
4317,2877.0,4.8,10.0,2024-09-14,2024-09-24,2024-09-27,Sea,1481,39,4543.55,177198.45,Cloudy,East,No,73.2,BlueDart,,0,1,0
4318,2248.0,3.8,8.0,2024-09-13,2024-09-21,2024-09-20,Road,180,49,2840.59,139188.91,Rainy,South,No,99.5,DHL,,1,0,1
4319,4944.0,4.9,9.0,2024-03-10,2024-03-19,2024-03-18,Air,482,18,1850.2,33303.6,Cloudy,East,No,84.7,Delhivery,Customs,1,1,1
4320,6878.0,4.0,8.0,2024-07-26,2024-08-03,2024-08-08,Road,371,58,3968.36,230164.88,Cloudy,East,Yes,86.1,BlueDart,Customs,0,0,1
4321,7397.0,2.5,2.0,2024-06-18,2024-06-20,2024-06-22,Air,1047,64,3915.26,250576.64,Storm,East,Yes,85.8,FedEx,,0,0,1
4322,4303.0,3.5,5.0,2024-07-30,2024-08-04,2024-08-09,Sea,861,53,496.76,26328.28,Rainy,West,No,78.8,Delhivery,Operational,0,0,1
4323,4162.0,3.6,10.0,2024-10-06,2024-10-16,2024-10-17,Air,1066,54,1136.29,61359.66,Storm,North,No,85.5,EcomExpress,Traffic,0,1,0
4324,5013.0,2.9,7.0,2024-08-29,2024-09-05,2024-09-05,Road,1128,40,1849.62,73984.8,Cloudy,South,Yes,77.8,DHL,,1,0,1
4325,7123.0,2.9,7.0,2024-01-16,2024-01-23,2024-01-23,Road,1144,79,2955.33,233471.07,Clear,West,No,96.5,FedEx,Operational,1,0,1
4326,4559.0,2.8,3.0,2024-01-03,2024-01-06,2024-01-08,Sea,1341,13,679.62,8835.06,Storm,West,No,95.6,DHL,Customs,0,0,1
4327,4442.0,4.6,8.0,2024-05-05,2024-05-13,2024-05-16,Sea,883,41,4151.37,170206.17,Cloudy,North,No,70.4,FedEx,Customs,0,1,0
4328,3216.0,3.7,3.0,2024-02-12,2024-02-15,2024-02-18,Road,282,97,3327.12,322730.64,Clear,South,Yes,86.8,BlueDart,,0,0,1
4329,1717.0,4.7,5.0,2024-04-16,2024-04-21,2024-04-20,Air,1477,28,3818.18,106909.04,Rainy,East,Yes,78.1,EcomExpress,Traffic,1,0,1
4330,4854.0,3.1,10.0,2024-07-10,2024-07-20,2024-07-20,Road,1017,44,3162.24,139138.56,Clear,North,No,95.7,DHL,Weather,1,0,1
4331,3765.0,3.6,6.0,2024-09-30,2024-10-06,2024-10-09,Sea,917,63,3358.03,211555.89,Cloudy,South,Yes,96.4,FedEx,Weather,0,0,1
4332,1446.0,4.9,4.0,2024-11-16,2024-11-20,2024-11-23,Sea,1455,30,863.83,25914.9,Rainy,South,No,78.1,EcomExpress,Operational,0,1,0
4333,1589.0,2.6,10.0,2024-07-03,2024-07-13,2024-07-12,Air,956,31,4859.29,150637.99,Clear,East,Yes,77.2,Delhivery,Traffic,1,0,1
4334,4732.0,3.3,8.0,2024-05-24,2024-06-01,2024-06-06,Road,299,67,3359.63,225095.21,Storm,East,Yes,86.7,FedEx,Weather,0,0,1
4335,3309.0,2.5,5.0,2024-05-06,2024-05-11,2024-05-12,Sea,849,68,3187.53,216752.04,Clear,West,No,79.9,DHL,Customs,0,0,1
4336,5198.0,3.7,6.0,2024-09-23,2024-09-29,2024-10-04,Air,1266,3,3428.17,10284.51,Cloudy,East,Yes,97.4,FedEx,Weather,0,0,1
4337,3728.0,3.3,3.0,2024-11-02,2024-11-05,2024-11-10,Road,799,60,388.41,23304.6,Storm,Central,No,89.1,EcomExpress,,0,1,0
4338,8678.0,4.0,10.0,2024-09-17,2024-09-27,2024-10-02,Sea,978,9,1364.2,12277.8,Storm,East,No,72.9,DHL,Traffic,0,0,1
4339,7183.0,4.2,4.0,2024-03-13,2024-03-17,2024-03-16,Road,827,28,4924.16,137876.48,Clear,West,No,77.5,EcomExpress,,1,0,1
4340,7978.0,5.0,8.0,2024-05-21,2024-05-29,2024-06-03,Air,405,54,499.47,26971.38,Rainy,East,Yes,80.6,FedEx,Customs,0,0,1
4341,6179.0,4.3,5.0,2024-11-26,2024-12-01,2024-12-04,Sea,398,94,2704.4,254213.6,Rainy,East,No,75.1,FedEx,Operational,0,0,1
4342,9239.0,4.0,6.0,2024-01-12,2024-01-18,2024-01-20,Sea,452,46,1347.1,61966.6,Clear,West,Yes,82.7,BlueDart,Operational,0,0,1
4343,4915.0,4.2,5.0,2024-10-09,2024-10-14,2024-10-17,Road,229,10,458.16,4581.6,Clear,East,No,76.1,Delhivery,,0,0,1
4344,8273.0,4.8,2.0,2024-09-28,2024-09-30,2024-10-02,Air,754,84,2301.53,193328.52,Cloudy,East,Yes,94.8,EcomExpress,Traffic,0,1,0
4345,9315.0,3.5,6.0,2024-06-24,2024-06-30,2024-07-05,Sea,598,8,2520.64,20165.12,Cloudy,West,No,92.1,BlueDart,,0,0,1
4346,5035.0,2.7,10.0,2024-09-05,2024-09-15,2024-09-18,Road,1464,62,650.08,40304.96,Storm,Central,Yes,88.2,BlueDart,,0,0,1
4347,2097.0,4.1,9.0,2024-04-01,2024-04-10,2024-04-11,Air,765,21,2541.55,53372.55,Storm,East,No,78.1,BlueDart,Operational,0,0,1
4348,7196.0,4.7,9.0,2024-06-25,2024-07-04,2024-07-06,Air,1041,40,387.07,15482.8,Clear,Central,No,85.5,EcomExpress,Customs,0,0,1
4349,6427.0,4.8,7.0,2024-05-30,2024-06-06,2024-06-10,Air,1124,13,2188.63,28452.19,Storm,East,No,84.9,Delhivery,Customs,0,0,1
4350,6708.0,4.1,4.0,2024-04-21,2024-04-25,2024-04-30,Sea,500,44,2929.49,128897.56,Rainy,East,No,83.9,EcomExpress,,0,1,0
4351,6392.0,3.7,5.0,2024-10-02,2024-10-07,2024-10-12,Road,1265,50,224.68,11234.0,Storm,South,Yes,82.9,EcomExpress,,0,0,1
4352,6289.0,4.1,7.0,2024-09-08,2024-09-15,2024-09-18,Sea,469,28,1973.25,55251.0,Clear,Central,Yes,73.8,DHL,Weather,0,1,0
4353,8345.0,4.4,3.0,2024-05-06,2024-05-09,2024-05-09,Sea,327,8,1832.63,14661.04,Clear,East,No,95.2,Delhivery,Operational,1,0,1
4354,5936.0,2.7,5.0,2024-05-21,2024-05-26,2024-05-29,Road,1363,1,4230.5,4230.5,Clear,East,No,72.8,DHL,Operational,0,0,1
4355,9448.0,2.8,10.0,2024-01-12,2024-01-22,2024-01-27,Air,165,69,466.47,32186.43,Cloudy,Central,No,96.0,EcomExpress,Customs,0,0,1
4356,7312.0,4.0,7.0,2024-03-13,2024-03-20,2024-03-19,Sea,743,89,3702.63,329534.07,Rainy,Central,No,82.4,FedEx,,1,0,1
4357,3360.0,4.0,5.0,2024-07-08,2024-07-13,2024-07-14,Air,345,85,325.22,27643.7,Rainy,West,Yes,77.7,Delhivery,Operational,0,0,1
4358,4217.0,3.3,10.0,2024-11-24,2024-12-04,2024-12-03,Air,198,100,4221.0,422100.0,Clear,East,Yes,87.8,EcomExpress,,1,1,1
4359,,3.7,,2024-09-07,2024-09-16,2024-09-18,Sea,1107,2,2954.48,,Cloudy,East,No,98.3,Delhivery,Customs,0,1,0
4360,8714.0,3.8,3.0,2024-07-01,2024-07-04,2024-07-07,Road,53,17,3215.13,54657.21,Storm,South,Yes,72.5,Delhivery,,0,0,1
4361,3762.0,3.0,8.0,2024-08-06,2024-08-14,2024-08-15,Sea,867,64,3117.08,199493.12,Clear,East,Yes,87.9,Delhivery,,0,0,1
4362,4084.0,4.2,5.0,2024-04-22,2024-04-27,2024-04-30,Sea,1271,52,4358.6,226647.2,Rainy,West,Yes,87.1,BlueDart,Weather,0,0,1
4363,9787.0,2.9,8.0,2024-09-30,2024-10-08,2024-10-09,Air,230,18,1123.74,20227.32,Clear,South,No,76.9,BlueDart,Traffic,0,0,1
4364,5149.0,2.7,2.0,2024-11-18,2024-11-20,2024-11-24,Sea,723,54,573.41,30964.14,Rainy,South,No,89.8,FedEx,Weather,0,0,1
4365,8479.0,4.1,6.0,2024-06-26,2024-07-02,2024-07-03,Road,962,63,1196.85,75401.55,Cloudy,West,Yes,84.9,Delhivery,,0,0,1
4366,6646.0,3.9,8.0,2024-08-30,2024-09-07,2024-09-08,Sea,785,15,3161.38,47420.7,Cloudy,Central,Yes,86.3,EcomExpress,Traffic,0,0,1
4367,6171.0,4.8,10.0,2024-05-26,2024-06-05,2024-06-10,Road,914,15,3057.29,45859.35,Rainy,West,No,85.5,FedEx,,0,1,0
4368,3881.0,4.2,8.0,2024-06-28,2024-07-06,2024-07-07,Road,1101,23,2047.2,47085.6,Clear,South,No,84.9,EcomExpress,Traffic,0,0,1
4369,6333.0,3.8,8.0,2024-09-16,2024-09-24,2024-09-24,Air,1394,68,376.85,25625.8,Storm,West,Yes,93.7,Delhivery,Operational,1,0,1
4370,9974.0,4.9,5.0,2024-07-29,2024-08-03,2024-08-02,Road,361,19,3785.33,71921.27,Clear,South,No,78.0,EcomExpress,Traffic,1,0,1
4371,3802.0,4.6,2.0,2024-05-02,2024-05-04,2024-05-04,Road,795,70,2495.97,174717.9,Clear,South,No,91.1,BlueDart,,1,0,1
4372,2789.0,3.0,3.0,2024-11-23,2024-11-26,2024-11-25,Sea,632,23,771.26,17738.98,Storm,West,Yes,91.5,EcomExpress,,1,1,1
4373,4024.0,4.8,7.0,2024-07-23,2024-07-30,2024-07-31,Sea,455,77,3833.99,295217.23,Cloudy,North,No,95.7,EcomExpress,Customs,0,0,1
4374,1084.0,3.5,3.0,2024-05-27,2024-05-30,2024-05-31,Road,448,82,2243.75,183987.5,Clear,West,Yes,87.4,DHL,Operational,0,0,1
4375,2177.0,4.5,10.0,2024-03-31,2024-04-10,2024-04-10,Air,495,59,1209.1,71336.9,Rainy,North,No,79.2,DHL,Traffic,1,1,1
4376,4782.0,3.5,4.0,2024-05-05,2024-05-09,2024-05-13,Sea,326,65,3315.88,215532.2,Storm,West,No,74.9,EcomExpress,Customs,0,1,0
4377,9139.0,3.3,10.0,2024-05-05,2024-05-15,2024-05-16,Road,1083,20,3985.16,79703.2,Cloudy,West,Yes,95.2,Delhivery,Customs,0,1,0
4378,4775.0,4.0,3.0,2024-01-04,2024-01-07,2024-01-10,Road,167,2,3424.75,6849.5,Rainy,East,Yes,77.7,DHL,Customs,0,0,1
4379,9428.0,2.9,6.0,2024-08-28,2024-09-03,2024-09-03,Sea,1336,85,4264.09,362447.65,Storm,East,Yes,80.1,Delhivery,Traffic,1,0,1
4380,4785.0,4.4,5.0,2024-05-27,2024-06-01,2024-06-05,Road,1072,17,4242.01,72114.17,Clear,South,Yes,83.9,EcomExpress,Traffic,0,0,1
4381,9183.0,3.2,8.0,2024-01-19,2024-01-27,2024-01-30,Air,155,51,3413.81,174104.31,Clear,North,Yes,94.9,FedEx,Traffic,0,0,1
4382,1498.0,2.8,3.0,2024-07-15,2024-07-18,2024-07-17,Air,1039,87,1704.04,148251.48,Rainy,Central,Yes,83.2,EcomExpress,Weather,1,0,1
4383,7476.0,4.2,2.0,2024-04-09,2024-04-11,2024-04-15,Air,1215,18,4749.06,85483.08,Storm,South,No,76.7,FedEx,,0,0,1
4384,8410.0,4.4,2.0,2024-07-19,2024-07-21,2024-07-23,Air,131,61,2632.42,160577.62,Storm,South,No,72.7,DHL,Customs,0,0,1
4385,4977.0,2.8,7.0,2024-06-25,2024-07-02,2024-07-07,Sea,1109,34,3505.69,119193.46,Clear,South,Yes,79.0,BlueDart,Weather,0,0,1
4386,3653.0,3.4,10.0,2024-10-04,2024-10-14,2024-10-18,Air,257,46,2692.59,123859.14,Clear,East,Yes,91.0,Delhivery,Customs,0,0,1
4387,3419.0,4.6,6.0,2024-03-01,2024-03-07,2024-03-07,Sea,464,1,3011.33,3011.33,Rainy,North,No,92.7,EcomExpress,Weather,1,0,1
4388,8917.0,3.7,3.0,2024-06-06,2024-06-09,2024-06-13,Air,566,57,4068.48,231903.36,Clear,Central,No,77.3,FedEx,Traffic,0,0,1
4389,4284.0,3.5,2.0,2024-11-24,2024-11-26,2024-11-28,Road,364,87,869.22,75622.14,Cloudy,South,No,80.7,BlueDart,Operational,0,1,0
4390,8353.0,2.6,6.0,2024-08-29,2024-09-04,2024-09-08,Road,728,67,4035.16,270355.72,Storm,West,No,70.4,DHL,Weather,0,0,1
4391,4918.0,2.7,10.0,2024-06-26,2024-07-06,2024-07-06,Road,1142,44,2327.36,102403.84,Storm,Central,Yes,90.8,DHL,Customs,1,0,1
4392,1111.0,4.2,9.0,2024-04-19,2024-04-28,2024-04-27,Road,553,17,2238.9,38061.3,Cloudy,North,Yes,76.3,FedEx,,1,0,1
4393,6927.0,4.3,5.0,2024-05-02,2024-05-07,2024-05-06,Air,1376,83,2865.46,237833.18,Storm,Central,Yes,92.7,BlueDart,Operational,1,0,1
4394,8381.0,4.6,3.0,2024-06-30,2024-07-03,2024-07-04,Road,731,3,1698.31,5094.93,Rainy,Central,Yes,97.5,FedEx,,0,1,0
4395,3890.0,4.7,2.0,2024-09-06,2024-09-08,2024-09-11,Sea,480,19,333.22,6331.18,Rainy,South,No,70.4,BlueDart,Customs,0,0,1
4396,2863.0,2.7,8.0,2024-09-07,2024-09-15,2024-09-20,Road,1445,16,4998.63,79978.08,Storm,South,Yes,89.1,FedEx,Operational,0,1,0
4397,2823.0,4.6,2.0,2024-01-23,2024-01-25,2024-01-24,Air,1266,84,4607.0,386988.0,Clear,South,Yes,72.1,DHL,Traffic,1,0,1
4398,4191.0,2.7,10.0,2024-10-11,2024-10-21,2024-10-20,Air,752,58,633.56,36746.48,Clear,West,No,80.2,Delhivery,,1,0,1
4399,8038.0,3.1,3.0,2024-01-08,2024-01-11,2024-01-10,Air,124,55,2757.77,151677.35,Cloudy,Central,No,72.5,BlueDart,,1,0,1
4400,4861.0,3.6,6.0,2024-11-04,2024-11-10,2024-11-11,Road,555,29,4241.54,123004.66,Clear,West,No,90.8,FedEx,Traffic,0,0,1
4401,2173.0,4.4,8.0,2024-04-22,2024-04-30,2024-04-30,Sea,282,43,3619.2,155625.6,Cloudy,Central,No,76.4,Delhivery,Traffic,1,0,1
4402,5996.0,3.4,8.0,2024-07-27,2024-08-04,2024-08-05,Road,1381,18,1626.19,29271.42,Clear,North,Yes,74.3,FedEx,Customs,0,1,0
4403,6133.0,2.6,10.0,2024-04-21,2024-05-01,2024-04-30,Road,366,42,3731.11,156706.62,Storm,East,Yes,86.8,BlueDart,Weather,1,1,1
4404,8619.0,3.5,3.0,2024-07-22,2024-07-25,2024-07-28,Sea,559,80,2110.53,168842.4,Clear,South,Yes,72.7,DHL,Operational,0,0,1
4405,7986.0,3.2,3.0,2024-03-21,2024-03-24,2024-03-29,Air,563,71,129.39,9186.69,Cloudy,South,Yes,87.7,DHL,,0,0,1
4406,5407.0,2.9,3.0,2024-04-01,2024-04-04,2024-04-08,Air,735,100,4839.32,483932.0,Storm,West,Yes,86.2,FedEx,Operational,0,0,1
4407,4234.0,4.1,2.0,2024-09-26,2024-09-28,2024-09-30,Air,185,20,2280.75,45615.0,Clear,North,Yes,76.3,DHL,Customs,0,0,1
4408,4841.0,3.7,5.0,2024-03-09,2024-03-14,2024-03-17,Road,92,46,443.89,20418.94,Cloudy,North,Yes,99.4,BlueDart,Traffic,0,1,0
4409,1469.0,2.8,2.0,2024-08-11,2024-08-13,2024-08-18,Road,1161,5,3861.37,19306.85,Cloudy,East,Yes,84.3,DHL,Operational,0,1,0
4410,2146.0,3.0,2.0,2024-07-25,2024-07-27,2024-07-28,Road,633,26,1222.79,31792.54,Clear,North,No,91.0,EcomExpress,,0,0,1
4411,8972.0,2.7,8.0,2024-06-01,2024-06-09,2024-06-12,Sea,131,45,2397.81,107901.45,Cloudy,East,No,80.0,Delhivery,Traffic,0,1,0
4412,9073.0,4.6,6.0,2024-09-01,2024-09-07,2024-09-07,Air,1285,42,4033.55,169409.1,Rainy,North,Yes,91.0,Delhivery,Weather,1,1,1
4413,8624.0,2.5,2.0,2024-10-02,2024-10-04,2024-10-05,Air,439,52,2603.41,135377.32,Cloudy,South,Yes,98.5,Delhivery,Traffic,0,0,1
4414,8935.0,3.7,4.0,2024-05-16,2024-05-20,2024-05-25,Air,1109,96,2365.25,227064.0,Cloudy,Central,No,96.8,Delhivery,Operational,0,0,1
4415,6422.0,5.0,9.0,2024-09-22,2024-10-01,2024-10-06,Air,1262,6,1181.01,7086.06,Clear,East,No,72.2,BlueDart,Traffic,0,1,0
4416,5509.0,4.2,2.0,2024-08-14,2024-08-16,2024-08-20,Air,1415,89,2187.09,194651.01,Rainy,West,Yes,84.9,EcomExpress,Traffic,0,0,1
4417,8647.0,3.3,9.0,2024-02-02,2024-02-11,2024-02-13,Road,1195,87,2812.05,244648.35,Cloudy,East,No,95.6,EcomExpress,Traffic,0,0,1
4418,9511.0,2.9,2.0,2024-03-03,2024-03-05,2024-03-06,Air,639,46,4749.19,218462.74,Clear,North,Yes,76.1,EcomExpress,Customs,0,1,0
4419,3426.0,4.8,7.0,2024-03-26,2024-04-02,2024-04-03,Road,593,30,1087.69,32630.7,Rainy,West,Yes,72.5,FedEx,Operational,0,0,1
4420,9389.0,2.6,8.0,2024-05-02,2024-05-10,2024-05-14,Road,757,72,1424.13,102537.36,Rainy,West,Yes,87.5,BlueDart,Weather,0,0,1
4421,8627.0,4.7,4.0,2024-11-03,2024-11-07,2024-11-06,Sea,177,38,4206.67,159853.46,Rainy,East,No,97.5,Delhivery,Traffic,1,1,1
4422,9674.0,4.1,5.0,2024-10-21,2024-10-26,2024-10-30,Air,1107,96,3983.54,382419.84,Storm,Central,No,85.6,EcomExpress,,0,0,1
4423,7646.0,4.5,2.0,2024-08-30,2024-09-01,2024-09-02,Sea,1405,30,3598.9,107967.0,Clear,North,No,74.4,EcomExpress,Traffic,0,0,1
4424,2302.0,3.5,2.0,2024-06-16,2024-06-18,2024-06-20,Road,1118,83,2010.39,166862.37,Rainy,Central,No,76.0,Delhivery,,0,1,0
4425,2789.0,4.7,6.0,2024-11-14,2024-11-20,2024-11-19,Air,745,21,792.58,16644.18,Clear,West,No,88.5,BlueDart,Traffic,1,0,1
4426,2055.0,4.6,8.0,2024-09-02,2024-09-10,2024-09-12,Air,796,85,3529.24,299985.4,Cloudy,West,No,75.1,Delhivery,Operational,0,0,1
4427,9542.0,2.6,7.0,2024-11-08,2024-11-15,2024-11-19,Road,1025,32,4924.23,157575.36,Rainy,East,Yes,77.5,FedEx,Operational,0,0,1
4428,8253.0,3.2,3.0,2024-07-30,2024-08-02,2024-08-05,Sea,336,57,4089.49,233100.93,Rainy,South,Yes,78.6,Delhivery,Customs,0,0,1
4429,9470.0,2.6,4.0,2024-01-13,2024-01-17,2024-01-22,Road,954,45,3587.74,161448.3,Rainy,North,No,81.3,FedEx,Operational,0,1,0
4430,3979.0,3.7,7.0,2024-05-18,2024-05-25,2024-05-27,Road,1370,34,4992.77,169754.18,Cloudy,South,No,80.0,Delhivery,Traffic,0,1,0
4431,9280.0,3.6,9.0,2024-06-20,2024-06-29,2024-06-29,Sea,507,66,4704.0,310464.0,Rainy,West,No,98.6,FedEx,Weather,1,0,1
4432,9165.0,4.9,10.0,2024-11-05,2024-11-15,2024-11-19,Road,76,2,1962.69,3925.38,Clear,Central,Yes,91.4,FedEx,Traffic,0,0,1
4433,9736.0,4.1,9.0,2024-04-13,2024-04-22,2024-04-22,Road,354,62,1643.14,101874.68,Rainy,Central,No,96.2,BlueDart,Operational,1,1,1
4434,3159.0,4.5,3.0,2024-10-21,2024-10-24,2024-10-26,Air,1177,74,301.8,22333.2,Cloudy,Central,Yes,72.2,EcomExpress,Customs,0,0,1
4435,7330.0,4.8,7.0,2024-06-27,2024-07-04,2024-07-07,Air,1465,4,198.37,793.48,Storm,West,No,97.3,FedEx,Customs,0,0,1
4436,4455.0,3.6,10.0,2024-11-11,2024-11-21,2024-11-21,Sea,594,94,2905.5,273117.0,Cloudy,Central,No,84.6,Delhivery,Customs,1,0,1
4437,1304.0,3.0,8.0,2024-04-17,2024-04-25,2024-04-25,Air,480,94,1527.1,143547.4,Storm,North,Yes,82.0,FedEx,Customs,1,0,1
4438,,3.9,,2024-06-30,2024-07-02,2024-07-02,Road,1031,54,4346.35,,Storm,East,No,73.5,DHL,Traffic,1,1,1
4439,1272.0,3.6,10.0,2024-06-23,2024-07-03,2024-07-03,Road,32,2,3358.7,6717.4,Storm,Central,Yes,81.6,DHL,Weather,1,1,1
4440,3162.0,4.2,2.0,2024-01-15,2024-01-17,2024-01-18,Road,57,68,4476.44,304397.92,Clear,West,No,77.6,FedEx,Operational,0,0,1
4441,8188.0,5.0,7.0,2024-07-12,2024-07-19,2024-07-23,Sea,1068,20,775.53,15510.6,Cloudy,North,Yes,78.7,Delhivery,Customs,0,0,1
4442,3928.0,3.7,7.0,2024-02-05,2024-02-12,2024-02-13,Air,613,10,3231.71,32317.1,Rainy,North,No,84.4,EcomExpress,Traffic,0,0,1
4443,9084.0,3.0,4.0,2024-04-08,2024-04-12,2024-04-12,Air,582,87,4095.97,356349.39,Clear,Central,No,92.2,EcomExpress,Customs,1,0,1
4444,5254.0,2.8,8.0,2024-03-25,2024-04-02,2024-04-03,Sea,19,13,1481.5,19259.5,Cloudy,Central,Yes,98.7,Delhivery,Weather,0,0,1
4445,2393.0,3.1,5.0,2024-05-03,2024-05-08,2024-05-10,Road,219,9,3001.68,27015.12,Storm,East,No,97.5,DHL,Operational,0,0,1
4446,2485.0,3.1,9.0,2024-07-25,2024-08-03,2024-08-07,Sea,571,68,4130.38,280865.84,Clear,North,Yes,78.7,FedEx,Traffic,0,0,1
4447,4357.0,4.0,8.0,2024-05-04,2024-05-12,2024-05-14,Road,204,34,4528.87,153981.58,Clear,North,No,85.9,FedEx,Operational,0,1,0
4448,3131.0,4.3,5.0,2024-05-03,2024-05-08,2024-05-07,Sea,1443,53,3326.3,176293.9,Rainy,South,Yes,92.7,BlueDart,Operational,1,0,1
4449,5709.0,3.1,6.0,2024-06-10,2024-06-16,2024-06-17,Sea,330,63,741.69,46726.47,Rainy,East,Yes,73.6,BlueDart,,0,0,1
4450,9652.0,3.7,3.0,2024-06-16,2024-06-19,2024-06-21,Air,1023,80,261.54,20923.2,Storm,South,Yes,75.9,FedEx,Customs,0,1,0
4451,2953.0,3.1,7.0,2024-02-20,2024-02-27,2024-03-03,Road,667,26,3945.89,102593.14,Rainy,North,Yes,88.4,FedEx,Traffic,0,0,1
4452,8513.0,3.2,5.0,2024-07-28,2024-08-02,2024-08-04,Road,938,49,1777.44,87094.56,Clear,East,No,80.2,Delhivery,,0,1,0
4453,2869.0,4.5,4.0,2024-05-19,2024-05-23,2024-05-24,Air,1119,61,1273.1,77659.1,Cloudy,Central,Yes,94.3,FedEx,Traffic,0,1,0
4454,2882.0,3.0,3.0,2024-01-30,2024-02-02,2024-02-02,Sea,521,35,2121.28,74244.8,Storm,Central,Yes,75.3,BlueDart,Customs,1,0,1
4455,6594.0,2.8,10.0,2024-04-05,2024-04-15,2024-04-18,Air,770,59,2193.71,129428.89,Rainy,North,Yes,77.1,FedEx,Customs,0,0,1
4456,1984.0,4.6,9.0,2024-02-10,2024-02-19,2024-02-24,Sea,1175,27,3674.78,99219.06,Storm,Central,Yes,74.8,DHL,,0,1,0
4457,9275.0,4.9,4.0,2024-01-30,2024-02-03,2024-02-04,Air,732,54,3022.15,163196.1,Rainy,West,Yes,95.7,Delhivery,Customs,0,0,1
4458,5337.0,3.2,5.0,2024-01-23,2024-01-28,2024-02-02,Road,1437,10,3333.46,33334.6,Storm,Central,Yes,80.1,BlueDart,Traffic,0,0,1
4459,8137.0,2.9,6.0,2024-06-25,2024-07-01,2024-07-03,Sea,32,94,4417.36,415231.84,Cloudy,North,No,92.6,Delhivery,,0,0,1
4460,8958.0,2.8,8.0,2024-03-28,2024-04-05,2024-04-09,Sea,1043,79,4057.5,320542.5,Rainy,North,No,86.8,Delhivery,Customs,0,0,1
4461,4345.0,3.0,9.0,2024-06-19,2024-06-28,2024-06-29,Sea,824,95,597.83,56793.85,Storm,South,Yes,72.8,BlueDart,,0,0,1
4462,5737.0,2.8,4.0,2024-03-25,2024-03-29,2024-03-28,Air,208,46,3268.96,150372.16,Clear,West,Yes,75.3,EcomExpress,,1,0,1
4463,7505.0,3.8,6.0,2024-04-20,2024-04-26,2024-04-30,Sea,1124,83,2011.83,166981.89,Rainy,North,Yes,80.1,DHL,Customs,0,1,0
4464,4389.0,3.2,10.0,2024-10-16,2024-10-26,2024-10-28,Road,690,48,3755.9,180283.2,Clear,Central,No,92.9,Delhivery,Traffic,0,0,1
4465,4115.0,3.5,3.0,2024-01-07,2024-01-10,2024-01-13,Air,382,46,3400.89,156440.94,Rainy,North,No,86.3,DHL,Customs,0,1,0
4466,4698.0,3.5,10.0,2024-01-12,2024-01-22,2024-01-26,Air,315,33,1313.06,43330.98,Cloudy,North,No,99.9,BlueDart,,0,0,1
4467,7020.0,5.0,4.0,2024-05-12,2024-05-16,2024-05-18,Sea,1360,32,4548.37,145547.84,Cloudy,South,No,90.2,Delhivery,Weather,0,1,0
4468,9460.0,3.0,5.0,2024-08-24,2024-08-29,2024-09-03,Road,1165,2,3143.26,6286.52,Clear,West,No,83.8,DHL,,0,1,0
4469,6138.0,4.0,5.0,2024-09-27,2024-10-02,2024-10-05,Road,913,28,4019.63,112549.64,Clear,North,No,96.6,BlueDart,Operational,0,0,1
4470,9024.0,3.6,4.0,2024-08-11,2024-08-15,2024-08-15,Sea,392,96,273.06,26213.76,Cloudy,North,No,77.3,Delhivery,Operational,1,1,1
4471,2566.0,3.0,5.0,2024-06-30,2024-07-05,2024-07-09,Sea,46,25,2005.64,50141.0,Cloudy,North,No,75.7,Delhivery,Operational,0,1,0
4472,9971.0,4.0,8.0,2024-03-20,2024-03-28,2024-03-30,Road,1276,98,1679.17,164558.66,Storm,East,Yes,84.3,FedEx,Traffic,0,0,1
4473,9728.0,3.9,10.0,2024-10-02,2024-10-12,2024-10-17,Air,686,50,1387.05,69352.5,Clear,West,No,71.8,BlueDart,Customs,0,0,1
4474,3017.0,3.3,10.0,2024-06-08,2024-06-18,2024-06-22,Sea,306,68,2020.58,137399.44,Rainy,West,Yes,72.1,DHL,Traffic,0,1,0
4475,5963.0,4.4,7.0,2024-07-29,2024-08-05,2024-08-04,Air,711,52,2253.1,117161.2,Cloudy,West,No,82.7,EcomExpress,,1,0,1
4476,3079.0,3.3,7.0,2024-10-31,2024-11-07,2024-11-11,Road,446,41,1763.22,72292.02,Storm,West,No,82.3,BlueDart,Customs,0,0,1
4477,3885.0,2.6,9.0,2024-03-17,2024-03-26,2024-03-27,Sea,468,98,377.51,36995.98,Rainy,North,Yes,74.5,BlueDart,Traffic,0,1,0
4478,8259.0,3.1,5.0,2024-08-18,2024-08-23,2024-08-25,Air,45,98,359.5,35231.0,Clear,West,Yes,96.9,EcomExpress,Weather,0,1,0
4479,5501.0,3.1,6.0,2024-04-10,2024-04-16,2024-04-19,Sea,484,60,1063.01,63780.6,Cloudy,Central,No,75.2,Delhivery,Customs,0,0,1
4480,5560.0,3.5,10.0,2024-02-22,2024-03-03,2024-03-03,Air,356,17,2339.37,39769.29,Cloudy,Central,Yes,77.2,FedEx,Customs,1,0,1
4481,3088.0,4.3,4.0,2024-03-31,2024-04-04,2024-04-09,Road,115,97,3613.79,350537.63,Cloudy,Central,Yes,98.0,Delhivery,Operational,0,1,0
4482,9309.0,4.0,8.0,2024-03-30,2024-04-07,2024-04-06,Sea,447,47,2755.63,129514.61,Clear,East,No,80.5,EcomExpress,Customs,1,1,1
4483,3438.0,2.9,4.0,2024-02-06,2024-02-10,2024-02-10,Air,469,75,3215.06,241129.5,Clear,Central,No,95.3,EcomExpress,Customs,1,0,1
4484,1664.0,4.0,3.0,2024-09-09,2024-09-12,2024-09-12,Road,424,78,650.73,50756.94,Rainy,South,No,98.2,FedEx,Traffic,1,0,1
4485,2496.0,4.1,3.0,2024-03-02,2024-03-05,2024-03-10,Road,274,98,1155.17,113206.66,Rainy,South,No,98.3,BlueDart,Traffic,0,1,0
4486,2891.0,4.1,8.0,2024-02-19,2024-02-27,2024-03-01,Air,880,69,2068.52,142727.88,Clear,South,No,88.6,EcomExpress,Traffic,0,0,1
4487,3592.0,4.5,8.0,2024-09-16,2024-09-24,2024-09-24,Sea,1089,24,4621.66,110919.84,Storm,North,No,89.0,EcomExpress,Weather,1,0,1
4488,2498.0,4.2,8.0,2024-07-20,2024-07-28,2024-07-31,Road,412,96,3597.03,345314.88,Clear,South,No,82.8,Delhivery,Operational,0,1,0
4489,1248.0,3.7,10.0,2024-04-12,2024-04-22,2024-04-27,Sea,520,21,606.77,12742.17,Cloudy,East,No,71.3,BlueDart,Traffic,0,0,1
4490,2195.0,2.7,8.0,2024-05-26,2024-06-03,2024-06-05,Sea,769,3,2942.4,8827.2,Cloudy,East,Yes,72.1,Delhivery,Weather,0,1,0
4491,7737.0,3.0,2.0,2024-07-30,2024-08-01,2024-08-06,Air,692,71,1268.71,90078.41,Cloudy,South,No,80.1,EcomExpress,Operational,0,0,1
4492,9083.0,4.2,10.0,2024-05-06,2024-05-16,2024-05-19,Road,502,59,733.7,43288.3,Rainy,Central,No,88.4,BlueDart,,0,0,1
4493,1588.0,3.1,6.0,2024-07-29,2024-08-04,2024-08-03,Sea,166,69,3276.13,226052.97,Storm,South,Yes,85.0,BlueDart,Customs,1,0,1
4494,5132.0,3.2,7.0,2024-08-24,2024-08-31,2024-09-01,Air,1455,5,3685.74,18428.7,Storm,East,No,73.6,FedEx,Customs,0,1,0
4495,5804.0,2.8,3.0,2024-10-15,2024-10-18,2024-10-17,Road,732,86,617.31,53088.66,Storm,West,No,76.8,BlueDart,Operational,1,0,1
4496,1071.0,4.3,5.0,2024-06-09,2024-06-14,2024-06-18,Air,765,85,3460.57,294148.45,Clear,West,No,92.4,BlueDart,Customs,0,1,0
4497,6287.0,4.6,9.0,2024-01-30,2024-02-08,2024-02-10,Road,502,95,4654.58,442185.1,Storm,West,No,85.3,BlueDart,Weather,0,0,1
4498,8306.0,4.7,2.0,2024-05-10,2024-05-12,2024-05-14,Road,657,34,1479.91,50316.94,Rainy,West,Yes,94.6,EcomExpress,Traffic,0,0,1
4499,8636.0,4.7,8.0,2024-02-26,2024-03-05,2024-03-06,Air,802,15,2571.98,38579.7,Rainy,East,No,82.7,BlueDart,Customs,0,0,1
4500,9682.0,3.2,4.0,2024-04-09,2024-04-13,2024-04-18,Air,1223,33,451.45,14897.85,Clear,Central,No,70.7,Delhivery,,0,0,1
4501,5018.0,2.5,6.0,2024-10-30,2024-11-05,2024-11-05,Road,1375,80,875.58,70046.4,Storm,East,Yes,77.5,DHL,Customs,1,0,1
4502,7102.0,4.6,4.0,2024-06-18,2024-06-22,2024-06-22,Road,1033,10,4081.65,40816.5,Cloudy,Central,No,74.9,DHL,Customs,1,0,1
4503,8994.0,3.3,5.0,2024-06-29,2024-07-04,2024-07-04,Sea,1500,71,3008.71,213618.41,Rainy,South,Yes,91.1,BlueDart,Customs,1,1,1
4504,9468.0,3.7,3.0,2024-05-13,2024-05-16,2024-05-17,Sea,351,82,4471.49,366662.18,Rainy,North,No,90.4,Delhivery,Traffic,0,0,1
4505,6393.0,2.7,6.0,2024-11-26,2024-12-02,2024-12-06,Air,502,50,3607.84,180392.0,Cloudy,West,Yes,84.9,Delhivery,Weather,0,0,1
4506,5955.0,4.8,9.0,2024-06-12,2024-06-21,2024-06-21,Air,148,23,2469.16,56790.68,Storm,West,Yes,71.1,EcomExpress,Weather,1,0,1
4507,7160.0,2.7,6.0,2024-06-01,2024-06-07,2024-06-12,Air,1279,27,1515.4,40915.8,Rainy,South,Yes,79.6,EcomExpress,Traffic,0,1,0
4508,1779.0,2.8,3.0,2024-04-25,2024-04-28,2024-05-03,Road,915,43,886.39,38114.77,Cloudy,South,Yes,92.1,Delhivery,Traffic,0,0,1
4509,2215.0,4.2,10.0,2024-03-28,2024-04-07,2024-04-07,Air,189,50,2712.55,135627.5,Cloudy,Central,Yes,73.1,EcomExpress,,1,0,1
4510,2596.0,3.8,3.0,2024-05-08,2024-05-11,2024-05-10,Road,257,96,3189.58,306199.68,Storm,West,No,78.4,DHL,Operational,1,0,1
4511,4020.0,3.0,5.0,2024-09-07,2024-09-12,2024-09-11,Road,1460,52,791.4,41152.8,Rainy,East,No,75.9,FedEx,Weather,1,1,1
4512,6239.0,4.1,8.0,2024-04-29,2024-05-07,2024-05-12,Sea,848,71,2393.35,169927.85,Rainy,West,Yes,85.5,EcomExpress,Customs,0,0,1
4513,2989.0,3.6,8.0,2024-11-25,2024-12-03,2024-12-08,Air,828,74,1623.7,120153.8,Cloudy,North,Yes,70.2,FedEx,,0,0,1
4514,,2.8,,2024-07-20,2024-07-29,2024-08-01,Air,533,68,2037.45,,Cloudy,East,Yes,70.9,Delhivery,Weather,0,1,0
4515,6034.0,2.8,5.0,2024-09-11,2024-09-16,2024-09-16,Sea,403,97,387.09,37547.73,Rainy,South,Yes,96.4,FedEx,Customs,1,0,1
4516,5806.0,3.3,10.0,2024-06-29,2024-07-09,2024-07-11,Road,1384,14,2699.48,37792.72,Clear,South,Yes,93.2,DHL,Traffic,0,1,0
4517,4128.0,3.5,4.0,2024-05-31,2024-06-04,2024-06-09,Road,1286,7,4730.78,33115.46,Storm,East,No,84.7,BlueDart,,0,0,1
4518,6864.0,4.7,7.0,2024-03-09,2024-03-16,2024-03-19,Sea,1219,26,3806.69,98973.94,Clear,East,Yes,99.6,FedEx,,0,1,0
4519,3050.0,2.5,8.0,2024-04-05,2024-04-13,2024-04-13,Air,1387,47,650.47,30572.09,Rainy,South,No,73.3,DHL,Weather,1,0,1
4520,3529.0,2.8,5.0,2024-09-01,2024-09-06,2024-09-06,Air,443,91,3127.95,284643.45,Clear,South,No,79.2,DHL,Operational,1,1,1
4521,1515.0,3.5,8.0,2024-08-25,2024-09-02,2024-09-07,Air,145,73,1073.98,78400.54,Clear,North,No,71.9,FedEx,Customs,0,1,0
4522,4580.0,4.1,8.0,2024-01-27,2024-02-04,2024-02-03,Air,1137,96,2537.87,243635.52,Rainy,East,No,73.3,Delhivery,Customs,1,1,1
4523,6733.0,3.6,3.0,2024-02-05,2024-02-08,2024-02-09,Road,521,35,4391.23,153693.05,Cloudy,South,No,98.9,DHL,Operational,0,0,1
4524,4136.0,3.4,4.0,2024-08-20,2024-08-24,2024-08-28,Road,135,88,3148.52,277069.76,Storm,East,Yes,93.7,Delhivery,,0,0,1
4525,4805.0,3.0,8.0,2024-01-12,2024-01-20,2024-01-23,Air,1191,2,1098.54,2197.08,Storm,South,Yes,75.5,EcomExpress,Customs,0,0,1
4526,5720.0,3.1,3.0,2024-10-07,2024-10-10,2024-10-14,Sea,1011,17,3250.66,55261.22,Storm,East,Yes,89.8,FedEx,Operational,0,0,1
4527,7600.0,3.3,3.0,2024-10-17,2024-10-20,2024-10-23,Road,749,57,1038.84,59213.88,Clear,South,Yes,92.3,EcomExpress,,0,0,1
4528,3941.0,3.0,5.0,2024-02-23,2024-02-28,2024-03-03,Air,1422,66,2269.68,149798.88,Storm,West,No,91.9,FedEx,Operational,0,0,1
4529,5708.0,4.2,2.0,2024-10-29,2024-10-31,2024-11-01,Sea,1061,73,4086.09,298284.57,Storm,North,No,88.3,DHL,Operational,0,0,1
4530,5346.0,2.6,7.0,2024-05-15,2024-05-22,2024-05-23,Road,216,56,4185.84,234407.04,Rainy,West,Yes,74.4,Delhivery,Customs,0,0,1
4531,8006.0,4.7,8.0,2024-03-26,2024-04-03,2024-04-02,Road,650,25,395.54,9888.5,Rainy,East,Yes,89.9,BlueDart,Operational,1,0,1
4532,3422.0,2.6,2.0,2024-04-24,2024-04-26,2024-04-29,Road,835,10,107.82,1078.2,Clear,East,Yes,91.9,DHL,Weather,0,0,1
4533,1401.0,2.6,6.0,2024-05-20,2024-05-26,2024-05-25,Air,938,3,3222.22,9666.66,Storm,West,Yes,76.3,BlueDart,Operational,1,0,1
4534,8731.0,4.5,10.0,2024-09-17,2024-09-27,2024-09-28,Road,264,63,2130.18,134201.34,Cloudy,South,No,70.7,BlueDart,Weather,0,0,1
4535,4620.0,4.5,9.0,2024-03-12,2024-03-21,2024-03-20,Sea,322,64,4423.94,283132.16,Cloudy,South,No,93.8,EcomExpress,Weather,1,0,1
4536,9794.0,3.4,3.0,2024-03-10,2024-03-13,2024-03-14,Air,547,59,1001.94,59114.46,Clear,North,Yes,72.2,EcomExpress,Operational,0,1,0
4537,2665.0,4.4,4.0,2024-11-22,2024-11-26,2024-11-27,Air,921,79,2264.33,178882.07,Cloudy,East,Yes,78.2,BlueDart,Weather,0,0,1
4538,9795.0,3.7,10.0,2024-01-15,2024-01-25,2024-01-30,Road,1459,57,1420.19,80950.83,Storm,South,No,74.8,Delhivery,,0,0,1
4539,6348.0,4.2,5.0,2024-06-29,2024-07-04,2024-07-05,Air,1211,23,2735.54,62917.42,Rainy,Central,Yes,71.9,Delhivery,Operational,0,1,0
4540,2995.0,2.9,5.0,2024-04-28,2024-05-03,2024-05-02,Road,1095,27,657.08,17741.16,Storm,East,Yes,98.3,FedEx,Customs,1,1,1
4541,4450.0,3.6,7.0,2024-10-29,2024-11-05,2024-11-09,Road,635,93,2096.96,195017.28,Storm,West,No,74.5,BlueDart,Weather,0,0,1
4542,9949.0,2.9,7.0,2024-04-15,2024-04-22,2024-04-25,Road,1158,25,2684.21,67105.25,Cloudy,North,No,70.2,Delhivery,Operational,0,0,1
4543,3259.0,4.8,6.0,2024-02-03,2024-02-09,2024-02-12,Sea,1359,91,205.05,18659.55,Cloudy,Central,No,87.8,BlueDart,Traffic,0,1,0
4544,7163.0,3.6,10.0,2024-02-18,2024-02-28,2024-02-28,Air,473,38,1721.22,65406.36,Storm,West,No,78.8,FedEx,,1,1,1
4545,1585.0,4.9,7.0,2024-08-28,2024-09-04,2024-09-06,Road,1381,49,711.44,34860.56,Clear,South,No,96.3,DHL,Customs,0,0,1
4546,8049.0,2.7,4.0,2024-07-22,2024-07-26,2024-07-29,Air,581,7,648.84,4541.88,Storm,South,No,94.6,FedEx,Customs,0,0,1
4547,5192.0,2.9,10.0,2024-10-22,2024-11-01,2024-11-06,Road,1449,73,2453.07,179074.11,Cloudy,East,Yes,86.4,EcomExpress,Weather,0,0,1
4548,5684.0,3.9,6.0,2024-01-26,2024-02-01,2024-02-01,Sea,344,24,855.25,20526.0,Clear,East,No,98.1,EcomExpress,Weather,1,0,1
4549,3489.0,2.6,8.0,2024-02-14,2024-02-22,2024-02-26,Air,1492,98,4335.67,424895.66,Rainy,North,No,85.4,EcomExpress,,0,0,1
4550,3257.0,4.7,9.0,2024-05-04,2024-05-13,2024-05-14,Road,570,38,4201.18,159644.84,Clear,East,Yes,81.0,DHL,Weather,0,1,0
4551,1437.0,4.5,2.0,2024-04-27,2024-04-29,2024-05-03,Road,1260,61,4781.33,291661.13,Clear,Central,No,93.2,DHL,Weather,0,1,0
4552,6182.0,4.9,10.0,2024-10-26,2024-11-05,2024-11-07,Sea,163,3,1848.59,5545.77,Storm,South,Yes,80.7,EcomExpress,Weather,0,1,0
4553,6270.0,5.0,9.0,2024-10-31,2024-11-09,2024-11-13,Air,1388,12,3885.17,46622.04,Clear,Central,No,87.8,FedEx,Weather,0,0,1
4554,7242.0,4.3,3.0,2024-08-31,2024-09-03,2024-09-04,Road,73,6,3252.64,19515.84,Clear,North,No,75.3,Delhivery,,0,1,0
4555,4900.0,2.8,9.0,2024-08-02,2024-08-11,2024-08-14,Road,983,48,1377.21,66106.08,Clear,East,Yes,74.8,FedEx,Traffic,0,0,1
4556,4978.0,2.9,8.0,2024-05-05,2024-05-13,2024-05-16,Sea,904,14,3657.01,51198.14,Cloudy,North,No,82.3,DHL,Customs,0,1,0
4557,8144.0,4.6,6.0,2024-07-02,2024-07-08,2024-07-10,Air,362,72,507.97,36573.84,Storm,West,No,89.3,EcomExpress,,0,0,1
4558,2498.0,2.8,9.0,2024-07-19,2024-07-28,2024-07-27,Road,1409,89,3611.99,321467.11,Rainy,North,No,72.3,Delhivery,Operational,1,0,1
4559,9575.0,2.7,3.0,2024-06-20,2024-06-23,2024-06-24,Air,1413,22,1827.88,40213.36,Cloudy,Central,Yes,82.1,EcomExpress,Operational,0,0,1
4560,6968.0,3.2,9.0,2024-07-10,2024-07-19,2024-07-19,Road,478,32,395.74,12663.68,Storm,East,No,88.3,FedEx,Customs,1,0,1
4561,7956.0,2.9,7.0,2024-07-29,2024-08-05,2024-08-10,Air,231,30,1251.26,37537.8,Storm,West,Yes,75.3,Delhivery,Operational,0,0,1
4562,3041.0,4.5,2.0,2024-10-03,2024-10-05,2024-10-08,Sea,1166,18,4933.71,88806.78,Rainy,South,Yes,73.2,FedEx,Traffic,0,0,1
4563,9711.0,3.1,9.0,2024-11-23,2024-12-02,2024-12-02,Sea,1035,96,2936.3,281884.8,Rainy,South,Yes,81.7,BlueDart,,1,1,1
4564,3059.0,4.3,10.0,2024-06-06,2024-06-16,2024-06-17,Road,480,21,3531.19,74154.99,Rainy,Central,Yes,90.1,BlueDart,Weather,0,0,1
4565,8202.0,3.6,6.0,2024-04-30,2024-05-06,2024-05-08,Road,118,35,2722.09,95273.15,Rainy,North,No,79.6,FedEx,Weather,0,0,1
4566,5740.0,4.7,9.0,2024-09-06,2024-09-15,2024-09-20,Sea,181,3,2311.07,6933.21,Clear,West,No,80.6,Delhivery,Customs,0,0,1
4567,4412.0,2.6,6.0,2024-04-12,2024-04-18,2024-04-22,Road,1124,88,2332.32,205244.16,Cloudy,Central,Yes,71.4,FedEx,Customs,0,0,1
4568,4372.0,3.7,3.0,2024-04-09,2024-04-12,2024-04-12,Road,419,43,1992.72,85686.96,Storm,Central,Yes,86.9,Delhivery,,1,0,1
4569,8684.0,4.7,8.0,2024-09-22,2024-09-30,2024-10-01,Air,69,33,3876.65,127929.45,Clear,West,No,79.1,FedEx,Weather,0,1,0
4570,7846.0,4.8,9.0,2024-10-02,2024-10-11,2024-10-11,Road,29,14,2083.46,29168.44,Storm,East,Yes,77.1,BlueDart,Traffic,1,0,1
4571,3433.0,4.3,5.0,2024-06-04,2024-06-09,2024-06-09,Sea,993,100,3040.14,304014.0,Rainy,East,No,84.8,Delhivery,Weather,1,0,1
4572,8566.0,4.5,7.0,2024-07-22,2024-07-29,2024-07-28,Air,621,64,4063.47,260062.08,Cloudy,East,No,73.2,DHL,Traffic,1,0,1
4573,8342.0,3.2,10.0,2024-04-11,2024-04-21,2024-04-25,Road,919,63,2300.37,144923.31,Clear,Central,Yes,79.8,EcomExpress,Operational,0,0,1
4574,,3.2,,2024-03-28,2024-03-30,2024-04-02,Road,143,56,1240.95,,Rainy,East,No,87.1,EcomExpress,Operational,0,0,1
4575,2747.0,3.8,9.0,2024-07-01,2024-07-10,2024-07-15,Sea,493,11,1161.85,12780.35,Cloudy,West,Yes,79.0,BlueDart,Weather,0,0,1
4576,8582.0,4.0,8.0,2024-09-12,2024-09-20,2024-09-22,Road,582,6,251.8,1510.8,Clear,Central,Yes,70.7,FedEx,,0,0,1
4577,3765.0,4.3,9.0,2024-09-17,2024-09-26,2024-09-28,Air,1463,69,2186.88,150894.72,Storm,West,Yes,85.6,FedEx,Operational,0,0,1
4578,9626.0,2.8,9.0,2024-09-26,2024-10-05,2024-10-09,Road,388,22,4821.8,106079.6,Storm,West,No,87.7,EcomExpress,Customs,0,0,1
4579,4014.0,2.9,10.0,2024-01-03,2024-01-13,2024-01-18,Air,1463,41,3480.14,142685.74,Cloudy,Central,Yes,74.2,FedEx,,0,0,1
4580,2298.0,3.3,6.0,2024-04-08,2024-04-14,2024-04-13,Road,486,76,2862.95,217584.2,Clear,Central,No,87.0,BlueDart,,1,0,1
4581,8826.0,2.8,8.0,2024-03-28,2024-04-05,2024-04-10,Road,1039,52,485.38,25239.76,Cloudy,North,No,88.1,BlueDart,Traffic,0,0,1
4582,5761.0,2.8,5.0,2024-03-12,2024-03-17,2024-03-20,Air,1293,34,3407.45,115853.3,Clear,South,No,88.4,EcomExpress,Weather,0,0,1
4583,5912.0,4.8,3.0,2024-03-19,2024-03-22,2024-03-21,Air,452,45,2611.38,117512.1,Storm,Central,No,79.5,Delhivery,Traffic,1,0,1
4584,2472.0,3.3,4.0,2024-07-31,2024-08-04,2024-08-06,Road,800,1,809.75,809.75,Clear,Central,Yes,96.4,DHL,Operational,0,0,1
4585,2083.0,2.6,10.0,2024-01-01,2024-01-11,2024-01-13,Sea,566,1,1653.38,1653.38,Cloudy,South,No,94.7,DHL,Weather,0,0,1
4586,1052.0,3.3,7.0,2024-04-02,2024-04-09,2024-04-09,Air,1465,40,4034.11,161364.4,Clear,East,No,82.0,BlueDart,Operational,1,0,1
4587,3996.0,3.9,6.0,2024-10-17,2024-10-23,2024-10-24,Sea,894,30,145.06,4351.8,Cloudy,North,Yes,98.7,FedEx,Weather,0,0,1
4588,4914.0,4.0,10.0,2024-09-13,2024-09-23,2024-09-25,Road,1211,56,1811.84,101463.04,Rainy,North,Yes,73.2,EcomExpress,Customs,0,0,1
4589,2777.0,3.0,10.0,2024-11-13,2024-11-23,2024-11-23,Sea,495,24,4783.05,114793.2,Clear,North,No,95.2,BlueDart,Weather,1,0,1
4590,4077.0,4.6,7.0,2024-07-26,2024-08-02,2024-08-05,Sea,1058,5,3700.45,18502.25,Clear,South,No,97.7,Delhivery,Customs,0,0,1
4591,9715.0,4.6,9.0,2024-09-06,2024-09-15,2024-09-20,Air,685,40,3599.12,143964.8,Storm,West,Yes,77.7,FedEx,Traffic,0,0,1
4592,8564.0,4.1,5.0,2024-06-09,2024-06-14,2024-06-13,Sea,950,6,2790.95,16745.7,Clear,Central,No,93.2,BlueDart,Operational,1,1,1
4593,4099.0,4.5,8.0,2024-04-01,2024-04-09,2024-04-14,Sea,1373,98,4997.05,489710.9,Storm,North,Yes,97.3,DHL,,0,0,1
4594,6111.0,3.0,5.0,2024-02-18,2024-02-23,2024-02-24,Road,189,57,2845.62,162200.34,Clear,North,No,91.0,FedEx,Weather,0,1,0
4595,6688.0,4.1,4.0,2024-03-11,2024-03-15,2024-03-15,Air,229,83,4987.45,413958.35,Storm,Central,No,76.4,BlueDart,Traffic,1,0,1
4596,7946.0,3.3,2.0,2024-10-10,2024-10-12,2024-10-12,Sea,297,89,1369.37,121873.93,Rainy,West,Yes,75.5,Delhivery,,1,0,1
4597,3941.0,2.8,6.0,2024-10-27,2024-11-02,2024-11-06,Road,1060,65,4041.23,262679.95,Clear,South,No,84.7,Delhivery,Weather,0,1,0
4598,9535.0,4.6,8.0,2024-05-11,2024-05-19,2024-05-24,Air,264,98,2710.73,265651.54,Cloudy,North,No,77.0,Delhivery,,0,1,0
4599,1252.0,2.8,6.0,2024-07-23,2024-07-29,2024-07-31,Road,423,6,2083.6,12501.6,Storm,East,Yes,88.9,EcomExpress,Traffic,0,0,1
4600,1940.0,4.5,8.0,2024-01-24,2024-02-01,2024-01-31,Road,476,57,3010.9,171621.3,Clear,East,No,90.3,Delhivery,Operational,1,0,1
4601,3761.0,3.6,5.0,2024-01-21,2024-01-26,2024-01-27,Air,792,78,404.16,31524.48,Rainy,Central,No,98.0,FedEx,Customs,0,1,0
4602,8954.0,3.9,2.0,2024-10-13,2024-10-15,2024-10-20,Road,628,35,4938.26,172839.1,Storm,Central,No,89.1,FedEx,Operational,0,1,0
4603,3412.0,2.9,5.0,2024-05-26,2024-05-31,2024-06-03,Road,236,54,997.62,53871.48,Clear,North,No,96.9,Delhivery,Operational,0,1,0
4604,4571.0,3.1,6.0,2024-11-06,2024-11-12,2024-11-15,Road,187,9,3821.07,34389.63,Cloudy,East,No,72.7,BlueDart,,0,0,1
4605,5592.0,3.4,7.0,2024-08-16,2024-08-23,2024-08-28,Sea,1407,36,1109.21,39931.56,Storm,Central,Yes,95.3,Delhivery,Customs,0,0,1
4606,3689.0,3.7,7.0,2024-01-31,2024-02-07,2024-02-08,Sea,724,6,478.05,2868.3,Rainy,West,Yes,97.2,DHL,Weather,0,0,1
4607,7302.0,2.9,3.0,2024-09-10,2024-09-13,2024-09-18,Air,468,7,832.41,5826.87,Rainy,East,No,92.8,FedEx,,0,0,1
4608,9464.0,2.7,5.0,2024-08-23,2024-08-28,2024-09-01,Road,1351,20,876.17,17523.4,Clear,West,No,80.8,EcomExpress,Operational,0,0,1
4609,1935.0,2.9,6.0,2024-08-02,2024-08-08,2024-08-13,Sea,797,88,1417.99,124783.12,Rainy,East,No,94.4,BlueDart,Customs,0,0,1
4610,4322.0,4.8,10.0,2024-05-01,2024-05-11,2024-05-16,Sea,114,25,170.49,4262.25,Clear,North,No,89.7,BlueDart,Weather,0,0,1
4611,3546.0,4.4,6.0,2024-03-24,2024-03-30,2024-03-30,Sea,531,52,820.17,42648.84,Storm,South,No,89.0,EcomExpress,Traffic,1,1,1
4612,1686.0,4.2,4.0,2024-06-22,2024-06-26,2024-06-29,Air,556,20,2492.38,49847.6,Clear,West,Yes,99.5,Delhivery,Weather,0,1,0
4613,9859.0,3.2,3.0,2024-04-07,2024-04-10,2024-04-14,Sea,339,43,4138.15,177940.45,Storm,South,Yes,92.5,Delhivery,Weather,0,1,0
4614,2352.0,4.3,8.0,2024-05-24,2024-06-01,2024-06-02,Sea,599,98,1143.78,112090.44,Storm,South,Yes,88.5,BlueDart,Weather,0,0,1
4615,3881.0,2.7,10.0,2024-07-31,2024-08-10,2024-08-14,Air,15,33,2055.03,67815.99,Clear,South,No,91.9,FedEx,Customs,0,0,1
4616,7038.0,4.4,8.0,2024-04-16,2024-04-24,2024-04-27,Road,343,1,4099.41,4099.41,Cloudy,West,Yes,92.2,BlueDart,Weather,0,0,1
4617,5680.0,2.6,3.0,2024-03-16,2024-03-19,2024-03-22,Sea,909,56,3273.63,183323.28,Storm,North,Yes,92.6,BlueDart,Customs,0,1,0
4618,2603.0,3.3,5.0,2024-06-15,2024-06-20,2024-06-24,Road,364,61,2302.97,140481.17,Storm,West,No,80.1,BlueDart,Traffic,0,1,0
4619,4648.0,4.8,2.0,2024-05-19,2024-05-21,2024-05-22,Road,981,5,3994.64,19973.2,Clear,West,Yes,81.9,EcomExpress,Weather,0,1,0
4620,1573.0,2.9,7.0,2024-01-03,2024-01-10,2024-01-11,Road,255,24,172.2,4132.8,Clear,Central,No,85.1,EcomExpress,Weather,0,0,1
4621,7268.0,2.7,9.0,2024-03-30,2024-04-08,2024-04-12,Sea,844,96,2340.83,224719.68,Rainy,South,No,87.7,EcomExpress,Weather,0,1,0
4622,6850.0,4.2,10.0,2024-07-26,2024-08-05,2024-08-04,Sea,669,12,1452.21,17426.52,Rainy,West,No,73.3,FedEx,,1,0,1
4623,5190.0,3.4,9.0,2024-09-17,2024-09-26,2024-09-28,Air,600,17,4939.65,83974.05,Rainy,Central,No,89.2,Delhivery,,0,0,1
4624,4056.0,3.7,9.0,2024-09-04,2024-09-13,2024-09-16,Sea,642,28,778.6,21800.8,Clear,Central,No,72.9,Delhivery,Weather,0,0,1
4625,1786.0,4.4,4.0,2024-08-26,2024-08-30,2024-08-29,Road,1447,19,1686.88,32050.72,Storm,East,Yes,99.6,FedEx,Operational,1,0,1
4626,9272.0,4.6,4.0,2024-07-16,2024-07-20,2024-07-22,Road,1140,76,4412.82,335374.32,Clear,North,Yes,96.5,BlueDart,Weather,0,0,1
4627,1704.0,3.3,4.0,2024-03-08,2024-03-12,2024-03-11,Air,431,94,928.62,87290.28,Cloudy,West,Yes,72.7,Delhivery,Customs,1,0,1
4628,3546.0,4.2,8.0,2024-02-22,2024-03-01,2024-03-05,Air,1078,65,1968.7,127965.5,Rainy,East,No,72.6,DHL,,0,0,1
4629,8115.0,3.5,10.0,2024-04-18,2024-04-28,2024-05-02,Air,796,39,3309.88,129085.32,Storm,East,Yes,83.8,BlueDart,Customs,0,0,1
4630,2800.0,4.8,4.0,2024-07-24,2024-07-28,2024-08-02,Air,725,69,3000.8,207055.2,Rainy,North,No,74.9,DHL,,0,0,1
4631,6291.0,4.2,8.0,2024-06-07,2024-06-15,2024-06-17,Air,394,90,3126.24,281361.6,Storm,East,Yes,87.6,Delhivery,Operational,0,0,1
4632,2284.0,4.4,2.0,2024-11-17,2024-11-19,2024-11-20,Sea,508,38,4144.76,157500.88,Cloudy,East,No,75.5,DHL,Weather,0,1,0
4633,6375.0,3.8,4.0,2024-03-19,2024-03-23,2024-03-25,Air,1209,88,666.59,58659.92,Clear,North,No,92.4,Delhivery,,0,0,1
4634,4351.0,3.0,7.0,2024-04-04,2024-04-11,2024-04-14,Air,1258,32,4999.05,159969.6,Storm,South,Yes,93.9,BlueDart,Customs,0,0,1
4635,4870.0,4.7,10.0,2024-11-09,2024-11-19,2024-11-21,Sea,396,32,2511.65,80372.8,Cloudy,East,Yes,71.7,Delhivery,Operational,0,1,0
4636,1906.0,4.7,10.0,2024-09-04,2024-09-14,2024-09-13,Sea,1363,53,1384.74,73391.22,Rainy,South,No,94.7,FedEx,Customs,1,0,1
4637,5779.0,3.6,7.0,2024-03-13,2024-03-20,2024-03-24,Sea,752,91,3208.17,291943.47,Cloudy,North,Yes,87.9,FedEx,Operational,0,0,1
4638,3087.0,2.5,8.0,2024-07-18,2024-07-26,2024-07-28,Sea,586,8,311.42,2491.36,Rainy,Central,No,95.7,BlueDart,Traffic,0,0,1
4639,2112.0,4.2,7.0,2024-11-02,2024-11-09,2024-11-10,Road,60,11,4653.28,51186.08,Storm,North,No,88.7,Delhivery,Traffic,0,1,0
4640,8943.0,2.9,3.0,2024-08-10,2024-08-13,2024-08-15,Road,1122,83,1983.57,164636.31,Storm,East,No,95.4,BlueDart,Traffic,0,1,0
4641,2299.0,2.6,4.0,2024-06-21,2024-06-25,2024-06-28,Air,1368,2,4462.31,8924.62,Cloudy,East,Yes,82.9,FedEx,,0,0,1
4642,1596.0,4.5,2.0,2024-08-23,2024-08-25,2024-08-30,Sea,685,33,494.01,16302.33,Clear,West,Yes,97.4,DHL,,0,0,1
4643,4587.0,3.2,8.0,2024-10-04,2024-10-12,2024-10-12,Air,159,80,2913.34,233067.2,Cloudy,West,Yes,97.6,BlueDart,Traffic,1,0,1
4644,8303.0,3.3,5.0,2024-10-30,2024-11-04,2024-11-05,Sea,638,52,2155.07,112063.64,Cloudy,Central,Yes,78.0,Delhivery,Traffic,0,0,1
4645,5515.0,4.2,7.0,2024-05-06,2024-05-13,2024-05-17,Air,873,71,4828.08,342793.68,Rainy,South,No,80.1,Delhivery,Weather,0,0,1
4646,2767.0,2.5,3.0,2024-10-07,2024-10-10,2024-10-14,Road,904,75,2527.37,189552.75,Rainy,Central,No,70.3,EcomExpress,Weather,0,0,1
4647,9948.0,2.6,5.0,2024-04-03,2024-04-08,2024-04-10,Air,1244,63,2196.52,138380.76,Storm,Central,No,71.0,DHL,,0,0,1
4648,7267.0,3.2,3.0,2024-07-29,2024-08-01,2024-08-02,Air,1206,20,1056.81,21136.2,Rainy,South,No,99.5,FedEx,Customs,0,0,1
4649,3695.0,4.1,9.0,2024-07-22,2024-07-31,2024-08-04,Air,1085,35,550.46,19266.1,Cloudy,South,No,72.9,DHL,Customs,0,0,1
4650,3965.0,4.6,2.0,2024-04-29,2024-05-01,2024-05-05,Sea,334,89,3758.3,334488.7,Cloudy,South,Yes,83.3,EcomExpress,Traffic,0,0,1
4651,9584.0,2.7,10.0,2024-08-01,2024-08-11,2024-08-10,Road,490,2,152.05,304.1,Cloudy,North,Yes,98.0,FedEx,Customs,1,0,1
4652,5699.0,4.9,2.0,2024-11-13,2024-11-15,2024-11-17,Air,188,4,514.29,2057.16,Clear,North,Yes,78.9,Delhivery,Customs,0,0,1
4653,4103.0,4.5,2.0,2024-02-09,2024-02-11,2024-02-12,Road,1469,32,1036.25,33160.0,Storm,East,No,98.6,BlueDart,Weather,0,0,1
4654,3040.0,3.5,8.0,2024-02-03,2024-02-11,2024-02-10,Sea,729,8,4940.12,39520.96,Cloudy,South,No,72.9,BlueDart,Operational,1,1,1
4655,9055.0,2.8,4.0,2024-06-03,2024-06-07,2024-06-08,Air,1108,94,2103.39,197718.66,Cloudy,West,No,96.9,DHL,Weather,0,0,1
4656,3837.0,2.8,5.0,2024-09-30,2024-10-05,2024-10-10,Road,872,77,4027.15,310090.55,Rainy,West,Yes,99.2,DHL,Traffic,0,0,1
4657,9880.0,3.4,3.0,2024-11-17,2024-11-20,2024-11-25,Road,1158,66,2063.54,136193.64,Clear,North,Yes,87.0,Delhivery,,0,1,0
4658,6082.0,2.8,7.0,2024-03-15,2024-03-22,2024-03-26,Air,760,54,3045.09,164434.86,Rainy,South,Yes,86.1,FedEx,Customs,0,0,1
4659,1299.0,2.8,8.0,2024-10-20,2024-10-28,2024-11-02,Road,822,47,4420.56,207766.32,Rainy,West,Yes,76.1,EcomExpress,Traffic,0,1,0
4660,2704.0,3.4,6.0,2024-04-02,2024-04-08,2024-04-07,Sea,1239,31,3468.43,107521.33,Storm,South,Yes,91.0,EcomExpress,Customs,1,0,1
4661,8711.0,3.3,6.0,2024-05-13,2024-05-19,2024-05-19,Air,1485,18,2150.38,38706.84,Rainy,West,Yes,79.8,FedEx,Weather,1,0,1
4662,6553.0,3.9,3.0,2024-07-14,2024-07-17,2024-07-22,Road,937,54,3801.04,205256.16,Storm,Central,Yes,94.5,Delhivery,Weather,0,1,0
4663,5758.0,4.5,10.0,2024-05-07,2024-05-17,2024-05-22,Sea,151,41,279.53,11460.73,Clear,West,No,75.5,DHL,Weather,0,0,1
4664,6710.0,3.4,5.0,2024-05-31,2024-06-05,2024-06-10,Sea,1306,32,4480.57,143378.24,Cloudy,North,No,81.6,EcomExpress,,0,0,1
4665,9826.0,2.6,8.0,2024-02-29,2024-03-08,2024-03-12,Road,296,92,1487.27,136828.84,Cloudy,West,No,85.3,DHL,,0,0,1
4666,8319.0,4.0,10.0,2024-10-24,2024-11-03,2024-11-03,Sea,1311,76,1045.73,79475.48,Rainy,West,No,72.4,Delhivery,,1,0,1
4667,7104.0,3.0,10.0,2024-11-16,2024-11-26,2024-11-30,Sea,755,64,3696.51,236576.64,Rainy,North,Yes,70.5,Delhivery,Operational,0,1,0
4668,3626.0,3.9,4.0,2024-01-02,2024-01-06,2024-01-10,Road,898,59,4197.6,247658.4,Cloudy,South,No,71.3,DHL,Traffic,0,0,1
4669,4785.0,4.6,2.0,2024-10-24,2024-10-26,2024-10-27,Sea,576,45,4298.99,193454.55,Rainy,East,No,79.0,EcomExpress,Weather,0,0,1
4670,1626.0,4.4,4.0,2024-04-16,2024-04-20,2024-04-23,Sea,218,63,2379.69,149920.47,Clear,Central,Yes,70.7,FedEx,Operational,0,0,1
4671,6132.0,4.1,2.0,2024-10-31,2024-11-02,2024-11-07,Sea,1448,41,2894.15,118660.15,Storm,South,Yes,98.3,BlueDart,Customs,0,0,1
4672,8578.0,3.9,6.0,2024-08-07,2024-08-13,2024-08-12,Sea,25,69,4494.98,310153.62,Rainy,Central,Yes,76.5,BlueDart,Customs,1,0,1
4673,4564.0,4.6,8.0,2024-01-13,2024-01-21,2024-01-26,Air,697,37,2262.02,83694.74,Rainy,South,Yes,73.6,EcomExpress,Customs,0,1,0
4674,6796.0,2.6,4.0,2024-04-20,2024-04-24,2024-04-28,Air,247,64,715.59,45797.76,Clear,Central,Yes,90.3,FedEx,Weather,0,1,0
4675,5985.0,4.7,5.0,2024-11-10,2024-11-15,2024-11-18,Air,674,90,3389.39,305045.1,Storm,North,No,99.1,EcomExpress,Traffic,0,1,0
4676,5578.0,3.4,8.0,2024-01-13,2024-01-21,2024-01-23,Sea,740,52,1156.06,60115.12,Rainy,North,No,99.1,FedEx,Traffic,0,1,0
4677,5975.0,4.0,3.0,2024-08-24,2024-08-27,2024-08-28,Road,328,27,2045.08,55217.16,Cloudy,East,No,99.4,DHL,Operational,0,1,0
4678,4876.0,3.0,4.0,2024-10-07,2024-10-11,2024-10-15,Sea,79,50,531.45,26572.5,Cloudy,West,Yes,90.4,BlueDart,Operational,0,0,1
4679,2755.0,2.8,2.0,2024-01-21,2024-01-23,2024-01-26,Air,627,38,228.37,8678.06,Rainy,East,Yes,87.7,FedEx,Customs,0,1,0
4680,1042.0,2.8,2.0,2024-06-21,2024-06-23,2024-06-24,Sea,969,11,4190.12,46091.32,Cloudy,South,No,78.6,FedEx,Weather,0,0,1
4681,1036.0,3.8,3.0,2024-06-22,2024-06-25,2024-06-26,Sea,1354,49,4795.18,234963.82,Rainy,West,Yes,86.4,Delhivery,,0,1,0
4682,1350.0,2.7,2.0,2024-01-24,2024-01-26,2024-01-30,Air,596,66,504.35,33287.1,Rainy,South,Yes,73.3,BlueDart,,0,0,1
4683,8357.0,4.6,10.0,2024-11-14,2024-11-24,2024-11-29,Sea,351,20,287.24,5744.8,Storm,East,No,79.3,Delhivery,Weather,0,0,1
4684,6048.0,4.2,3.0,2024-10-26,2024-10-29,2024-10-31,Sea,339,24,2170.16,52083.84,Rainy,South,Yes,84.7,Delhivery,Weather,0,1,0
4685,7837.0,4.2,9.0,2024-09-28,2024-10-07,2024-10-07,Sea,364,69,4346.76,299926.44,Storm,Central,No,79.2,DHL,Traffic,1,1,1
4686,8361.0,4.5,8.0,2024-04-23,2024-05-01,2024-05-01,Air,1071,89,614.54,54694.06,Rainy,Central,No,98.6,DHL,Customs,1,0,1
4687,6593.0,3.2,5.0,2024-06-25,2024-06-30,2024-07-04,Road,363,92,3812.56,350755.52,Cloudy,East,No,72.8,BlueDart,Customs,0,0,1
4688,5735.0,4.7,4.0,2024-08-02,2024-08-06,2024-08-05,Sea,845,86,1840.77,158306.22,Cloudy,South,Yes,78.0,Delhivery,Operational,1,0,1
4689,2510.0,4.0,3.0,2024-08-11,2024-08-14,2024-08-17,Road,446,86,2663.92,229097.12,Storm,West,No,92.6,EcomExpress,Customs,0,1,0
4690,7145.0,4.2,9.0,2024-09-20,2024-09-29,2024-10-03,Road,1210,63,4644.08,292577.04,Clear,South,No,80.3,FedEx,Operational,0,0,1
4691,9400.0,4.6,9.0,2024-05-25,2024-06-03,2024-06-06,Road,861,74,468.76,34688.24,Rainy,Central,Yes,70.7,Delhivery,Weather,0,1,0
4692,7290.0,4.8,8.0,2024-05-09,2024-05-17,2024-05-19,Road,1074,54,4660.15,251648.1,Cloudy,West,Yes,71.0,Delhivery,Weather,0,0,1
4693,8166.0,4.8,8.0,2024-08-15,2024-08-23,2024-08-22,Air,681,4,3147.87,12591.48,Clear,Central,No,71.7,EcomExpress,Traffic,1,0,1
4694,6940.0,3.7,5.0,2024-06-12,2024-06-17,2024-06-18,Sea,1293,5,1569.92,7849.6,Clear,North,Yes,77.2,FedEx,Operational,0,0,1
4695,3473.0,3.6,2.0,2024-03-19,2024-03-21,2024-03-22,Air,896,36,1843.21,66355.56,Storm,North,Yes,70.9,EcomExpress,,0,0,1
4696,5932.0,2.7,2.0,2024-08-08,2024-08-10,2024-08-12,Sea,630,10,3483.03,34830.3,Rainy,Central,No,76.2,DHL,Traffic,0,0,1
4697,5857.0,3.4,9.0,2024-07-31,2024-08-09,2024-08-14,Road,46,59,1739.04,102603.36,Cloudy,Central,Yes,86.3,BlueDart,Customs,0,0,1
4698,5098.0,3.7,10.0,2024-03-27,2024-04-06,2024-04-08,Sea,445,28,2102.95,58882.6,Clear,West,No,83.0,EcomExpress,Customs,0,0,1
4699,6829.0,4.3,9.0,2024-09-13,2024-09-22,2024-09-22,Air,566,97,3575.92,346864.24,Storm,East,No,86.8,DHL,Customs,1,0,1
4700,8418.0,4.8,10.0,2024-10-24,2024-11-03,2024-11-02,Air,1238,97,2113.22,204982.34,Cloudy,East,Yes,88.7,BlueDart,,1,0,1
4701,6577.0,3.8,2.0,2024-11-17,2024-11-19,2024-11-23,Sea,1159,66,902.47,59563.02,Storm,Central,Yes,83.3,EcomExpress,Traffic,0,1,0
4702,6564.0,3.5,10.0,2024-01-20,2024-01-30,2024-01-31,Sea,172,43,1581.33,67997.19,Cloudy,North,Yes,78.6,FedEx,Weather,0,1,0
4703,9796.0,3.8,2.0,2024-11-21,2024-11-23,2024-11-24,Road,1403,20,4639.97,92799.4,Rainy,South,Yes,94.8,Delhivery,Weather,0,0,1
4704,8222.0,3.9,8.0,2024-11-16,2024-11-24,2024-11-26,Road,709,44,2197.57,96693.08,Clear,Central,No,98.3,FedEx,Operational,0,1,0
4705,8087.0,4.5,9.0,2024-08-05,2024-08-14,2024-08-13,Air,1121,23,1357.79,31229.17,Clear,East,Yes,88.2,EcomExpress,Traffic,1,0,1
4706,5462.0,4.6,4.0,2024-07-25,2024-07-29,2024-07-29,Air,1438,31,2049.31,63528.61,Storm,East,Yes,79.1,Delhivery,Customs,1,0,1
4707,6751.0,3.2,3.0,2024-11-17,2024-11-20,2024-11-23,Road,362,69,2643.43,182396.67,Cloudy,West,Yes,79.8,EcomExpress,,0,1,0
4708,4382.0,4.6,4.0,2024-09-30,2024-10-04,2024-10-06,Road,1167,39,3478.84,135674.76,Storm,North,Yes,77.4,EcomExpress,Traffic,0,0,1
4709,9697.0,4.8,4.0,2024-01-26,2024-01-30,2024-01-30,Air,1222,17,351.91,5982.47,Rainy,Central,Yes,72.3,BlueDart,Operational,1,0,1
4710,6169.0,4.7,2.0,2024-08-16,2024-08-18,2024-08-23,Road,226,24,2619.66,62871.84,Rainy,South,Yes,75.2,FedEx,,0,0,1
4711,2118.0,4.9,7.0,2024-06-09,2024-06-16,2024-06-21,Air,461,46,540.6,24867.6,Storm,East,Yes,75.7,FedEx,Traffic,0,1,0
4712,8830.0,4.8,4.0,2024-03-23,2024-03-27,2024-03-27,Road,825,49,1694.71,83040.79,Cloudy,West,No,93.1,BlueDart,Customs,1,1,1
4713,2418.0,3.5,8.0,2024-01-28,2024-02-05,2024-02-07,Air,757,12,1525.16,18301.92,Cloudy,South,Yes,73.0,DHL,Traffic,0,1,0
4714,3735.0,3.4,5.0,2024-11-23,2024-11-28,2024-12-02,Air,585,41,2335.14,95740.74,Cloudy,East,No,86.0,EcomExpress,Weather,0,1,0
4715,8380.0,3.1,7.0,2024-05-19,2024-05-26,2024-05-25,Sea,1251,9,2629.81,23668.29,Cloudy,East,Yes,75.5,FedEx,,1,1,1
4716,5219.0,3.9,9.0,2024-07-25,2024-08-03,2024-08-02,Sea,38,35,3913.65,136977.75,Storm,West,No,96.5,EcomExpress,Weather,1,0,1
4717,5506.0,3.1,2.0,2024-07-06,2024-07-08,2024-07-10,Road,119,97,2530.45,245453.65,Cloudy,Central,Yes,79.7,Delhivery,Operational,0,1,0
4718,7235.0,2.6,6.0,2024-04-12,2024-04-18,2024-04-19,Road,1269,12,1120.64,13447.68,Clear,South,No,99.4,EcomExpress,Weather,0,0,1
4719,5516.0,2.5,3.0,2024-08-01,2024-08-04,2024-08-04,Sea,380,98,2734.23,267954.54,Clear,West,No,76.5,BlueDart,Traffic,1,0,1
4720,6016.0,3.6,8.0,2024-01-25,2024-02-02,2024-02-07,Sea,1386,40,3092.49,123699.6,Clear,Central,Yes,96.7,DHL,,0,0,1
4721,2161.0,4.4,8.0,2024-04-05,2024-04-13,2024-04-17,Air,947,53,4141.54,219501.62,Clear,South,No,78.8,BlueDart,Customs,0,0,1
4722,1184.0,4.7,2.0,2024-06-13,2024-06-15,2024-06-17,Air,414,54,1322.58,71419.32,Storm,South,Yes,79.8,Delhivery,Traffic,0,0,1
4723,2751.0,2.5,6.0,2024-05-18,2024-05-24,2024-05-27,Sea,921,12,2148.08,25776.96,Clear,South,No,72.5,Delhivery,Traffic,0,1,0
4724,9837.0,3.5,4.0,2024-03-30,2024-04-03,2024-04-07,Sea,472,31,1177.71,36509.01,Clear,North,No,80.1,Delhivery,Customs,0,1,0
4725,3677.0,4.9,3.0,2024-10-14,2024-10-17,2024-10-17,Air,997,53,3815.39,202215.67,Cloudy,Central,Yes,75.2,Delhivery,Traffic,1,0,1
4726,9853.0,5.0,2.0,2024-07-16,2024-07-18,2024-07-23,Road,488,17,2756.04,46852.68,Rainy,East,Yes,92.4,FedEx,Traffic,0,0,1
4727,3736.0,4.1,3.0,2024-04-29,2024-05-02,2024-05-02,Sea,156,4,1752.79,7011.16,Rainy,East,No,89.1,BlueDart,Operational,1,0,1
4728,6849.0,3.1,10.0,2024-10-19,2024-10-29,2024-11-02,Road,465,18,3192.47,57464.46,Cloudy,South,No,97.6,FedEx,,0,1,0
4729,1485.0,2.8,7.0,2024-05-19,2024-05-26,2024-05-30,Air,536,3,2014.75,6044.25,Storm,West,No,87.4,EcomExpress,Traffic,0,1,0
4730,6729.0,4.7,4.0,2024-11-07,2024-11-11,2024-11-14,Air,1104,39,3710.76,144719.64,Cloudy,West,Yes,92.2,EcomExpress,Traffic,0,0,1
4731,6310.0,3.5,10.0,2024-03-17,2024-03-27,2024-03-31,Road,953,94,2885.36,271223.84,Cloudy,Central,No,76.0,BlueDart,,0,1,0
4732,3282.0,2.5,9.0,2024-01-22,2024-01-31,2024-01-31,Air,358,50,2797.32,139866.0,Clear,North,Yes,73.2,FedEx,Customs,1,0,1
4733,6115.0,2.5,8.0,2024-11-12,2024-11-20,2024-11-23,Air,1364,8,1100.81,8806.48,Rainy,East,No,89.5,EcomExpress,Weather,0,0,1
4734,1648.0,3.6,2.0,2024-08-26,2024-08-28,2024-08-30,Road,45,15,1755.77,26336.55,Cloudy,North,Yes,97.1,FedEx,Traffic,0,0,1
4735,9379.0,4.2,5.0,2024-01-26,2024-01-31,2024-02-05,Road,736,46,2788.75,128282.5,Clear,South,Yes,80.0,Delhivery,Customs,0,0,1
4736,2751.0,2.8,6.0,2024-04-10,2024-04-16,2024-04-16,Sea,192,9,4934.72,44412.48,Cloudy,North,Yes,88.9,DHL,Customs,1,0,1
4737,1805.0,4.1,7.0,2024-10-04,2024-10-11,2024-10-13,Air,539,28,747.26,20923.28,Storm,Central,No,81.4,BlueDart,,0,0,1
4738,1952.0,3.4,9.0,2024-02-12,2024-02-21,2024-02-24,Sea,969,13,1354.46,17607.98,Storm,East,Yes,96.9,Delhivery,Operational,0,0,1
4739,3941.0,4.8,10.0,2024-11-14,2024-11-24,2024-11-28,Sea,1196,83,1615.14,134056.62,Rainy,North,Yes,91.7,EcomExpress,,0,0,1
4740,9364.0,4.2,6.0,2024-07-04,2024-07-10,2024-07-09,Road,487,49,1605.08,78648.92,Rainy,South,No,84.5,EcomExpress,Operational,1,0,1
4741,1961.0,3.9,9.0,2024-02-01,2024-02-10,2024-02-15,Air,724,58,4460.44,258705.52,Storm,South,No,96.3,FedEx,Operational,0,0,1
4742,8504.0,2.5,10.0,2024-05-27,2024-06-06,2024-06-06,Road,348,11,4872.57,53598.27,Clear,North,No,72.9,FedEx,Operational,1,0,1
4743,8631.0,2.8,4.0,2024-06-11,2024-06-15,2024-06-17,Air,707,75,3057.91,229343.25,Storm,West,No,95.4,BlueDart,Operational,0,0,1
4744,6658.0,3.8,4.0,2024-05-03,2024-05-07,2024-05-09,Road,198,97,4544.03,440770.91,Rainy,West,Yes,75.4,Delhivery,,0,0,1
4745,1765.0,3.4,9.0,2024-08-21,2024-08-30,2024-09-03,Road,1174,82,4670.14,382951.48,Cloudy,West,No,95.3,BlueDart,Traffic,0,0,1
4746,8232.0,2.7,10.0,2024-09-30,2024-10-10,2024-10-15,Air,336,10,4797.73,47977.3,Clear,West,No,94.7,EcomExpress,Customs,0,0,1
4747,9407.0,2.9,6.0,2024-02-16,2024-02-22,2024-02-21,Sea,681,95,4043.97,384177.15,Clear,South,No,92.0,Delhivery,Customs,1,0,1
4748,2640.0,3.6,9.0,2024-05-18,2024-05-27,2024-05-28,Sea,950,68,2051.41,139495.88,Cloudy,East,Yes,81.5,BlueDart,Customs,0,1,0
4749,8020.0,3.6,9.0,2024-05-13,2024-05-22,2024-05-22,Road,354,23,3121.6,71796.8,Cloudy,East,Yes,84.1,FedEx,Customs,1,0,1
4750,9994.0,3.8,2.0,2024-11-19,2024-11-21,2024-11-23,Air,754,27,2514.6,67894.2,Clear,East,Yes,96.2,DHL,Traffic,0,0,1
4751,2328.0,3.8,5.0,2024-05-27,2024-06-01,2024-06-05,Air,703,19,4756.34,90370.46,Clear,Central,No,89.5,FedEx,Traffic,0,0,1
4752,4176.0,4.3,6.0,2024-07-11,2024-07-17,2024-07-16,Sea,679,57,2125.66,121162.62,Clear,South,No,81.7,Delhivery,Operational,1,0,1
4753,1404.0,4.5,4.0,2024-10-01,2024-10-05,2024-10-04,Road,1392,80,966.16,77292.8,Cloudy,West,Yes,81.9,BlueDart,Operational,1,0,1
4754,9288.0,4.0,9.0,2024-11-11,2024-11-20,2024-11-22,Sea,789,61,4153.45,253360.45,Clear,South,No,87.1,BlueDart,,0,0,1
4755,4193.0,4.8,4.0,2024-10-08,2024-10-12,2024-10-13,Sea,1041,25,2000.77,50019.25,Rainy,West,No,79.7,EcomExpress,,0,0,1
4756,4665.0,4.5,2.0,2024-07-08,2024-07-10,2024-07-15,Road,768,13,3101.62,40321.06,Storm,Central,No,83.8,DHL,Traffic,0,0,1
4757,1275.0,4.5,4.0,2024-07-29,2024-08-02,2024-08-04,Sea,209,67,2312.82,154958.94,Rainy,West,Yes,72.3,Delhivery,,0,0,1
4758,3356.0,4.3,5.0,2024-06-22,2024-06-27,2024-07-02,Sea,1279,100,3783.21,378321.0,Cloudy,West,No,87.1,BlueDart,,0,1,0
4759,9779.0,3.8,2.0,2024-05-29,2024-05-31,2024-06-04,Air,1167,53,3432.68,181932.04,Rainy,Central,No,96.9,BlueDart,,0,0,1
4760,7649.0,3.9,7.0,2024-06-03,2024-06-10,2024-06-13,Road,1454,79,3419.83,270166.57,Rainy,Central,No,82.1,FedEx,Operational,0,0,1
4761,8161.0,4.1,8.0,2024-05-14,2024-05-22,2024-05-26,Air,256,21,297.38,6244.98,Rainy,South,No,99.4,Delhivery,Traffic,0,0,1
4762,5438.0,2.9,8.0,2024-04-28,2024-05-06,2024-05-08,Sea,94,74,1594.2,117970.8,Storm,East,Yes,81.5,BlueDart,,0,1,0
4763,6036.0,4.0,4.0,2024-08-13,2024-08-17,2024-08-18,Air,140,94,243.83,22920.02,Cloudy,East,No,83.5,Delhivery,,0,0,1
4764,3055.0,4.3,5.0,2024-11-20,2024-11-25,2024-11-24,Road,1205,3,3687.22,11061.66,Cloudy,North,No,80.3,FedEx,Operational,1,0,1
4765,6023.0,4.3,2.0,2024-10-19,2024-10-21,2024-10-20,Sea,792,56,3725.67,208637.52,Rainy,North,No,90.5,Delhivery,Customs,1,1,1
4766,4578.0,3.7,9.0,2024-08-09,2024-08-18,2024-08-19,Sea,758,43,3919.54,168540.22,Storm,East,No,76.9,EcomExpress,,0,0,1
4767,2204.0,4.5,7.0,2024-11-21,2024-11-28,2024-11-30,Air,172,47,2857.81,134317.07,Cloudy,Central,No,82.7,Delhivery,Weather,0,0,1
4768,7407.0,5.0,6.0,2024-01-03,2024-01-09,2024-01-11,Air,1467,35,3214.39,112503.65,Rainy,South,No,70.3,DHL,Customs,0,0,1
4769,3984.0,3.0,7.0,2024-05-01,2024-05-08,2024-05-09,Sea,489,53,675.21,35786.13,Storm,West,No,81.3,FedEx,Traffic,0,0,1
4770,4736.0,4.4,8.0,2024-10-22,2024-10-30,2024-10-30,Air,91,37,1635.88,60527.56,Cloudy,North,No,84.2,DHL,Weather,1,0,1
4771,9657.0,4.4,6.0,2024-06-17,2024-06-23,2024-06-22,Sea,832,49,3228.5,158196.5,Rainy,East,Yes,86.8,DHL,Operational,1,0,1
4772,5466.0,2.6,5.0,2024-04-14,2024-04-19,2024-04-18,Air,1195,40,2857.61,114304.4,Storm,Central,Yes,85.4,BlueDart,Weather,1,1,1
4773,5776.0,5.0,2.0,2024-04-17,2024-04-19,2024-04-24,Air,231,73,2102.86,153508.78,Clear,South,Yes,98.4,FedEx,,0,0,1
4774,1085.0,4.4,6.0,2024-07-04,2024-07-10,2024-07-10,Sea,1215,25,1607.56,40189.0,Cloudy,South,Yes,75.1,EcomExpress,Traffic,1,0,1
4775,4104.0,4.5,7.0,2024-02-04,2024-02-11,2024-02-15,Air,1124,50,3904.79,195239.5,Rainy,East,No,80.9,DHL,,0,1,0
4776,2305.0,2.6,9.0,2024-04-29,2024-05-08,2024-05-12,Air,400,26,1471.13,38249.38,Clear,Central,Yes,78.7,DHL,Traffic,0,0,1
4777,9193.0,4.3,9.0,2024-05-26,2024-06-04,2024-06-05,Sea,1421,57,1928.83,109943.31,Storm,West,No,89.9,EcomExpress,Customs,0,1,0
4778,2438.0,2.8,10.0,2024-03-21,2024-03-31,2024-03-31,Road,46,65,234.5,15242.5,Storm,South,Yes,72.5,DHL,Customs,1,0,1
4779,3099.0,2.8,6.0,2024-11-21,2024-11-27,2024-11-27,Road,722,13,2629.86,34188.18,Rainy,Central,Yes,93.3,Delhivery,Traffic,1,0,1
4780,2498.0,2.8,5.0,2024-11-06,2024-11-11,2024-11-11,Air,1063,100,4994.02,499402.0,Storm,South,No,70.2,FedEx,,1,0,1
4781,3041.0,4.0,2.0,2024-08-24,2024-08-26,2024-08-25,Air,571,71,2076.16,147407.36,Storm,South,No,75.1,BlueDart,Traffic,1,1,1
4782,4036.0,4.2,6.0,2024-03-06,2024-03-12,2024-03-13,Air,770,76,3351.85,254740.6,Storm,North,No,95.0,EcomExpress,Operational,0,0,1
4783,6311.0,2.8,8.0,2024-06-26,2024-07-04,2024-07-08,Road,12,29,3443.51,99861.79,Rainy,North,Yes,86.8,FedEx,Weather,0,0,1
4784,4343.0,3.0,2.0,2024-10-18,2024-10-20,2024-10-20,Air,878,95,1464.0,139080.0,Clear,North,No,87.5,EcomExpress,Customs,1,0,1
4785,6168.0,3.2,10.0,2024-08-04,2024-08-14,2024-08-16,Air,423,35,220.7,7724.5,Storm,West,No,94.8,DHL,Customs,0,1,0
4786,4389.0,3.0,9.0,2024-03-16,2024-03-25,2024-03-27,Road,961,2,741.36,1482.72,Clear,West,Yes,92.6,BlueDart,Traffic,0,1,0
4787,2896.0,3.0,6.0,2024-10-13,2024-10-19,2024-10-24,Air,269,30,2724.19,81725.7,Storm,West,No,73.6,BlueDart,Operational,0,1,0
4788,8271.0,4.0,5.0,2024-03-16,2024-03-21,2024-03-20,Road,261,51,765.4,39035.4,Cloudy,West,No,94.3,EcomExpress,Weather,1,1,1
4789,7144.0,2.9,9.0,2024-11-25,2024-12-04,2024-12-09,Air,1007,64,1036.91,66362.24,Storm,East,No,87.2,BlueDart,Weather,0,0,1
4790,3821.0,4.0,5.0,2024-02-14,2024-02-19,2024-02-21,Sea,1232,15,2868.41,43026.15,Cloudy,West,Yes,81.1,DHL,Customs,0,0,1
4791,4796.0,2.7,6.0,2024-08-06,2024-08-12,2024-08-12,Air,417,50,4955.19,247759.5,Clear,West,Yes,74.8,Delhivery,Operational,1,0,1
4792,4641.0,3.7,7.0,2024-11-26,2024-12-03,2024-12-03,Road,371,14,3069.48,42972.72,Rainy,East,Yes,70.9,Delhivery,Operational,1,0,1
4793,3587.0,3.5,6.0,2024-01-22,2024-01-28,2024-01-31,Road,1160,76,4907.32,372956.32,Storm,South,Yes,92.0,Delhivery,,0,0,1
4794,2784.0,4.6,9.0,2024-02-20,2024-02-29,2024-03-03,Air,477,89,3159.18,281167.02,Cloudy,South,No,72.1,FedEx,,0,0,1
4795,8677.0,4.4,2.0,2024-05-31,2024-06-02,2024-06-07,Road,1238,91,3943.9,358894.9,Clear,West,No,93.8,EcomExpress,,0,0,1
4796,1409.0,3.0,4.0,2024-06-17,2024-06-21,2024-06-26,Road,1167,8,1246.34,9970.72,Storm,North,No,86.8,Delhivery,Customs,0,0,1
4797,6719.0,2.8,3.0,2024-01-21,2024-01-24,2024-01-25,Sea,370,29,1795.53,52070.37,Clear,East,No,99.1,DHL,Operational,0,1,0
4798,4729.0,3.0,5.0,2024-11-14,2024-11-19,2024-11-18,Air,859,38,2044.6,77694.8,Cloudy,South,Yes,97.7,Delhivery,Operational,1,0,1
4799,8547.0,2.8,10.0,2024-07-02,2024-07-12,2024-07-17,Air,938,54,597.56,32268.24,Storm,East,Yes,87.9,DHL,Customs,0,0,1
4800,2191.0,3.5,7.0,2024-02-28,2024-03-06,2024-03-05,Road,486,35,740.23,25908.05,Storm,West,No,97.5,EcomExpress,Operational,1,0,1
4801,1220.0,4.6,9.0,2024-02-12,2024-02-21,2024-02-21,Air,383,69,388.45,26803.05,Rainy,West,Yes,80.5,FedEx,Traffic,1,0,1
4802,1464.0,3.7,9.0,2024-07-28,2024-08-06,2024-08-06,Sea,745,41,4301.45,176359.45,Storm,East,No,84.7,Delhivery,Customs,1,1,1
4803,5296.0,3.6,5.0,2024-04-26,2024-05-01,2024-04-30,Road,174,84,3788.54,318237.36,Storm,Central,No,92.8,Delhivery,,1,0,1
4804,6911.0,3.9,9.0,2024-08-05,2024-08-14,2024-08-13,Sea,937,76,1401.58,106520.08,Storm,West,No,88.9,DHL,Operational,1,0,1
4805,4320.0,4.4,5.0,2024-09-16,2024-09-21,2024-09-23,Road,1275,40,2738.65,109546.0,Rainy,Central,Yes,82.5,EcomExpress,Customs,0,0,1
4806,1024.0,3.6,10.0,2024-03-14,2024-03-24,2024-03-25,Road,1197,11,4989.34,54882.74,Storm,Central,No,98.3,DHL,Weather,0,0,1
4807,6804.0,4.6,5.0,2024-07-28,2024-08-02,2024-08-03,Road,1077,37,2300.51,85118.87,Cloudy,South,Yes,87.1,Delhivery,Customs,0,1,0
4808,5279.0,2.5,2.0,2024-10-22,2024-10-24,2024-10-24,Sea,1011,27,4606.08,124364.16,Storm,South,Yes,73.7,Delhivery,,1,0,1
4809,4998.0,3.7,4.0,2024-06-08,2024-06-12,2024-06-11,Sea,232,3,1198.33,3594.99,Rainy,East,No,74.6,Delhivery,,1,1,1
4810,6226.0,4.2,6.0,2024-05-30,2024-06-05,2024-06-09,Air,1167,15,559.16,8387.4,Cloudy,South,Yes,73.5,FedEx,,0,0,1
4811,1151.0,3.6,10.0,2024-03-11,2024-03-21,2024-03-25,Road,642,41,307.42,12604.22,Storm,South,No,89.3,FedEx,Weather,0,0,1
4812,4128.0,3.8,5.0,2024-04-03,2024-04-08,2024-04-08,Road,1492,30,4691.86,140755.8,Rainy,Central,Yes,97.8,BlueDart,Customs,1,0,1
4813,7163.0,4.1,4.0,2024-10-19,2024-10-23,2024-10-28,Road,1245,83,1034.5,85863.5,Clear,South,No,76.2,BlueDart,Operational,0,1,0
4814,8725.0,4.7,8.0,2024-11-08,2024-11-16,2024-11-19,Road,488,7,943.99,6607.93,Rainy,Central,No,75.3,FedEx,Operational,0,0,1
4815,2410.0,4.1,9.0,2024-06-28,2024-07-07,2024-07-07,Air,494,76,2525.26,191919.76,Rainy,North,Yes,87.6,DHL,Customs,1,0,1
4816,5700.0,4.8,2.0,2024-04-23,2024-04-25,2024-04-30,Sea,971,57,157.96,9003.72,Clear,Central,No,94.2,Delhivery,,0,0,1
4817,5245.0,3.3,4.0,2024-02-15,2024-02-19,2024-02-19,Road,386,96,2568.77,246601.92,Rainy,East,No,89.2,Delhivery,,1,0,1
4818,5968.0,3.1,6.0,2024-11-03,2024-11-09,2024-11-09,Sea,1248,20,941.89,18837.8,Storm,South,No,90.4,Delhivery,,1,1,1
4819,6620.0,4.4,10.0,2024-08-10,2024-08-20,2024-08-23,Road,33,6,323.0,1938.0,Storm,West,Yes,92.7,BlueDart,Weather,0,1,0
4820,9277.0,4.8,6.0,2024-08-12,2024-08-18,2024-08-23,Sea,1427,71,1548.7,109957.7,Rainy,North,No,81.5,DHL,,0,0,1
4821,5631.0,3.1,2.0,2024-11-26,2024-11-28,2024-12-03,Air,1275,88,1080.21,95058.48,Clear,South,No,87.3,EcomExpress,Customs,0,0,1
4822,6975.0,5.0,8.0,2024-03-13,2024-03-21,2024-03-22,Sea,213,49,885.17,43373.33,Storm,South,No,77.0,FedEx,Weather,0,0,1
4823,8196.0,3.1,4.0,2024-10-18,2024-10-22,2024-10-26,Air,1244,50,2382.16,119108.0,Rainy,South,Yes,99.3,Delhivery,Traffic,0,0,1
4824,6105.0,4.9,4.0,2024-01-10,2024-01-14,2024-01-19,Sea,368,59,4425.18,261085.62,Clear,East,No,86.8,BlueDart,Customs,0,0,1
4825,6524.0,3.9,8.0,2024-02-13,2024-02-21,2024-02-21,Sea,1222,30,3566.26,106987.8,Storm,Central,Yes,82.6,BlueDart,Operational,1,0,1
4826,6681.0,2.9,5.0,2024-08-16,2024-08-21,2024-08-26,Air,761,63,228.41,14389.83,Clear,South,Yes,98.4,FedEx,Weather,0,0,1
4827,1752.0,4.9,9.0,2024-01-24,2024-02-02,2024-02-04,Road,943,3,1846.21,5538.63,Rainy,East,No,82.6,DHL,Traffic,0,0,1
4828,8284.0,4.4,7.0,2024-07-05,2024-07-12,2024-07-11,Air,582,69,2177.72,150262.68,Rainy,South,No,92.0,DHL,Weather,1,0,1
4829,7087.0,4.9,2.0,2024-08-20,2024-08-22,2024-08-24,Air,534,56,4889.47,273810.32,Rainy,West,Yes,74.4,FedEx,Traffic,0,0,1
4830,8870.0,3.2,7.0,2024-09-10,2024-09-17,2024-09-22,Air,265,64,4051.7,259308.8,Rainy,South,No,99.7,DHL,Weather,0,0,1
4831,8107.0,3.4,10.0,2024-10-21,2024-10-31,2024-10-31,Sea,723,56,821.09,45981.04,Clear,North,Yes,71.2,EcomExpress,Weather,1,0,1
4832,2888.0,3.3,9.0,2024-04-26,2024-05-05,2024-05-07,Sea,1467,99,4251.54,420902.46,Cloudy,East,Yes,84.0,DHL,Weather,0,0,1
4833,9222.0,4.8,2.0,2024-09-26,2024-09-28,2024-09-29,Air,637,58,1180.48,68467.84,Clear,North,Yes,72.0,Delhivery,,0,0,1
4834,8179.0,3.3,3.0,2024-05-15,2024-05-18,2024-05-18,Air,218,55,433.53,23844.15,Clear,South,Yes,78.5,BlueDart,Traffic,1,0,1
4835,5951.0,3.7,4.0,2024-07-18,2024-07-22,2024-07-25,Sea,946,44,1165.57,51285.08,Cloudy,South,No,93.7,FedEx,,0,0,1
4836,3120.0,5.0,10.0,2024-01-03,2024-01-13,2024-01-15,Air,1381,94,4291.43,403394.42,Cloudy,North,No,75.5,DHL,,0,0,1
4837,5712.0,3.3,2.0,2024-06-11,2024-06-13,2024-06-15,Road,281,41,2755.89,112991.49,Clear,West,Yes,94.5,FedEx,,0,0,1
4838,,3.1,,2024-03-02,2024-03-05,2024-03-08,Air,1081,36,4820.5,,Storm,South,Yes,85.1,EcomExpress,,0,1,0
4839,7101.0,3.4,7.0,2024-07-28,2024-08-04,2024-08-03,Road,800,77,2740.37,211008.49,Rainy,North,Yes,73.0,BlueDart,Customs,1,1,1
4840,2708.0,3.6,5.0,2024-09-21,2024-09-26,2024-09-28,Sea,316,80,4781.86,382548.8,Storm,North,Yes,87.4,BlueDart,Operational,0,1,0
4841,6685.0,3.9,2.0,2024-11-08,2024-11-10,2024-11-15,Air,755,22,4272.65,93998.3,Cloudy,East,Yes,93.0,Delhivery,Weather,0,0,1
4842,1914.0,3.3,5.0,2024-07-31,2024-08-05,2024-08-04,Road,610,13,4384.74,57001.62,Storm,North,Yes,75.8,FedEx,Operational,1,0,1
4843,2650.0,4.9,4.0,2024-08-23,2024-08-27,2024-08-28,Road,1500,39,4168.21,162560.19,Cloudy,East,No,81.4,Delhivery,Customs,0,0,1
4844,2301.0,3.1,10.0,2024-04-24,2024-05-04,2024-05-06,Sea,28,54,602.6,32540.4,Clear,West,No,88.6,BlueDart,,0,0,1
4845,4152.0,3.4,6.0,2024-08-05,2024-08-11,2024-08-11,Air,730,2,764.93,1529.86,Clear,West,Yes,79.2,Delhivery,Customs,1,0,1
4846,5066.0,3.4,6.0,2024-05-30,2024-06-05,2024-06-07,Sea,124,62,4605.67,285551.54,Rainy,South,No,75.4,Delhivery,Customs,0,0,1
4847,8738.0,2.7,7.0,2024-09-13,2024-09-20,2024-09-20,Road,1205,88,4665.59,410571.92,Storm,Central,Yes,97.5,EcomExpress,Weather,1,0,1
4848,6062.0,3.6,9.0,2024-02-21,2024-03-01,2024-03-02,Sea,866,87,802.29,69799.23,Rainy,West,Yes,77.3,BlueDart,Weather,0,0,1
4849,2784.0,4.2,4.0,2024-01-21,2024-01-25,2024-01-25,Road,1473,78,1189.41,92773.98,Cloudy,Central,No,87.1,DHL,Traffic,1,1,1
4850,6852.0,4.0,7.0,2024-09-11,2024-09-18,2024-09-18,Air,1436,91,3246.34,295416.94,Clear,Central,No,78.9,FedEx,Operational,1,0,1
4851,6285.0,2.5,8.0,2024-06-06,2024-06-14,2024-06-15,Sea,713,17,611.84,10401.28,Storm,North,No,76.4,DHL,Operational,0,0,1
4852,7640.0,4.9,10.0,2024-06-07,2024-06-17,2024-06-22,Air,535,47,420.12,19745.64,Clear,North,Yes,70.7,FedEx,,0,0,1
4853,7681.0,3.8,8.0,2024-02-13,2024-02-21,2024-02-20,Sea,1342,29,4995.37,144865.73,Rainy,Central,Yes,94.9,BlueDart,,1,0,1
4854,7035.0,4.5,4.0,2024-03-02,2024-03-06,2024-03-06,Sea,944,22,3757.5,82665.0,Storm,West,Yes,78.0,Delhivery,Operational,1,1,1
4855,4346.0,4.6,7.0,2024-06-18,2024-06-25,2024-06-25,Sea,131,17,4940.62,83990.54,Clear,Central,No,90.4,EcomExpress,Operational,1,0,1
4856,3313.0,2.7,5.0,2024-02-13,2024-02-18,2024-02-21,Air,1359,34,211.5,7191.0,Rainy,West,No,90.9,DHL,Traffic,0,0,1
4857,1103.0,3.9,2.0,2024-04-07,2024-04-09,2024-04-09,Air,411,61,2768.18,168858.98,Storm,West,Yes,83.9,BlueDart,Weather,1,1,1
4858,5129.0,3.0,6.0,2024-08-22,2024-08-28,2024-08-29,Sea,273,38,1954.38,74266.44,Cloudy,Central,Yes,76.2,FedEx,Traffic,0,0,1
4859,3772.0,3.9,5.0,2024-10-05,2024-10-10,2024-10-10,Air,678,16,1841.69,29467.04,Cloudy,Central,Yes,74.8,BlueDart,Operational,1,1,1
4860,8814.0,4.9,7.0,2024-01-02,2024-01-09,2024-01-14,Air,833,86,3738.55,321515.3,Cloudy,Central,No,96.9,Delhivery,Customs,0,0,1
4861,5229.0,4.1,8.0,2024-07-28,2024-08-05,2024-08-09,Road,1387,13,3107.07,40391.91,Rainy,South,Yes,97.5,EcomExpress,Weather,0,1,0
4862,3181.0,3.3,8.0,2024-03-11,2024-03-19,2024-03-21,Road,285,62,3903.12,241993.44,Storm,East,No,96.5,EcomExpress,Operational,0,0,1
4863,9665.0,3.4,9.0,2024-05-28,2024-06-06,2024-06-10,Air,1007,62,3597.6,223051.2,Clear,East,No,76.4,BlueDart,Customs,0,0,1
4864,6267.0,4.0,8.0,2024-09-29,2024-10-07,2024-10-11,Air,907,28,2596.88,72712.64,Rainy,East,No,92.4,FedEx,,0,1,0
4865,2212.0,3.9,7.0,2024-07-09,2024-07-16,2024-07-18,Road,173,88,4360.53,383726.64,Clear,South,Yes,83.8,Delhivery,Traffic,0,0,1
4866,3337.0,2.9,9.0,2024-01-29,2024-02-07,2024-02-11,Air,759,66,1673.65,110460.9,Rainy,East,Yes,70.2,FedEx,Traffic,0,0,1
4867,3664.0,4.2,6.0,2024-07-25,2024-07-31,2024-07-30,Sea,1411,91,3155.49,287149.59,Storm,East,No,98.1,BlueDart,Customs,1,0,1
4868,3822.0,2.6,10.0,2024-06-28,2024-07-08,2024-07-07,Air,296,24,1607.88,38589.12,Clear,Central,Yes,85.4,DHL,Traffic,1,0,1
4869,5339.0,4.5,5.0,2024-10-12,2024-10-17,2024-10-22,Sea,1260,91,1344.19,122321.29,Clear,North,No,79.3,BlueDart,Customs,0,1,0
4870,9658.0,4.8,9.0,2024-11-11,2024-11-20,2024-11-25,Road,1371,83,4614.71,383020.93,Storm,South,No,77.7,BlueDart,Operational,0,0,1
4871,8384.0,4.6,4.0,2024-07-28,2024-08-01,2024-07-31,Sea,52,5,4842.23,24211.15,Rainy,North,Yes,97.4,DHL,Customs,1,1,1
4872,2191.0,3.3,9.0,2024-06-15,2024-06-24,2024-06-29,Air,1425,28,1397.25,39123.0,Cloudy,South,No,82.0,EcomExpress,Operational,0,1,0
4873,4251.0,2.6,6.0,2024-02-20,2024-02-26,2024-02-26,Air,1469,21,1108.99,23288.79,Cloudy,Central,No,70.3,DHL,,1,0,1
4874,4440.0,4.9,6.0,2024-06-19,2024-06-25,2024-06-24,Road,625,74,4601.81,340533.94,Rainy,East,Yes,90.1,BlueDart,,1,0,1
4875,4344.0,3.9,2.0,2024-08-28,2024-08-30,2024-09-04,Road,103,85,4697.67,399301.95,Rainy,South,Yes,72.8,Delhivery,Traffic,0,0,1
4876,4939.0,3.5,3.0,2024-08-29,2024-09-01,2024-09-06,Air,1180,29,124.13,3599.77,Cloudy,Central,Yes,84.0,Delhivery,Customs,0,0,1
4877,8617.0,3.5,4.0,2024-01-10,2024-01-14,2024-01-15,Sea,1077,92,809.6,74483.2,Rainy,North,Yes,73.1,DHL,Operational,0,0,1
4878,4421.0,2.7,2.0,2024-11-23,2024-11-25,2024-11-26,Road,711,49,1378.38,67540.62,Clear,East,No,85.7,BlueDart,Traffic,0,1,0
4879,1858.0,2.5,3.0,2024-02-08,2024-02-11,2024-02-11,Air,493,64,4374.7,279980.8,Storm,North,Yes,96.3,EcomExpress,Operational,1,0,1
4880,5398.0,3.2,7.0,2024-03-24,2024-03-31,2024-03-31,Air,1285,26,3218.16,83672.16,Storm,South,Yes,81.5,BlueDart,,1,1,1
4881,8534.0,3.3,9.0,2024-08-06,2024-08-15,2024-08-17,Sea,1461,11,1664.61,18310.71,Rainy,South,Yes,84.8,BlueDart,Weather,0,0,1
4882,3099.0,2.9,7.0,2024-02-04,2024-02-11,2024-02-14,Air,885,37,2136.75,79059.75,Storm,West,Yes,93.0,FedEx,Customs,0,1,0
4883,1044.0,4.4,5.0,2024-01-16,2024-01-21,2024-01-20,Road,521,30,4273.31,128199.3,Rainy,East,No,99.7,DHL,Weather,1,0,1
4884,5426.0,4.6,6.0,2024-08-12,2024-08-18,2024-08-21,Sea,536,17,2669.16,45375.72,Cloudy,South,Yes,75.2,EcomExpress,Weather,0,0,1
4885,4090.0,4.6,3.0,2024-02-25,2024-02-28,2024-02-28,Air,257,44,725.96,31942.24,Storm,East,Yes,90.7,EcomExpress,Traffic,1,1,1
4886,7946.0,2.7,7.0,2024-05-31,2024-06-07,2024-06-10,Air,1409,95,3692.54,350791.3,Clear,Central,Yes,73.6,EcomExpress,Customs,0,0,1
4887,9871.0,4.1,9.0,2024-07-18,2024-07-27,2024-07-26,Air,566,33,1917.42,63274.86,Rainy,East,Yes,73.3,FedEx,Traffic,1,0,1
4888,1569.0,4.0,6.0,2024-08-21,2024-08-27,2024-08-27,Road,951,30,1384.46,41533.8,Storm,South,Yes,71.0,FedEx,Traffic,1,0,1
4889,1019.0,2.6,5.0,2024-07-08,2024-07-13,2024-07-17,Road,1395,62,3103.46,192414.52,Storm,West,No,91.1,FedEx,,0,0,1
4890,4056.0,4.9,5.0,2024-11-17,2024-11-22,2024-11-23,Road,258,99,635.7,62934.3,Rainy,South,No,98.1,DHL,Customs,0,1,0
4891,3300.0,3.7,4.0,2024-10-11,2024-10-15,2024-10-18,Air,708,20,1549.89,30997.8,Cloudy,North,No,71.7,FedEx,Operational,0,0,1
4892,8362.0,3.5,5.0,2024-02-02,2024-02-07,2024-02-08,Air,1474,5,3660.47,18302.35,Storm,North,No,73.7,EcomExpress,,0,0,1
4893,3894.0,3.6,2.0,2024-09-07,2024-09-09,2024-09-13,Sea,1480,92,562.77,51774.84,Rainy,Central,Yes,90.3,FedEx,Traffic,0,1,0
4894,7776.0,2.5,7.0,2024-08-15,2024-08-22,2024-08-26,Sea,774,80,4473.87,357909.6,Clear,West,Yes,86.3,EcomExpress,Traffic,0,0,1
4895,5007.0,4.4,3.0,2024-04-24,2024-04-27,2024-04-30,Road,234,51,4106.34,209423.34,Rainy,East,Yes,70.6,Delhivery,Operational,0,0,1
4896,4514.0,4.4,3.0,2024-10-05,2024-10-08,2024-10-09,Road,350,86,397.44,34179.84,Storm,South,No,95.8,BlueDart,Operational,0,1,0
4897,2425.0,3.6,5.0,2024-06-13,2024-06-18,2024-06-17,Air,775,91,3805.82,346329.62,Rainy,Central,Yes,90.1,FedEx,Operational,1,0,1
4898,1468.0,4.8,10.0,2024-05-14,2024-05-24,2024-05-27,Sea,1187,97,1083.78,105126.66,Clear,North,No,86.3,Delhivery,Weather,0,0,1
4899,4353.0,4.9,3.0,2024-11-11,2024-11-14,2024-11-19,Sea,473,69,2141.76,147781.44,Storm,North,Yes,77.8,Delhivery,Customs,0,0,1
4900,9069.0,4.8,10.0,2024-10-31,2024-11-10,2024-11-13,Road,115,10,1128.03,11280.3,Cloudy,North,No,77.8,Delhivery,,0,0,1
4901,1465.0,4.1,7.0,2024-11-22,2024-11-29,2024-12-04,Sea,32,43,2638.27,113445.61,Storm,South,Yes,86.5,FedEx,Operational,0,0,1
4902,7402.0,4.3,10.0,2024-01-31,2024-02-10,2024-02-11,Road,1244,61,3447.45,210294.45,Cloudy,South,No,74.5,BlueDart,,0,0,1
4903,8823.0,3.3,5.0,2024-01-24,2024-01-29,2024-01-29,Road,706,88,3702.46,325816.48,Rainy,West,Yes,82.4,DHL,Traffic,1,0,1
4904,2118.0,2.8,7.0,2024-06-30,2024-07-07,2024-07-06,Road,903,1,3582.94,3582.94,Rainy,South,Yes,72.0,BlueDart,Customs,1,1,1
4905,2325.0,4.0,3.0,2024-01-27,2024-01-30,2024-02-02,Sea,138,10,1623.16,16231.6,Cloudy,Central,No,83.6,EcomExpress,Weather,0,1,0
4906,2071.0,2.9,6.0,2024-11-18,2024-11-24,2024-11-24,Air,1440,78,1789.11,139550.58,Clear,West,No,90.3,DHL,Operational,1,0,1
4907,7980.0,3.1,3.0,2024-09-28,2024-10-01,2024-10-03,Road,1362,10,3555.58,35555.8,Clear,South,No,92.4,Delhivery,Customs,0,1,0
4908,5051.0,5.0,3.0,2024-07-17,2024-07-20,2024-07-20,Air,189,83,3115.02,258546.66,Storm,South,Yes,99.9,EcomExpress,Operational,1,0,1
4909,2806.0,3.0,9.0,2024-07-02,2024-07-11,2024-07-12,Road,1358,2,760.04,1520.08,Storm,East,Yes,96.8,FedEx,Weather,0,0,1
4910,9787.0,3.5,7.0,2024-01-23,2024-01-30,2024-01-30,Sea,241,75,3915.08,293631.0,Rainy,North,Yes,96.5,DHL,Traffic,1,0,1
4911,9042.0,4.5,4.0,2024-03-28,2024-04-01,2024-04-05,Sea,756,33,3147.02,103851.66,Rainy,East,Yes,86.7,Delhivery,Operational,0,0,1
4912,3814.0,3.1,6.0,2024-02-11,2024-02-17,2024-02-18,Road,12,58,3905.08,226494.64,Cloudy,North,No,86.9,FedEx,Customs,0,1,0
4913,1727.0,4.1,2.0,2024-08-24,2024-08-26,2024-08-26,Road,1424,1,4137.55,4137.55,Storm,West,No,81.8,BlueDart,Customs,1,1,1
4914,2547.0,3.6,4.0,2024-02-18,2024-02-22,2024-02-23,Sea,751,92,905.15,83273.8,Storm,West,No,85.7,FedEx,Traffic,0,1,0
4915,9125.0,4.2,10.0,2024-07-17,2024-07-27,2024-08-01,Sea,688,1,4761.44,4761.44,Rainy,East,No,98.0,FedEx,Customs,0,0,1
4916,2647.0,3.0,10.0,2024-10-30,2024-11-09,2024-11-14,Road,819,51,3424.16,174632.16,Storm,South,Yes,99.2,FedEx,Customs,0,0,1
4917,7317.0,4.9,2.0,2024-09-08,2024-09-10,2024-09-10,Air,286,74,119.09,8812.66,Cloudy,North,No,72.1,Delhivery,,1,1,1
4918,1790.0,3.3,10.0,2024-01-21,2024-01-31,2024-01-31,Air,371,59,4720.16,278489.44,Rainy,North,Yes,89.1,DHL,Operational,1,1,1
4919,5112.0,4.2,2.0,2024-08-14,2024-08-16,2024-08-18,Sea,262,5,3011.97,15059.85,Clear,West,Yes,86.9,DHL,,0,0,1
4920,1637.0,2.8,4.0,2024-05-19,2024-05-23,2024-05-24,Sea,1345,28,1324.28,37079.84,Clear,West,No,93.9,EcomExpress,Customs,0,1,0
4921,1088.0,4.5,7.0,2024-10-05,2024-10-12,2024-10-12,Sea,517,71,4920.09,349326.39,Storm,South,No,78.1,EcomExpress,Customs,1,1,1
4922,5858.0,4.0,7.0,2024-06-30,2024-07-07,2024-07-11,Road,1097,37,1705.25,63094.25,Storm,North,No,94.8,Delhivery,,0,1,0
4923,2580.0,2.9,10.0,2024-01-05,2024-01-15,2024-01-15,Sea,1081,65,3956.82,257193.3,Clear,Central,No,71.4,Delhivery,Weather,1,0,1
4924,7929.0,3.0,10.0,2024-06-06,2024-06-16,2024-06-21,Road,703,36,2714.11,97707.96,Storm,North,Yes,87.8,BlueDart,,0,0,1
4925,1260.0,3.0,8.0,2024-10-29,2024-11-06,2024-11-09,Road,377,95,3945.02,374776.9,Clear,Central,No,96.0,DHL,Traffic,0,0,1
4926,4919.0,3.8,9.0,2024-11-11,2024-11-20,2024-11-20,Air,951,22,4939.06,108659.32,Clear,South,Yes,81.5,Delhivery,,1,0,1
4927,1312.0,3.0,8.0,2024-02-08,2024-02-16,2024-02-17,Road,794,34,2394.88,81425.92,Storm,South,No,91.9,BlueDart,Weather,0,0,1
4928,3281.0,4.2,5.0,2024-10-03,2024-10-08,2024-10-08,Road,130,49,2802.58,137326.42,Cloudy,South,Yes,72.7,Delhivery,Customs,1,0,1
4929,9786.0,2.9,8.0,2024-05-18,2024-05-26,2024-05-31,Air,700,73,3648.52,266341.96,Rainy,Central,Yes,80.0,Delhivery,Weather,0,1,0
4930,2226.0,3.7,3.0,2024-06-08,2024-06-11,2024-06-16,Road,817,73,4354.42,317872.66,Clear,North,No,90.0,Delhivery,Traffic,0,1,0
4931,7712.0,4.6,9.0,2024-06-20,2024-06-29,2024-06-29,Air,274,57,3659.68,208601.76,Cloudy,South,Yes,89.9,Delhivery,Weather,1,0,1
4932,6806.0,4.4,8.0,2024-03-25,2024-04-02,2024-04-01,Sea,267,21,2814.12,59096.52,Clear,East,No,83.0,DHL,Customs,1,0,1
4933,3650.0,3.8,7.0,2024-01-01,2024-01-08,2024-01-09,Air,1053,71,512.46,36384.66,Storm,North,Yes,85.9,BlueDart,Operational,0,0,1
4934,4090.0,4.4,6.0,2024-04-03,2024-04-09,2024-04-13,Sea,228,55,2407.65,132420.75,Storm,West,Yes,73.8,BlueDart,Customs,0,0,1
4935,9306.0,3.0,4.0,2024-08-30,2024-09-03,2024-09-07,Sea,639,76,2555.35,194206.6,Storm,Central,Yes,80.7,DHL,Traffic,0,0,1
4936,2730.0,4.9,10.0,2024-08-09,2024-08-19,2024-08-24,Air,730,76,2493.97,189541.72,Cloudy,South,No,93.5,EcomExpress,Operational,0,0,1
4937,2812.0,4.7,5.0,2024-04-13,2024-04-18,2024-04-19,Road,332,71,4684.05,332567.55,Cloudy,Central,No,85.9,BlueDart,Traffic,0,1,0
4938,7416.0,3.4,3.0,2024-05-24,2024-05-27,2024-05-27,Road,1411,1,1337.08,1337.08,Rainy,West,Yes,75.2,Delhivery,Customs,1,0,1
4939,3526.0,4.9,3.0,2024-11-15,2024-11-18,2024-11-17,Sea,786,73,3427.69,250221.37,Storm,West,No,73.2,BlueDart,Operational,1,0,1
4940,3294.0,4.3,6.0,2024-09-08,2024-09-14,2024-09-13,Road,792,60,3444.47,206668.2,Cloudy,East,No,75.9,BlueDart,Weather,1,1,1
4941,8202.0,2.5,5.0,2024-01-21,2024-01-26,2024-01-30,Road,1453,35,1182.57,41389.95,Clear,Central,Yes,96.1,DHL,Weather,0,1,0
4942,5734.0,2.6,10.0,2024-04-18,2024-04-28,2024-04-30,Road,649,21,3003.68,63077.28,Rainy,North,No,91.3,FedEx,,0,0,1
4943,6591.0,3.9,9.0,2024-02-28,2024-03-08,2024-03-08,Air,1093,40,2628.69,105147.6,Clear,North,Yes,79.2,EcomExpress,Traffic,1,0,1
4944,7277.0,4.7,5.0,2024-02-27,2024-03-03,2024-03-05,Road,374,32,3986.23,127559.36,Clear,East,No,91.5,FedEx,Operational,0,0,1
4945,5771.0,4.7,7.0,2024-05-09,2024-05-16,2024-05-16,Road,244,11,4987.64,54864.04,Rainy,North,Yes,77.9,DHL,,1,0,1
4946,6053.0,4.0,9.0,2024-09-06,2024-09-15,2024-09-20,Air,979,46,461.3,21219.8,Storm,West,No,87.9,FedEx,Weather,0,0,1
4947,5285.0,4.9,9.0,2024-01-21,2024-01-30,2024-02-02,Sea,1428,99,2403.01,237897.99,Cloudy,East,No,85.8,EcomExpress,Traffic,0,1,0
4948,8862.0,4.8,5.0,2024-09-30,2024-10-05,2024-10-09,Road,293,70,2759.76,193183.2,Clear,North,No,85.2,BlueDart,Weather,0,0,1
4949,3703.0,3.3,9.0,2024-06-02,2024-06-11,2024-06-11,Air,104,10,1659.64,16596.4,Rainy,South,Yes,92.2,DHL,Traffic,1,1,1
4950,4954.0,3.3,10.0,2024-06-24,2024-07-04,2024-07-04,Air,531,97,4794.53,465069.41,Storm,Central,Yes,75.0,Delhivery,Traffic,1,0,1
4951,1125.0,4.9,4.0,2024-04-25,2024-04-29,2024-05-02,Road,1144,71,511.2,36295.2,Cloudy,North,Yes,80.9,EcomExpress,Weather,0,0,1
4952,8183.0,3.4,7.0,2024-01-21,2024-01-28,2024-01-30,Sea,1294,6,1796.14,10776.84,Clear,East,No,80.4,DHL,Customs,0,1,0
4953,5951.0,5.0,10.0,2024-07-04,2024-07-14,2024-07-19,Air,1428,96,4633.15,444782.4,Clear,Central,No,91.0,DHL,Traffic,0,0,1
4954,2335.0,4.9,7.0,2024-02-21,2024-02-28,2024-03-03,Air,1356,28,3934.9,110177.2,Clear,North,No,78.6,BlueDart,Traffic,0,0,1
4955,9736.0,2.9,10.0,2024-04-20,2024-04-30,2024-04-30,Air,1181,48,3235.92,155324.16,Cloudy,South,No,92.4,EcomExpress,Traffic,1,1,1
4956,5463.0,2.6,3.0,2024-08-02,2024-08-05,2024-08-07,Air,1056,53,2109.72,111815.16,Clear,East,Yes,86.2,FedEx,Operational,0,0,1
4957,5198.0,3.5,7.0,2024-01-30,2024-02-06,2024-02-11,Road,738,89,2302.28,204902.92,Clear,East,Yes,80.5,BlueDart,,0,0,1
4958,4057.0,4.4,9.0,2024-08-21,2024-08-30,2024-09-02,Air,1293,28,1641.27,45955.56,Cloudy,East,No,81.4,DHL,Operational,0,0,1
4959,1673.0,3.0,5.0,2024-10-13,2024-10-18,2024-10-17,Sea,471,65,3113.42,202372.3,Cloudy,East,Yes,90.0,BlueDart,Traffic,1,1,1
4960,3512.0,3.5,10.0,2024-04-04,2024-04-14,2024-04-15,Sea,573,54,2625.41,141772.14,Clear,North,No,73.6,Delhivery,Operational,0,0,1
4961,9293.0,4.6,3.0,2024-10-27,2024-10-30,2024-10-31,Road,1053,85,4618.07,392535.95,Clear,West,Yes,81.5,Delhivery,Customs,0,1,0
4962,3189.0,3.2,5.0,2024-09-03,2024-09-08,2024-09-13,Road,452,45,697.57,31390.65,Cloudy,North,No,82.1,FedEx,Customs,0,0,1
4963,9701.0,3.4,2.0,2024-01-18,2024-01-20,2024-01-19,Air,21,90,2481.78,223360.2,Cloudy,Central,No,89.3,DHL,Traffic,1,0,1
4964,2789.0,3.9,7.0,2024-01-30,2024-02-06,2024-02-08,Road,851,58,3494.83,202700.14,Cloudy,North,Yes,77.5,Delhivery,Operational,0,0,1
4965,5857.0,3.5,10.0,2024-07-27,2024-08-06,2024-08-06,Sea,1228,20,2785.43,55708.6,Clear,Central,No,70.7,DHL,,1,1,1
4966,7834.0,3.0,7.0,2024-10-22,2024-10-29,2024-10-28,Air,372,52,2859.14,148675.28,Storm,East,No,82.8,FedEx,Operational,1,0,1
4967,9823.0,4.8,4.0,2024-05-18,2024-05-22,2024-05-21,Air,1477,54,4483.36,242101.44,Clear,East,Yes,84.2,DHL,Operational,1,1,1
4968,9379.0,3.0,2.0,2024-10-23,2024-10-25,2024-10-30,Sea,66,62,2384.08,147812.96,Storm,South,No,81.9,FedEx,Customs,0,0,1
4969,7606.0,4.6,6.0,2024-05-13,2024-05-19,2024-05-23,Air,903,27,2430.07,65611.89,Clear,North,Yes,77.6,DHL,Weather,0,0,1
4970,6232.0,4.1,4.0,2024-09-24,2024-09-28,2024-09-27,Road,1400,33,660.21,21786.93,Rainy,North,No,87.0,BlueDart,Operational,1,0,1
4971,1737.0,4.5,3.0,2024-02-05,2024-02-08,2024-02-13,Road,181,58,1616.56,93760.48,Storm,North,No,80.8,EcomExpress,Customs,0,0,1
4972,8109.0,3.6,6.0,2024-05-16,2024-05-22,2024-05-21,Road,407,20,189.71,3794.2,Cloudy,East,Yes,78.1,BlueDart,,1,0,1
4973,2036.0,4.0,5.0,2024-09-18,2024-09-23,2024-09-22,Air,1314,73,1210.8,88388.4,Cloudy,East,No,74.8,EcomExpress,Operational,1,0,1
4974,6859.0,4.6,7.0,2024-07-18,2024-07-25,2024-07-25,Road,852,63,4154.15,261711.45,Storm,East,Yes,95.0,Delhivery,,1,0,1
4975,6335.0,3.7,10.0,2024-08-10,2024-08-20,2024-08-25,Sea,946,69,678.08,46787.52,Storm,North,No,83.5,FedEx,,0,1,0
4976,4620.0,4.6,4.0,2024-08-14,2024-08-18,2024-08-19,Road,1096,60,1610.81,96648.6,Cloudy,South,No,94.7,BlueDart,Traffic,0,0,1
4977,6406.0,4.8,10.0,2024-02-05,2024-02-15,2024-02-20,Air,1157,45,1584.62,71307.9,Rainy,North,Yes,85.9,DHL,Customs,0,0,1
4978,6252.0,3.4,9.0,2024-05-02,2024-05-11,2024-05-11,Road,232,90,4948.12,445330.8,Clear,South,No,88.0,DHL,,1,0,1
4979,5825.0,4.5,6.0,2024-02-10,2024-02-16,2024-02-20,Sea,802,21,1566.56,32897.76,Cloudy,South,Yes,76.5,Delhivery,Customs,0,1,0
4980,3909.0,3.9,8.0,2024-07-24,2024-08-01,2024-08-05,Sea,1118,72,2209.3,159069.6,Storm,North,Yes,75.1,BlueDart,Operational,0,0,1
4981,2883.0,2.8,5.0,2024-01-17,2024-01-22,2024-01-22,Sea,792,88,4934.49,434235.12,Clear,Central,Yes,97.4,DHL,Operational,1,0,1
4982,2457.0,4.9,4.0,2024-07-04,2024-07-08,2024-07-11,Road,826,66,1082.14,71421.24,Storm,West,No,74.0,EcomExpress,Operational,0,0,1
4983,1793.0,3.0,7.0,2024-09-12,2024-09-19,2024-09-19,Sea,730,8,657.82,5262.56,Storm,West,No,95.0,DHL,Traffic,1,0,1
4984,3514.0,4.3,8.0,2024-03-10,2024-03-18,2024-03-22,Road,124,26,3615.77,94010.02,Rainy,Central,Yes,88.7,EcomExpress,Operational,0,1,0
4985,4268.0,4.1,8.0,2024-04-08,2024-04-16,2024-04-18,Road,132,40,1549.46,61978.4,Rainy,West,No,97.4,EcomExpress,Operational,0,0,1
4986,6266.0,4.5,6.0,2024-02-28,2024-03-05,2024-03-07,Sea,1278,20,2261.58,45231.6,Cloudy,West,Yes,91.7,DHL,Operational,0,0,1
4987,8913.0,4.7,6.0,2024-09-18,2024-09-24,2024-09-25,Air,240,52,2349.48,122172.96,Storm,Central,Yes,93.2,EcomExpress,Weather,0,0,1
4988,3852.0,3.0,4.0,2024-05-21,2024-05-25,2024-05-26,Air,1281,5,4643.47,23217.35,Storm,East,No,96.1,FedEx,Weather,0,0,1
4989,2465.0,3.9,3.0,2024-04-10,2024-04-13,2024-04-17,Air,130,34,3362.88,114337.92,Rainy,West,No,76.8,FedEx,,0,0,1
4990,2352.0,3.4,7.0,2024-09-17,2024-09-24,2024-09-26,Sea,398,9,3428.72,30858.48,Storm,South,No,78.7,EcomExpress,Traffic,0,0,1
4991,9616.0,4.7,2.0,2024-06-19,2024-06-21,2024-06-23,Air,50,76,2442.93,185662.68,Storm,East,No,70.2,BlueDart,,0,0,1
4992,2314.0,2.9,7.0,2024-03-12,2024-03-19,2024-03-24,Air,979,84,4510.19,378855.96,Cloudy,East,Yes,96.3,Delhivery,,0,0,1
4993,6725.0,3.5,3.0,2024-10-02,2024-10-05,2024-10-07,Road,707,77,984.96,75841.92,Cloudy,East,No,92.1,DHL,Weather,0,0,1
4994,8353.0,3.6,10.0,2024-08-23,2024-09-02,2024-09-01,Road,363,96,3627.73,348262.08,Clear,South,Yes,92.1,DHL,Operational,1,0,1
4995,6770.0,2.9,4.0,2024-08-26,2024-08-30,2024-09-04,Air,40,43,3963.44,170427.92,Storm,West,No,73.4,EcomExpress,Traffic,0,0,1
4996,7930.0,2.5,3.0,2024-06-02,2024-06-05,2024-06-04,Sea,775,63,1128.03,71065.89,Rainy,West,No,95.3,DHL,Weather,1,1,1
4997,2134.0,3.9,2.0,2024-02-24,2024-02-26,2024-03-02,Air,284,98,3886.77,380903.46,Rainy,North,Yes,91.9,BlueDart,Weather,0,1,0
4998,9844.0,2.6,7.0,2024-05-07,2024-05-14,2024-05-17,Sea,230,75,4751.63,356372.25,Clear,West,Yes,91.9,Delhivery,Customs,0,0,1
4999,2520.0,4.7,5.0,2024-11-06,2024-11-11,2024-11-16,Air,1334,55,3203.63,176199.65,Cloudy,North,Yes,91.0,DHL,Operational,0,0,1
5000,7041.0,2.6,8.0,2024-09-04,2024-09-12,2024-09-14,Road,419,83,983.3,81613.9,Clear,Central,Yes,90.6,DHL,Weather,0,0,1
5001,4411.0,3.3,4.0,2024-04-20,2024-04-24,2024-04-23,Sea,1236,68,2843.63,193366.84,Rainy,East,Yes,90.7,BlueDart,Weather,1,1,1
5002,3105.0,4.0,2.0,2024-09-20,2024-09-22,2024-09-26,Sea,217,87,4914.37,427550.19,Rainy,South,No,71.5,EcomExpress,Weather,0,0,1
5003,8991.0,5.0,3.0,2024-03-11,2024-03-14,2024-03-14,Air,988,81,1550.92,125624.52,Cloudy,East,Yes,72.5,BlueDart,Weather,1,0,1
5004,6398.0,3.6,8.0,2024-11-17,2024-11-25,2024-11-24,Road,478,53,677.11,35886.83,Rainy,East,No,72.1,Delhivery,Operational,1,1,1
5005,9443.0,2.6,6.0,2024-07-18,2024-07-24,2024-07-23,Road,15,65,1892.44,123008.6,Clear,East,Yes,70.2,EcomExpress,,1,0,1
5006,6313.0,2.7,7.0,2024-11-06,2024-11-13,2024-11-17,Air,381,25,2863.2,71580.0,Storm,Central,No,81.9,Delhivery,Traffic,0,0,1
5007,5812.0,4.3,9.0,2024-06-20,2024-06-29,2024-06-28,Sea,928,11,1849.72,20346.92,Clear,Central,No,84.9,EcomExpress,Customs,1,0,1
5008,8530.0,2.9,9.0,2024-01-21,2024-01-30,2024-02-03,Air,1471,93,4711.27,438148.11,Clear,South,Yes,79.7,DHL,Weather,0,1,0
5009,5933.0,4.2,10.0,2024-09-04,2024-09-14,2024-09-16,Sea,380,9,828.92,7460.28,Storm,East,No,73.6,DHL,Operational,0,0,1
5010,4517.0,3.3,4.0,2024-09-28,2024-10-02,2024-10-06,Sea,466,93,1985.63,184663.59,Storm,West,No,73.7,BlueDart,Customs,0,1,0
5011,6631.0,3.4,9.0,2024-11-09,2024-11-18,2024-11-17,Road,866,91,4564.8,415396.8,Cloudy,West,No,79.8,FedEx,Traffic,1,1,1
5012,7894.0,4.1,5.0,2024-01-29,2024-02-03,2024-02-07,Air,524,73,988.15,72134.95,Clear,South,Yes,80.8,Delhivery,,0,0,1
5013,8220.0,4.5,9.0,2024-04-01,2024-04-10,2024-04-15,Sea,276,60,1489.25,89355.0,Cloudy,East,No,86.2,DHL,,0,0,1
5014,3090.0,2.8,10.0,2024-11-10,2024-11-20,2024-11-19,Road,272,92,3807.45,350285.4,Clear,East,Yes,79.8,FedEx,Customs,1,1,1
5015,4817.0,2.8,5.0,2024-09-17,2024-09-22,2024-09-23,Sea,751,74,1759.17,130178.58,Cloudy,West,Yes,89.4,FedEx,,0,0,1
5016,5200.0,2.8,5.0,2024-04-04,2024-04-09,2024-04-12,Sea,1422,61,2978.65,181697.65,Cloudy,South,Yes,75.8,BlueDart,,0,0,1
5017,7405.0,4.8,5.0,2024-05-15,2024-05-20,2024-05-25,Sea,263,95,1235.15,117339.25,Storm,North,No,90.2,Delhivery,Traffic,0,0,1
5018,7567.0,3.3,5.0,2024-05-01,2024-05-06,2024-05-07,Air,1304,13,2695.42,35040.46,Rainy,North,Yes,95.9,FedEx,Operational,0,0,1
5019,7220.0,3.3,6.0,2024-05-14,2024-05-20,2024-05-22,Air,189,13,2018.29,26237.77,Cloudy,West,Yes,98.6,FedEx,Operational,0,0,1
5020,3829.0,4.6,10.0,2024-01-26,2024-02-05,2024-02-09,Road,1139,74,4334.25,320734.5,Storm,North,Yes,80.7,EcomExpress,Weather,0,0,1
5021,2400.0,2.7,10.0,2024-04-04,2024-04-14,2024-04-16,Air,71,55,640.82,35245.1,Clear,West,No,77.1,FedEx,Weather,0,0,1
5022,7697.0,2.6,5.0,2024-11-09,2024-11-14,2024-11-19,Sea,219,46,1101.07,50649.22,Cloudy,West,Yes,86.1,BlueDart,Operational,0,1,0
5023,7023.0,4.2,6.0,2024-06-18,2024-06-24,2024-06-26,Air,440,29,4295.51,124569.79,Clear,South,Yes,99.6,BlueDart,,0,0,1
5024,8869.0,3.7,3.0,2024-07-26,2024-07-29,2024-08-03,Air,139,92,1635.2,150438.4,Cloudy,North,No,71.3,FedEx,Customs,0,0,1
5025,5546.0,3.2,10.0,2024-09-02,2024-09-12,2024-09-12,Air,1127,41,4991.54,204653.14,Storm,East,Yes,89.6,BlueDart,,1,0,1
5026,7905.0,4.5,2.0,2024-09-17,2024-09-19,2024-09-19,Road,554,47,3011.23,141527.81,Storm,South,No,90.6,FedEx,,1,0,1
5027,3135.0,3.2,8.0,2024-11-06,2024-11-14,2024-11-18,Road,527,77,4819.17,371076.09,Rainy,North,Yes,81.7,Delhivery,Weather,0,0,1
5028,7008.0,3.2,5.0,2024-02-09,2024-02-14,2024-02-14,Sea,702,94,1564.18,147032.92,Storm,East,Yes,97.7,EcomExpress,Operational,1,0,1
5029,9348.0,4.9,2.0,2024-07-27,2024-07-29,2024-08-03,Air,1133,20,3504.96,70099.2,Clear,North,Yes,97.0,BlueDart,,0,1,0
5030,5724.0,2.7,3.0,2024-04-25,2024-04-28,2024-05-01,Sea,1449,57,3816.68,217550.76,Clear,Central,Yes,74.9,DHL,Customs,0,0,1
5031,3348.0,4.7,5.0,2024-01-28,2024-02-02,2024-02-03,Road,1149,43,4577.18,196818.74,Clear,East,Yes,83.3,BlueDart,,0,1,0
5032,4827.0,4.0,10.0,2024-07-27,2024-08-06,2024-08-06,Sea,734,42,2875.42,120767.64,Cloudy,East,No,71.6,EcomExpress,Traffic,1,1,1
5033,2647.0,4.7,4.0,2024-08-23,2024-08-27,2024-08-26,Sea,959,72,3664.08,263813.76,Rainy,East,No,75.5,FedEx,Weather,1,0,1
5034,8467.0,3.5,3.0,2024-02-17,2024-02-20,2024-02-24,Road,950,76,3780.3,287302.8,Cloudy,East,No,86.9,BlueDart,Operational,0,1,0
5035,4829.0,3.0,8.0,2024-02-13,2024-02-21,2024-02-20,Road,1112,1,747.76,747.76,Clear,South,No,88.8,FedEx,Weather,1,0,1
5036,4121.0,3.5,10.0,2024-02-18,2024-02-28,2024-03-01,Air,923,86,3696.87,317930.82,Rainy,West,Yes,76.3,EcomExpress,Customs,0,1,0
5037,2343.0,2.6,2.0,2024-05-09,2024-05-11,2024-05-10,Road,696,4,2157.52,8630.08,Cloudy,East,No,73.0,Delhivery,Traffic,1,0,1
5038,6564.0,4.1,4.0,2024-03-13,2024-03-17,2024-03-16,Air,1497,41,4761.96,195240.36,Storm,East,No,98.4,EcomExpress,Operational,1,0,1
5039,9367.0,3.2,8.0,2024-01-23,2024-01-31,2024-02-02,Road,260,79,509.68,40264.72,Clear,West,Yes,77.4,Delhivery,Customs,0,0,1
5040,6614.0,3.0,5.0,2024-10-09,2024-10-14,2024-10-18,Road,263,81,3625.7,293681.7,Cloudy,East,Yes,89.9,BlueDart,Traffic,0,0,1
5041,9721.0,4.9,2.0,2024-03-31,2024-04-02,2024-04-05,Sea,1291,22,3956.56,87044.32,Clear,South,No,74.5,DHL,,0,1,0
5042,6036.0,3.9,7.0,2024-06-11,2024-06-18,2024-06-19,Sea,1407,9,4920.48,44284.32,Storm,West,No,98.0,FedEx,Traffic,0,0,1
5043,3547.0,3.4,7.0,2024-11-22,2024-11-29,2024-12-02,Air,490,26,3976.54,103390.04,Cloudy,Central,Yes,82.2,Delhivery,Operational,0,0,1
5044,3113.0,4.1,4.0,2024-04-30,2024-05-04,2024-05-04,Road,846,79,1865.45,147370.55,Cloudy,South,Yes,85.3,FedEx,Operational,1,0,1
5045,3847.0,4.0,9.0,2024-07-17,2024-07-26,2024-07-27,Sea,1251,55,3613.99,198769.45,Cloudy,North,No,70.1,BlueDart,Customs,0,0,1
5046,1634.0,4.1,9.0,2024-07-19,2024-07-28,2024-07-28,Sea,741,9,4827.69,43449.21,Storm,South,Yes,96.4,EcomExpress,,1,0,1
5047,6317.0,3.4,3.0,2024-07-18,2024-07-21,2024-07-20,Air,805,66,2805.41,185157.06,Storm,East,No,78.3,EcomExpress,Operational,1,0,1
5048,4572.0,3.8,9.0,2024-02-22,2024-03-02,2024-03-06,Sea,820,46,4725.82,217387.72,Clear,North,Yes,77.2,FedEx,,0,0,1
5049,6893.0,2.9,8.0,2024-04-08,2024-04-16,2024-04-21,Air,47,67,832.48,55776.16,Rainy,North,No,96.5,DHL,Traffic,0,0,1
5050,8008.0,2.6,10.0,2024-08-11,2024-08-21,2024-08-22,Road,705,86,4010.82,344930.52,Rainy,East,Yes,82.8,EcomExpress,Operational,0,1,0
5051,1970.0,4.7,6.0,2024-11-20,2024-11-26,2024-11-26,Air,734,9,2652.75,23874.75,Cloudy,North,No,77.8,FedEx,Operational,1,0,1
5052,1226.0,3.4,5.0,2024-02-05,2024-02-10,2024-02-15,Air,440,66,1715.62,113230.92,Clear,East,No,70.9,DHL,Customs,0,0,1
5053,2884.0,4.9,3.0,2024-11-16,2024-11-19,2024-11-21,Road,913,86,251.6,21637.6,Rainy,South,Yes,92.2,FedEx,,0,1,0
5054,1742.0,4.7,3.0,2024-10-09,2024-10-12,2024-10-16,Road,296,82,4477.11,367123.02,Rainy,South,Yes,94.2,FedEx,Weather,0,0,1
5055,2580.0,3.8,4.0,2024-10-08,2024-10-12,2024-10-11,Sea,222,69,1639.44,113121.36,Cloudy,South,No,85.9,DHL,Operational,1,0,1
5056,3931.0,2.7,3.0,2024-03-04,2024-03-07,2024-03-11,Road,1199,24,2925.55,70213.2,Storm,Central,No,88.1,Delhivery,Traffic,0,0,1
5057,4421.0,2.9,6.0,2024-08-08,2024-08-14,2024-08-14,Sea,936,72,3579.4,257716.8,Rainy,Central,Yes,74.7,BlueDart,Operational,1,0,1
5058,3753.0,3.1,10.0,2024-10-24,2024-11-03,2024-11-07,Road,1278,94,993.17,93357.98,Cloudy,East,Yes,89.5,Delhivery,Traffic,0,0,1
5059,7212.0,4.8,5.0,2024-11-26,2024-12-01,2024-12-06,Sea,1291,91,509.78,46389.98,Cloudy,East,Yes,75.7,Delhivery,Operational,0,0,1
5060,6230.0,4.8,4.0,2024-05-24,2024-05-28,2024-05-30,Air,1325,1,2212.63,2212.63,Rainy,West,No,84.0,BlueDart,Traffic,0,0,1
5061,6150.0,3.0,4.0,2024-03-28,2024-04-01,2024-04-03,Sea,525,92,2695.77,248010.84,Clear,North,Yes,90.5,FedEx,,0,0,1
5062,3396.0,4.0,9.0,2024-10-30,2024-11-08,2024-11-07,Road,702,25,593.35,14833.75,Clear,East,No,98.8,BlueDart,Customs,1,0,1
5063,2628.0,2.9,2.0,2024-08-02,2024-08-04,2024-08-09,Air,1089,21,1085.01,22785.21,Rainy,West,Yes,84.6,Delhivery,,0,0,1
5064,1835.0,4.3,9.0,2024-04-28,2024-05-07,2024-05-10,Sea,1222,46,2140.74,98474.04,Storm,Central,No,73.6,DHL,Traffic,0,1,0
5065,5149.0,3.0,10.0,2024-05-17,2024-05-27,2024-06-01,Road,861,92,4404.84,405245.28,Storm,West,No,84.8,EcomExpress,Customs,0,0,1
5066,3223.0,4.4,9.0,2024-10-08,2024-10-17,2024-10-22,Air,967,95,536.84,50999.8,Cloudy,Central,Yes,74.1,BlueDart,Weather,0,0,1
5067,4877.0,3.7,3.0,2024-11-17,2024-11-20,2024-11-23,Air,837,85,1675.48,142415.8,Cloudy,East,No,93.0,EcomExpress,,0,1,0
5068,8481.0,2.8,7.0,2024-02-14,2024-02-21,2024-02-23,Sea,344,45,3436.03,154621.35,Cloudy,Central,Yes,71.6,FedEx,,0,0,1
5069,9719.0,2.9,5.0,2024-10-14,2024-10-19,2024-10-20,Air,1184,8,4971.85,39774.8,Rainy,West,Yes,87.9,Delhivery,Weather,0,0,1
5070,4528.0,3.5,7.0,2024-11-22,2024-11-29,2024-12-03,Road,1444,79,1234.31,97510.49,Cloudy,South,No,71.9,Delhivery,Traffic,0,0,1
5071,8630.0,3.2,2.0,2024-07-18,2024-07-20,2024-07-22,Road,787,43,3244.97,139533.71,Clear,East,No,74.7,FedEx,Operational,0,0,1
5072,2281.0,4.5,8.0,2024-03-21,2024-03-29,2024-04-02,Sea,1395,96,2375.98,228094.08,Rainy,North,Yes,89.0,DHL,Customs,0,0,1
5073,9137.0,4.1,7.0,2024-07-26,2024-08-02,2024-08-04,Road,688,69,753.95,52022.55,Clear,North,Yes,77.6,FedEx,Operational,0,0,1
5074,3398.0,4.7,5.0,2024-07-24,2024-07-29,2024-07-30,Air,583,90,419.65,37768.5,Clear,North,No,93.2,EcomExpress,Customs,0,0,1
5075,4950.0,5.0,2.0,2024-08-25,2024-08-27,2024-08-27,Sea,932,35,1061.72,37160.2,Cloudy,East,Yes,98.7,EcomExpress,,1,1,1
5076,6549.0,4.8,8.0,2024-10-07,2024-10-15,2024-10-19,Road,595,43,4382.19,188434.17,Cloudy,West,Yes,74.1,Delhivery,Traffic,0,0,1
5077,9400.0,4.9,7.0,2024-09-05,2024-09-12,2024-09-12,Road,847,76,2609.81,198345.56,Storm,Central,No,98.9,Delhivery,Operational,1,0,1
5078,6846.0,3.7,10.0,2024-01-13,2024-01-23,2024-01-22,Road,537,45,2796.94,125862.3,Storm,East,Yes,73.7,Delhivery,Weather,1,1,1
5079,6496.0,4.6,4.0,2024-09-06,2024-09-10,2024-09-14,Road,586,12,350.58,4206.96,Clear,South,Yes,70.8,FedEx,Weather,0,0,1
5080,3347.0,2.8,4.0,2024-01-07,2024-01-11,2024-01-16,Sea,1479,38,4727.48,179644.24,Storm,West,Yes,92.9,BlueDart,Traffic,0,1,0
5081,8200.0,4.4,7.0,2024-08-30,2024-09-06,2024-09-08,Road,1409,21,1700.93,35719.53,Clear,North,No,86.7,Delhivery,Operational,0,0,1
5082,5290.0,4.5,5.0,2024-02-14,2024-02-19,2024-02-23,Air,1263,26,3862.71,100430.46,Cloudy,North,Yes,79.5,Delhivery,Traffic,0,0,1
5083,4899.0,3.1,2.0,2024-04-24,2024-04-26,2024-04-26,Road,1426,76,106.34,8081.84,Storm,North,Yes,82.3,EcomExpress,Customs,1,0,1
5084,8496.0,4.7,4.0,2024-09-12,2024-09-16,2024-09-18,Air,1262,17,2349.41,39939.97,Clear,South,No,87.8,FedEx,Traffic,0,0,1
5085,8114.0,2.8,5.0,2024-04-18,2024-04-23,2024-04-24,Road,146,97,1203.35,116724.95,Cloudy,Central,Yes,93.1,FedEx,Operational,0,0,1
5086,5371.0,4.6,9.0,2024-11-04,2024-11-13,2024-11-13,Air,1145,6,3145.7,18874.2,Rainy,South,Yes,94.6,DHL,Traffic,1,0,1
5087,4090.0,4.9,4.0,2024-02-11,2024-02-15,2024-02-15,Air,1478,50,586.99,29349.5,Cloudy,Central,No,95.2,EcomExpress,,1,1,1
5088,1230.0,3.5,10.0,2024-09-14,2024-09-24,2024-09-23,Sea,817,4,371.02,1484.08,Storm,Central,Yes,76.7,FedEx,Weather,1,1,1
5089,3259.0,3.6,4.0,2024-01-28,2024-02-01,2024-02-02,Road,1092,74,1009.39,74694.86,Clear,South,No,93.8,DHL,Traffic,0,1,0
5090,7255.0,4.9,7.0,2024-05-25,2024-06-01,2024-06-06,Sea,1414,59,2528.33,149171.47,Rainy,South,No,78.9,EcomExpress,Weather,0,1,0
5091,5337.0,4.0,8.0,2024-06-20,2024-06-28,2024-07-03,Road,1250,19,2143.66,40729.54,Rainy,West,No,77.5,FedEx,Operational,0,0,1
5092,4653.0,4.9,6.0,2024-07-20,2024-07-26,2024-07-29,Road,585,52,133.18,6925.36,Rainy,East,Yes,90.3,FedEx,Weather,0,1,0
5093,4712.0,4.8,6.0,2024-01-20,2024-01-26,2024-01-31,Air,1372,47,2516.6,118280.2,Storm,Central,Yes,92.0,Delhivery,Weather,0,1,0
5094,6278.0,2.9,7.0,2024-11-18,2024-11-25,2024-11-24,Sea,297,82,3076.37,252262.34,Storm,Central,Yes,72.6,FedEx,Traffic,1,0,1
5095,9818.0,4.2,5.0,2024-10-11,2024-10-16,2024-10-15,Air,912,95,2634.64,250290.8,Clear,East,Yes,74.7,DHL,Weather,1,0,1
5096,3638.0,2.9,8.0,2024-05-06,2024-05-14,2024-05-16,Air,488,50,227.3,11365.0,Clear,West,Yes,73.9,Delhivery,Customs,0,0,1
5097,2082.0,3.1,10.0,2024-01-20,2024-01-30,2024-01-31,Air,1278,97,342.47,33219.59,Rainy,North,Yes,85.4,DHL,Operational,0,1,0
5098,8357.0,4.8,3.0,2024-06-23,2024-06-26,2024-06-26,Road,805,79,2961.67,233971.93,Storm,Central,Yes,79.5,FedEx,Traffic,1,1,1
5099,6819.0,4.4,9.0,2024-01-03,2024-01-12,2024-01-14,Road,264,56,1413.4,79150.4,Rainy,East,Yes,92.1,BlueDart,Customs,0,0,1
5100,5411.0,4.3,7.0,2024-08-24,2024-08-31,2024-09-01,Air,504,86,553.43,47594.98,Rainy,Central,No,71.5,BlueDart,,0,1,0
5101,2557.0,4.7,9.0,2024-09-29,2024-10-08,2024-10-10,Air,1409,29,3363.41,97538.89,Clear,South,Yes,84.9,Delhivery,Customs,0,1,0
5102,8863.0,3.4,10.0,2024-06-28,2024-07-08,2024-07-11,Road,991,42,554.49,23288.58,Rainy,East,No,71.3,FedEx,Operational,0,0,1
5103,3967.0,3.6,2.0,2024-03-17,2024-03-19,2024-03-23,Road,328,53,2187.06,115914.18,Rainy,North,Yes,84.6,Delhivery,Operational,0,1,0
5104,4962.0,3.7,4.0,2024-05-07,2024-05-11,2024-05-13,Air,960,48,3833.47,184006.56,Clear,South,Yes,78.8,BlueDart,Traffic,0,0,1
5105,6897.0,4.7,3.0,2024-03-03,2024-03-06,2024-03-11,Sea,693,69,4244.2,292849.8,Storm,South,No,70.8,Delhivery,Traffic,0,1,0
5106,7056.0,3.9,8.0,2024-04-20,2024-04-28,2024-05-03,Road,646,66,2559.35,168917.1,Cloudy,West,No,72.7,DHL,,0,1,0
5107,1672.0,3.5,5.0,2024-08-06,2024-08-11,2024-08-10,Air,1016,46,2494.55,114749.3,Storm,North,Yes,88.2,EcomExpress,,1,0,1
5108,1152.0,4.5,5.0,2024-08-18,2024-08-23,2024-08-22,Sea,1161,44,4834.08,212699.52,Storm,Central,Yes,90.8,FedEx,Customs,1,1,1
5109,1918.0,4.5,5.0,2024-02-03,2024-02-08,2024-02-13,Sea,1328,94,1937.98,182170.12,Clear,Central,Yes,82.8,EcomExpress,Customs,0,1,0
5110,3944.0,4.8,3.0,2024-10-25,2024-10-28,2024-10-29,Road,724,10,2332.4,23324.0,Storm,Central,Yes,95.3,FedEx,,0,0,1
5111,1289.0,3.7,6.0,2024-05-10,2024-05-16,2024-05-17,Sea,16,88,1533.53,134950.64,Rainy,South,Yes,76.5,BlueDart,Operational,0,0,1
5112,7887.0,3.4,7.0,2024-04-01,2024-04-08,2024-04-07,Air,1364,67,4952.23,331799.41,Cloudy,South,Yes,88.2,FedEx,Customs,1,0,1
5113,6299.0,3.3,4.0,2024-09-19,2024-09-23,2024-09-24,Sea,64,35,2179.91,76296.85,Cloudy,West,Yes,82.0,BlueDart,Customs,0,0,1
5114,5040.0,4.9,8.0,2024-01-06,2024-01-14,2024-01-16,Sea,1386,15,3747.85,56217.75,Rainy,North,Yes,84.1,Delhivery,Traffic,0,1,0
5115,2338.0,3.8,4.0,2024-07-17,2024-07-21,2024-07-23,Road,640,76,3851.55,292717.8,Cloudy,North,Yes,72.9,DHL,Customs,0,0,1
5116,2237.0,2.6,5.0,2024-09-17,2024-09-22,2024-09-27,Sea,1303,48,4129.99,198239.52,Clear,North,No,92.4,DHL,Weather,0,0,1
5117,1041.0,4.4,10.0,2024-04-21,2024-05-01,2024-05-06,Sea,665,48,157.92,7580.16,Clear,South,Yes,76.3,FedEx,Weather,0,1,0
5118,1515.0,3.7,9.0,2024-04-26,2024-05-05,2024-05-08,Sea,493,96,948.0,91008.0,Storm,East,Yes,94.8,BlueDart,Traffic,0,0,1
5119,9613.0,2.5,8.0,2024-04-23,2024-05-01,2024-05-02,Air,269,65,206.68,13434.2,Cloudy,West,No,88.0,BlueDart,Traffic,0,0,1
5120,5233.0,3.6,8.0,2024-01-18,2024-01-26,2024-01-26,Sea,802,50,3493.25,174662.5,Cloudy,North,Yes,73.7,FedEx,Operational,1,0,1
5121,4215.0,4.8,6.0,2024-04-17,2024-04-23,2024-04-25,Road,1300,57,2364.07,134751.99,Storm,West,No,80.0,FedEx,Operational,0,0,1
5122,5362.0,4.0,5.0,2024-10-13,2024-10-18,2024-10-20,Road,517,41,3046.12,124890.92,Storm,Central,Yes,86.8,EcomExpress,Customs,0,1,0
5123,4064.0,4.1,4.0,2024-04-02,2024-04-06,2024-04-08,Road,229,33,3206.53,105815.49,Clear,Central,No,74.1,FedEx,Operational,0,0,1
5124,4545.0,2.8,9.0,2024-06-26,2024-07-05,2024-07-10,Air,200,95,1913.04,181738.8,Storm,North,Yes,75.9,Delhivery,Customs,0,0,1
5125,6099.0,3.3,5.0,2024-02-03,2024-02-08,2024-02-09,Sea,1106,59,229.39,13534.01,Cloudy,North,Yes,96.9,DHL,Operational,0,1,0
5126,6265.0,2.5,9.0,2024-05-15,2024-05-24,2024-05-25,Air,1311,86,3188.97,274251.42,Cloudy,North,Yes,99.7,EcomExpress,,0,0,1
5127,9310.0,4.0,4.0,2024-01-26,2024-01-30,2024-01-31,Road,127,93,4253.5,395575.5,Rainy,South,Yes,97.5,DHL,,0,0,1
5128,3943.0,4.0,7.0,2024-05-23,2024-05-30,2024-06-01,Road,1388,34,4674.08,158918.72,Rainy,South,No,85.3,EcomExpress,,0,0,1
5129,4716.0,2.6,4.0,2024-07-01,2024-07-05,2024-07-10,Air,154,63,4706.24,296493.12,Cloudy,South,No,84.8,EcomExpress,,0,0,1
5130,1400.0,4.3,5.0,2024-06-03,2024-06-08,2024-06-12,Air,336,59,4169.72,246013.48,Storm,North,Yes,99.5,FedEx,,0,0,1
5131,2240.0,4.3,10.0,2024-04-11,2024-04-21,2024-04-22,Road,908,96,1570.48,150766.08,Storm,West,Yes,80.8,BlueDart,,0,0,1
5132,4935.0,4.6,7.0,2024-04-24,2024-05-01,2024-05-05,Sea,611,88,4398.09,387031.92,Clear,North,No,86.7,EcomExpress,Customs,0,0,1
5133,3165.0,2.7,5.0,2024-05-14,2024-05-19,2024-05-20,Air,594,40,2883.15,115326.0,Clear,West,Yes,87.3,DHL,Customs,0,0,1
5134,4048.0,2.7,10.0,2024-01-17,2024-01-27,2024-01-30,Sea,583,95,2948.4,280098.0,Clear,West,Yes,91.4,BlueDart,Customs,0,0,1
5135,8581.0,3.2,10.0,2024-01-04,2024-01-14,2024-01-15,Road,1293,83,1417.28,117634.24,Cloudy,West,No,91.2,FedEx,Traffic,0,0,1
5136,5102.0,4.7,10.0,2024-04-25,2024-05-05,2024-05-08,Sea,1453,65,4074.35,264832.75,Cloudy,South,Yes,77.5,BlueDart,,0,0,1
5137,2102.0,2.6,10.0,2024-02-13,2024-02-23,2024-02-24,Road,127,16,2665.35,42645.6,Storm,North,Yes,98.0,DHL,Traffic,0,0,1
5138,1672.0,2.8,6.0,2024-09-18,2024-09-24,2024-09-23,Air,108,51,3167.03,161518.53,Clear,West,No,96.1,BlueDart,Customs,1,0,1
5139,9814.0,4.0,9.0,2024-04-30,2024-05-09,2024-05-11,Sea,438,70,4819.57,337369.9,Rainy,South,No,84.3,EcomExpress,Operational,0,0,1
5140,4008.0,3.7,7.0,2024-09-23,2024-09-30,2024-09-29,Sea,878,50,4963.68,248184.0,Clear,West,Yes,75.9,DHL,,1,0,1
5141,9727.0,2.7,7.0,2024-03-17,2024-03-24,2024-03-25,Air,1452,8,2246.6,17972.8,Cloudy,East,Yes,72.5,Delhivery,Weather,0,1,0
5142,7596.0,3.9,6.0,2024-04-27,2024-05-03,2024-05-07,Air,1185,16,3767.26,60276.16,Storm,West,No,94.4,Delhivery,,0,1,0
5143,2933.0,3.2,6.0,2024-03-11,2024-03-17,2024-03-17,Road,422,24,480.82,11539.68,Rainy,West,Yes,97.3,Delhivery,,1,0,1
5144,6777.0,3.8,8.0,2024-09-05,2024-09-13,2024-09-18,Air,149,60,897.09,53825.4,Cloudy,South,No,71.1,EcomExpress,,0,0,1
5145,2937.0,2.6,2.0,2024-04-10,2024-04-12,2024-04-14,Sea,836,56,2978.58,166800.48,Rainy,Central,No,77.7,FedEx,Weather,0,0,1
5146,5310.0,3.6,6.0,2024-03-17,2024-03-23,2024-03-28,Sea,1126,98,2832.06,277541.88,Storm,East,No,79.1,Delhivery,Operational,0,1,0
5147,1193.0,4.1,9.0,2024-05-12,2024-05-21,2024-05-25,Road,1045,44,2548.06,112114.64,Cloudy,Central,Yes,73.6,DHL,Traffic,0,1,0
5148,5249.0,4.4,7.0,2024-11-11,2024-11-18,2024-11-19,Sea,944,10,2870.23,28702.3,Cloudy,North,Yes,77.3,DHL,Operational,0,0,1
5149,7720.0,4.4,6.0,2024-08-28,2024-09-03,2024-09-06,Air,957,10,2292.32,22923.2,Clear,West,Yes,81.8,DHL,Weather,0,0,1
5150,3907.0,3.1,2.0,2024-03-03,2024-03-05,2024-03-09,Sea,826,65,2494.53,162144.45,Storm,North,Yes,71.0,EcomExpress,,0,1,0
5151,2447.0,4.6,8.0,2024-05-25,2024-06-02,2024-06-05,Road,208,6,3699.8,22198.8,Cloudy,Central,No,87.4,DHL,Customs,0,1,0
5152,1365.0,2.7,5.0,2024-08-08,2024-08-13,2024-08-13,Sea,677,80,3878.33,310266.4,Clear,East,No,88.2,FedEx,Operational,1,0,1
5153,9620.0,2.6,4.0,2024-11-01,2024-11-05,2024-11-08,Sea,99,6,1753.09,10518.54,Clear,South,No,71.8,DHL,Traffic,0,0,1
5154,4518.0,4.4,5.0,2024-08-01,2024-08-06,2024-08-06,Sea,87,80,1229.69,98375.2,Rainy,South,Yes,81.4,DHL,Weather,1,0,1
5155,2169.0,3.7,5.0,2024-10-24,2024-10-29,2024-10-29,Air,1280,83,4776.71,396466.93,Storm,Central,Yes,89.3,Delhivery,Customs,1,0,1
5156,5668.0,2.9,9.0,2024-07-07,2024-07-16,2024-07-17,Air,37,24,1475.74,35417.76,Cloudy,Central,No,72.1,FedEx,,0,1,0
5157,1194.0,3.7,8.0,2024-07-09,2024-07-17,2024-07-17,Sea,745,38,3107.7,118092.6,Rainy,North,Yes,76.3,Delhivery,Weather,1,0,1
5158,8272.0,2.5,9.0,2024-08-31,2024-09-09,2024-09-09,Road,627,21,4105.69,86219.49,Cloudy,South,Yes,84.5,Delhivery,Weather,1,1,1
5159,3046.0,4.1,2.0,2024-04-15,2024-04-17,2024-04-20,Air,277,74,2139.35,158311.9,Cloudy,East,No,83.7,BlueDart,,0,0,1
5160,5522.0,3.0,6.0,2024-01-06,2024-01-12,2024-01-13,Sea,1078,62,2576.24,159726.88,Cloudy,Central,Yes,90.5,FedEx,,0,1,0
5161,7532.0,4.9,8.0,2024-09-17,2024-09-25,2024-09-30,Sea,1090,21,2168.75,45543.75,Clear,East,No,93.8,FedEx,Traffic,0,0,1
5162,6693.0,3.5,4.0,2024-08-30,2024-09-03,2024-09-06,Road,521,53,4450.56,235879.68,Cloudy,Central,Yes,91.3,FedEx,Customs,0,0,1
5163,5246.0,4.8,5.0,2024-08-26,2024-08-31,2024-09-05,Air,832,31,1250.9,38777.9,Storm,East,Yes,70.7,EcomExpress,Customs,0,0,1
5164,6923.0,3.9,2.0,2024-03-07,2024-03-09,2024-03-13,Road,158,65,4628.85,300875.25,Clear,East,No,94.4,DHL,,0,0,1
5165,1352.0,3.1,8.0,2024-11-10,2024-11-18,2024-11-19,Road,968,31,3171.2,98307.2,Clear,South,No,73.4,BlueDart,Weather,0,1,0
5166,9336.0,2.9,9.0,2024-01-04,2024-01-13,2024-01-15,Road,923,53,4674.87,247768.11,Storm,West,Yes,88.1,DHL,Customs,0,0,1
5167,7765.0,3.7,8.0,2024-05-04,2024-05-12,2024-05-11,Road,919,56,2531.38,141757.28,Clear,North,No,98.2,EcomExpress,Customs,1,1,1
5168,9636.0,3.9,9.0,2024-06-18,2024-06-27,2024-07-01,Sea,686,86,1245.69,107129.34,Clear,Central,Yes,92.4,Delhivery,Operational,0,0,1
5169,4206.0,4.7,3.0,2024-05-08,2024-05-11,2024-05-14,Sea,263,100,4293.89,429389.0,Rainy,South,Yes,83.5,FedEx,Customs,0,0,1
5170,9689.0,3.8,7.0,2024-04-10,2024-04-17,2024-04-16,Sea,352,77,1477.81,113791.37,Storm,South,Yes,80.8,EcomExpress,Operational,1,0,1
5171,8671.0,4.9,8.0,2024-01-26,2024-02-03,2024-02-05,Air,472,100,2153.37,215337.0,Storm,West,No,98.0,BlueDart,Weather,0,0,1
5172,6897.0,4.3,9.0,2024-08-22,2024-08-31,2024-09-01,Air,911,83,4343.12,360478.96,Clear,North,Yes,77.1,EcomExpress,,0,0,1
5173,6892.0,4.8,5.0,2024-02-25,2024-03-01,2024-03-01,Sea,1001,42,4976.26,209002.92,Rainy,Central,Yes,86.7,DHL,Customs,1,1,1
5174,9845.0,4.4,5.0,2024-02-12,2024-02-17,2024-02-19,Sea,315,20,2982.67,59653.4,Clear,West,Yes,97.9,FedEx,Traffic,0,0,1
5175,3538.0,4.4,10.0,2024-08-04,2024-08-14,2024-08-16,Sea,979,62,4428.87,274589.94,Rainy,East,No,74.3,Delhivery,Weather,0,1,0
5176,9690.0,3.6,5.0,2024-07-21,2024-07-26,2024-07-25,Sea,1420,22,3507.92,77174.24,Rainy,South,No,98.3,FedEx,Customs,1,1,1
5177,8434.0,4.6,5.0,2024-06-20,2024-06-25,2024-06-26,Air,188,57,832.06,47427.42,Cloudy,North,No,77.3,BlueDart,Customs,0,0,1
5178,6992.0,4.9,5.0,2024-09-15,2024-09-20,2024-09-21,Road,1411,81,4272.45,346068.45,Clear,West,No,79.3,EcomExpress,Traffic,0,1,0
5179,4107.0,3.6,6.0,2024-04-22,2024-04-28,2024-05-01,Road,321,50,844.75,42237.5,Clear,Central,Yes,81.0,EcomExpress,,0,0,1
5180,6659.0,4.6,8.0,2024-07-16,2024-07-24,2024-07-26,Road,1348,90,2744.78,247030.2,Rainy,Central,No,86.9,BlueDart,,0,0,1
5181,4269.0,3.8,7.0,2024-07-10,2024-07-17,2024-07-16,Air,524,56,2465.98,138094.88,Clear,Central,Yes,90.1,EcomExpress,Traffic,1,0,1
5182,1266.0,3.4,8.0,2024-07-15,2024-07-23,2024-07-27,Air,544,79,415.32,32810.28,Rainy,Central,Yes,99.7,EcomExpress,Operational,0,0,1
5183,5196.0,4.2,3.0,2024-03-25,2024-03-28,2024-04-01,Sea,1047,20,3491.45,69829.0,Rainy,South,No,92.0,FedEx,Traffic,0,0,1
5184,7632.0,4.7,7.0,2024-06-03,2024-06-10,2024-06-12,Road,1023,46,718.16,33035.36,Cloudy,Central,Yes,76.8,Delhivery,,0,0,1
5185,9472.0,3.4,2.0,2024-09-14,2024-09-16,2024-09-19,Air,1290,99,1031.1,102078.9,Cloudy,West,Yes,76.0,DHL,Operational,0,1,0
5186,6265.0,3.1,10.0,2024-02-15,2024-02-25,2024-02-24,Sea,396,81,4283.08,346929.48,Clear,East,Yes,85.9,DHL,Weather,1,0,1
5187,3585.0,3.2,6.0,2024-01-18,2024-01-24,2024-01-25,Road,634,4,1120.92,4483.68,Clear,East,Yes,73.2,BlueDart,,0,0,1
5188,8736.0,2.9,5.0,2024-10-27,2024-11-01,2024-10-31,Air,1395,69,434.27,29964.63,Clear,West,No,74.7,FedEx,,1,1,1
5189,4043.0,4.5,10.0,2024-07-13,2024-07-23,2024-07-27,Road,1078,95,4014.21,381349.95,Rainy,Central,Yes,77.9,DHL,Weather,0,1,0
5190,4714.0,2.7,2.0,2024-09-13,2024-09-15,2024-09-18,Sea,1223,39,2935.93,114501.27,Clear,Central,No,71.5,BlueDart,Weather,0,0,1
5191,4319.0,3.7,5.0,2024-11-07,2024-11-12,2024-11-12,Air,1365,60,3163.05,189783.0,Cloudy,North,No,75.3,BlueDart,Traffic,1,0,1
5192,4982.0,3.4,9.0,2024-05-26,2024-06-04,2024-06-03,Road,1303,52,1798.0,93496.0,Storm,South,No,86.6,FedEx,Traffic,1,1,1
5193,6388.0,4.8,4.0,2024-07-19,2024-07-23,2024-07-24,Sea,223,76,2474.07,188029.32,Rainy,Central,Yes,77.9,BlueDart,Customs,0,0,1
5194,1836.0,3.8,7.0,2024-07-18,2024-07-25,2024-07-28,Sea,1099,74,4632.2,342782.8,Rainy,South,Yes,91.6,DHL,Operational,0,0,1
5195,3527.0,3.5,2.0,2024-09-07,2024-09-09,2024-09-14,Sea,1347,71,807.31,57319.01,Cloudy,East,No,90.2,DHL,Customs,0,1,0
5196,8138.0,3.5,2.0,2024-06-07,2024-06-09,2024-06-11,Sea,1499,47,4109.77,193159.19,Rainy,South,Yes,77.7,BlueDart,Traffic,0,0,1
5197,5811.0,3.6,9.0,2024-05-17,2024-05-26,2024-05-27,Air,959,72,2829.25,203706.0,Clear,East,Yes,80.9,Delhivery,Customs,0,0,1
5198,2131.0,4.7,3.0,2024-05-11,2024-05-14,2024-05-16,Air,580,41,734.74,30124.34,Cloudy,Central,No,84.9,EcomExpress,Weather,0,1,0
5199,3471.0,3.4,9.0,2024-03-11,2024-03-20,2024-03-25,Air,1050,39,935.36,36479.04,Rainy,Central,No,90.8,Delhivery,Customs,0,0,1
5200,2300.0,4.6,5.0,2024-03-11,2024-03-16,2024-03-20,Air,886,93,4403.05,409483.65,Storm,West,No,77.9,DHL,Customs,0,0,1
5201,2753.0,3.8,2.0,2024-04-26,2024-04-28,2024-04-30,Road,1454,91,1631.69,148483.79,Storm,West,No,83.1,Delhivery,,0,0,1
5202,2364.0,4.9,5.0,2024-02-17,2024-02-22,2024-02-26,Sea,932,44,2449.17,107763.48,Cloudy,Central,Yes,99.4,DHL,Customs,0,1,0
5203,9485.0,3.6,8.0,2024-11-16,2024-11-24,2024-11-24,Air,1406,26,965.64,25106.64,Clear,Central,No,90.8,BlueDart,,1,1,1
5204,9549.0,4.6,9.0,2024-10-05,2024-10-14,2024-10-16,Sea,795,27,1291.06,34858.62,Storm,Central,Yes,77.8,FedEx,Weather,0,1,0
5205,6064.0,3.9,9.0,2024-01-17,2024-01-26,2024-01-29,Road,411,79,4496.32,355209.28,Cloudy,North,No,82.2,Delhivery,Traffic,0,0,1
5206,2333.0,2.8,3.0,2024-03-02,2024-03-05,2024-03-09,Air,63,33,1601.17,52838.61,Cloudy,Central,Yes,93.7,BlueDart,Traffic,0,1,0
5207,8093.0,3.1,2.0,2024-01-19,2024-01-21,2024-01-20,Road,738,29,1510.35,43800.15,Clear,South,No,99.8,DHL,Operational,1,0,1
5208,8494.0,3.8,2.0,2024-07-05,2024-07-07,2024-07-07,Air,191,62,3017.73,187099.26,Cloudy,Central,No,76.8,EcomExpress,Weather,1,0,1
5209,5430.0,4.9,4.0,2024-09-23,2024-09-27,2024-10-02,Road,1220,2,3451.21,6902.42,Rainy,North,Yes,95.7,FedEx,Operational,0,0,1
5210,2526.0,2.8,7.0,2024-10-22,2024-10-29,2024-10-31,Air,20,89,2878.84,256216.76,Rainy,North,Yes,96.5,Delhivery,Operational,0,0,1
5211,6018.0,4.3,9.0,2024-11-16,2024-11-25,2024-11-26,Road,567,19,3781.44,71847.36,Storm,Central,Yes,82.1,EcomExpress,,0,1,0
5212,1935.0,3.3,5.0,2024-11-11,2024-11-16,2024-11-18,Road,155,49,667.86,32725.14,Clear,South,No,78.0,BlueDart,Traffic,0,0,1
5213,3231.0,5.0,7.0,2024-08-26,2024-09-02,2024-09-06,Road,682,89,2266.03,201676.67,Storm,West,Yes,89.3,BlueDart,,0,0,1
5214,5341.0,5.0,4.0,2024-05-08,2024-05-12,2024-05-16,Road,1175,44,1635.14,71946.16,Clear,East,No,84.3,FedEx,Traffic,0,0,1
5215,4924.0,3.9,7.0,2024-02-17,2024-02-24,2024-02-26,Air,1292,70,3690.73,258351.1,Storm,South,Yes,80.0,DHL,Traffic,0,1,0
5216,1553.0,2.9,3.0,2024-01-25,2024-01-28,2024-02-02,Road,1347,42,309.6,13003.2,Cloudy,North,No,82.0,Delhivery,Traffic,0,0,1
5217,6180.0,2.9,4.0,2024-11-07,2024-11-11,2024-11-10,Road,623,59,2414.18,142436.62,Cloudy,East,Yes,80.1,EcomExpress,Weather,1,0,1
5218,1246.0,4.5,8.0,2024-08-28,2024-09-05,2024-09-08,Sea,193,82,598.42,49070.44,Storm,South,No,81.9,BlueDart,Traffic,0,0,1
5219,4841.0,4.0,10.0,2024-06-20,2024-06-30,2024-07-05,Air,556,65,3904.85,253815.25,Clear,East,Yes,91.2,FedEx,,0,0,1
5220,7066.0,3.7,5.0,2024-08-20,2024-08-25,2024-08-26,Road,1200,72,770.96,55509.12,Cloudy,South,Yes,80.3,BlueDart,,0,0,1
5221,9613.0,3.0,9.0,2024-11-22,2024-12-01,2024-12-06,Air,988,11,1128.49,12413.39,Cloudy,East,Yes,83.2,EcomExpress,Traffic,0,0,1
5222,9789.0,2.6,3.0,2024-01-02,2024-01-05,2024-01-10,Road,1340,19,3784.62,71907.78,Rainy,North,Yes,92.1,BlueDart,Customs,0,0,1
5223,2672.0,3.6,3.0,2024-08-31,2024-09-03,2024-09-02,Sea,167,55,1326.37,72950.35,Rainy,South,No,70.9,BlueDart,,1,1,1
5224,1903.0,4.0,6.0,2024-02-15,2024-02-21,2024-02-26,Sea,476,70,1848.34,129383.8,Storm,North,Yes,96.1,Delhivery,Traffic,0,0,1
5225,4441.0,2.8,7.0,2024-04-28,2024-05-05,2024-05-04,Air,1189,55,677.29,37250.95,Cloudy,Central,Yes,72.8,DHL,,1,1,1
5226,3788.0,4.0,2.0,2024-06-04,2024-06-06,2024-06-07,Road,1248,45,4941.2,222354.0,Storm,East,Yes,77.5,BlueDart,Weather,0,0,1
5227,4434.0,3.0,5.0,2024-01-14,2024-01-19,2024-01-18,Air,302,53,460.65,24414.45,Storm,South,No,77.4,EcomExpress,Weather,1,1,1
5228,2583.0,3.1,5.0,2024-05-08,2024-05-13,2024-05-17,Sea,1268,100,2157.38,215738.0,Rainy,North,Yes,99.8,Delhivery,Weather,0,0,1
5229,1937.0,2.6,8.0,2024-09-02,2024-09-10,2024-09-15,Sea,52,49,1058.91,51886.59,Rainy,Central,Yes,74.7,DHL,,0,0,1
5230,1927.0,4.3,8.0,2024-05-09,2024-05-17,2024-05-19,Road,52,36,1371.99,49391.64,Storm,South,No,86.7,DHL,,0,0,1
5231,6873.0,3.0,3.0,2024-11-08,2024-11-11,2024-11-11,Air,1224,5,4447.64,22238.2,Clear,South,Yes,80.5,DHL,Traffic,1,0,1
5232,2868.0,2.6,9.0,2024-05-29,2024-06-07,2024-06-08,Sea,1416,3,2853.68,8561.04,Rainy,West,No,70.5,FedEx,Operational,0,0,1
5233,8661.0,4.0,6.0,2024-04-06,2024-04-12,2024-04-12,Air,369,98,1185.99,116227.02,Cloudy,East,Yes,94.6,FedEx,Customs,1,1,1
5234,8093.0,4.4,9.0,2024-01-05,2024-01-14,2024-01-18,Road,1164,95,2308.92,219347.4,Cloudy,North,No,91.0,FedEx,Traffic,0,0,1
5235,6518.0,4.3,8.0,2024-05-07,2024-05-15,2024-05-20,Road,594,8,4718.28,37746.24,Cloudy,Central,No,98.0,DHL,Operational,0,0,1
5236,6774.0,3.5,9.0,2024-07-11,2024-07-20,2024-07-22,Sea,1152,30,2068.52,62055.6,Rainy,Central,Yes,70.0,DHL,Customs,0,0,1
5237,6639.0,4.7,5.0,2024-01-22,2024-01-27,2024-01-30,Air,230,60,439.38,26362.8,Cloudy,West,Yes,80.4,Delhivery,Customs,0,0,1
5238,2044.0,2.8,9.0,2024-07-22,2024-07-31,2024-08-02,Sea,487,33,1710.78,56455.74,Storm,North,Yes,79.0,Delhivery,Weather,0,0,1
5239,3480.0,4.7,9.0,2024-09-21,2024-09-30,2024-10-05,Air,1373,80,2424.23,193938.4,Cloudy,Central,No,93.2,BlueDart,Operational,0,1,0
5240,4312.0,3.7,6.0,2024-05-12,2024-05-18,2024-05-20,Sea,1031,99,4352.59,430906.41,Rainy,South,Yes,76.5,Delhivery,Customs,0,1,0
5241,8649.0,2.9,3.0,2024-01-16,2024-01-19,2024-01-21,Sea,1046,46,518.44,23848.24,Rainy,South,Yes,91.3,BlueDart,,0,0,1
5242,2777.0,4.9,6.0,2024-02-09,2024-02-15,2024-02-18,Air,1466,74,3608.98,267064.52,Storm,East,No,93.3,FedEx,,0,0,1
5243,4436.0,3.4,2.0,2024-05-30,2024-06-01,2024-06-02,Road,1022,8,4944.34,39554.72,Clear,East,No,72.7,DHL,Operational,0,0,1
5244,2223.0,4.6,3.0,2024-05-23,2024-05-26,2024-05-31,Air,964,77,1463.04,112654.08,Cloudy,East,No,88.2,EcomExpress,Traffic,0,0,1
5245,7886.0,3.4,10.0,2024-06-18,2024-06-28,2024-06-27,Air,658,52,1554.19,80817.88,Cloudy,North,Yes,87.6,DHL,Weather,1,0,1
5246,9988.0,3.4,10.0,2024-02-12,2024-02-22,2024-02-21,Road,256,14,2004.93,28069.02,Rainy,South,Yes,95.0,Delhivery,Customs,1,0,1
5247,6133.0,2.7,6.0,2024-02-28,2024-03-05,2024-03-05,Road,925,10,1255.64,12556.4,Storm,West,No,96.4,BlueDart,,1,0,1
5248,5587.0,3.7,6.0,2024-07-13,2024-07-19,2024-07-19,Road,501,73,4199.35,306552.55,Storm,North,Yes,76.5,BlueDart,Traffic,1,1,1
5249,3057.0,3.4,7.0,2024-07-23,2024-07-30,2024-08-01,Road,1023,13,4454.25,57905.25,Storm,West,Yes,79.1,FedEx,Customs,0,0,1
5250,7242.0,2.5,4.0,2024-03-21,2024-03-25,2024-03-30,Sea,134,8,863.89,6911.12,Storm,West,No,95.7,Delhivery,,0,0,1
5251,3964.0,3.3,5.0,2024-04-02,2024-04-07,2024-04-07,Air,948,40,1520.27,60810.8,Cloudy,Central,Yes,98.0,Delhivery,Operational,1,0,1
5252,5340.0,3.4,5.0,2024-11-01,2024-11-06,2024-11-06,Road,1180,16,4965.6,79449.6,Rainy,South,Yes,81.7,Delhivery,Traffic,1,0,1
5253,6883.0,4.3,10.0,2024-02-26,2024-03-07,2024-03-06,Road,40,77,928.16,71468.32,Rainy,North,Yes,77.7,DHL,Customs,1,0,1
5254,2165.0,3.1,6.0,2024-07-29,2024-08-04,2024-08-03,Road,313,9,2408.56,21677.04,Storm,North,Yes,76.5,DHL,Operational,1,0,1
5255,5488.0,4.9,3.0,2024-06-04,2024-06-07,2024-06-06,Air,315,45,814.29,36643.05,Cloudy,East,Yes,91.6,BlueDart,Traffic,1,0,1
5256,4708.0,3.0,3.0,2024-05-02,2024-05-05,2024-05-05,Road,1190,48,3147.5,151080.0,Rainy,East,No,85.4,BlueDart,,1,0,1
5257,3369.0,2.6,6.0,2024-08-14,2024-08-20,2024-08-24,Road,542,27,3871.22,104522.94,Cloudy,Central,No,88.3,Delhivery,Customs,0,0,1
5258,2799.0,4.3,5.0,2024-03-06,2024-03-11,2024-03-12,Road,391,38,1522.8,57866.4,Cloudy,North,No,86.0,EcomExpress,,0,0,1
5259,5490.0,3.7,4.0,2024-10-30,2024-11-03,2024-11-06,Air,807,2,693.95,1387.9,Cloudy,West,No,96.9,FedEx,Customs,0,0,1
5260,9297.0,3.8,5.0,2024-03-27,2024-04-01,2024-04-03,Air,1334,2,1294.41,2588.82,Storm,Central,Yes,99.1,BlueDart,,0,0,1
5261,1301.0,4.3,7.0,2024-04-26,2024-05-03,2024-05-06,Air,464,15,1181.49,17722.35,Clear,East,No,100.0,BlueDart,Traffic,0,0,1
5262,6196.0,3.1,10.0,2024-11-11,2024-11-21,2024-11-21,Air,320,41,1594.12,65358.92,Cloudy,South,Yes,91.9,FedEx,Customs,1,0,1
5263,3204.0,3.2,5.0,2024-06-12,2024-06-17,2024-06-17,Sea,102,9,1274.62,11471.58,Clear,West,Yes,79.1,BlueDart,Traffic,1,0,1
5264,9270.0,3.5,9.0,2024-02-25,2024-03-05,2024-03-04,Air,1050,65,4441.15,288674.75,Storm,Central,No,97.9,EcomExpress,Customs,1,1,1
5265,2518.0,4.8,4.0,2024-01-04,2024-01-08,2024-01-12,Sea,278,69,2994.59,206626.71,Storm,West,No,99.7,BlueDart,Operational,0,0,1
5266,6186.0,4.9,6.0,2024-11-02,2024-11-08,2024-11-10,Air,758,94,743.72,69909.68,Rainy,North,Yes,78.9,DHL,Operational,0,1,0
5267,8248.0,4.2,4.0,2024-02-22,2024-02-26,2024-03-01,Air,911,13,3934.32,51146.16,Rainy,West,No,74.3,FedEx,Traffic,0,0,1
5268,3806.0,4.5,6.0,2024-07-13,2024-07-19,2024-07-20,Road,1320,90,129.6,11664.0,Cloudy,South,Yes,77.2,FedEx,Weather,0,1,0
5269,6558.0,3.8,6.0,2024-10-29,2024-11-04,2024-11-04,Air,513,15,3936.48,59047.2,Cloudy,West,Yes,96.0,EcomExpress,,1,0,1
5270,8977.0,3.2,10.0,2024-01-18,2024-01-28,2024-01-28,Air,637,20,1546.54,30930.8,Clear,South,Yes,92.7,Delhivery,Customs,1,0,1
5271,7043.0,4.6,5.0,2024-01-29,2024-02-03,2024-02-06,Air,1238,61,986.1,60152.1,Cloudy,North,Yes,73.6,Delhivery,Weather,0,0,1
5272,6800.0,4.6,3.0,2024-03-13,2024-03-16,2024-03-20,Road,435,68,1052.67,71581.56,Cloudy,West,Yes,74.8,FedEx,Traffic,0,0,1
5273,3037.0,2.9,4.0,2024-05-16,2024-05-20,2024-05-22,Sea,1297,92,2641.36,243005.12,Rainy,East,Yes,77.0,DHL,Weather,0,0,1
5274,9371.0,2.5,4.0,2024-05-16,2024-05-20,2024-05-22,Road,183,60,3714.94,222896.4,Storm,West,Yes,89.4,Delhivery,Weather,0,0,1
5275,7147.0,3.8,4.0,2024-11-21,2024-11-25,2024-11-24,Sea,810,96,4594.57,441078.72,Clear,South,No,73.3,BlueDart,Weather,1,0,1
5276,1911.0,2.8,8.0,2024-06-12,2024-06-20,2024-06-20,Air,950,11,2006.86,22075.46,Cloudy,South,Yes,70.3,Delhivery,,1,0,1
5277,2795.0,3.2,10.0,2024-11-18,2024-11-28,2024-11-30,Road,40,31,1418.16,43962.96,Storm,North,Yes,74.0,BlueDart,Customs,0,0,1
5278,7880.0,2.9,10.0,2024-08-09,2024-08-19,2024-08-20,Road,303,62,3622.32,224583.84,Rainy,South,Yes,93.4,EcomExpress,,0,0,1
5279,6263.0,3.2,5.0,2024-01-02,2024-01-07,2024-01-10,Air,1110,88,360.39,31714.32,Rainy,North,Yes,91.9,Delhivery,Weather,0,0,1
5280,6415.0,3.9,8.0,2024-09-12,2024-09-20,2024-09-23,Road,619,62,4363.23,270520.26,Rainy,Central,Yes,99.3,BlueDart,Operational,0,0,1
5281,4508.0,2.5,3.0,2024-07-22,2024-07-25,2024-07-26,Sea,561,16,3757.12,60113.92,Cloudy,Central,Yes,92.9,FedEx,Traffic,0,0,1
5282,6285.0,3.4,4.0,2024-09-05,2024-09-09,2024-09-14,Road,834,25,526.38,13159.5,Rainy,East,No,91.3,BlueDart,,0,0,1
5283,5208.0,4.1,6.0,2024-01-06,2024-01-12,2024-01-17,Air,886,61,4110.61,250747.21,Storm,South,No,76.2,BlueDart,Operational,0,1,0
5284,4354.0,4.2,6.0,2024-04-21,2024-04-27,2024-05-02,Road,229,82,1671.13,137032.66,Rainy,North,No,90.8,DHL,Weather,0,1,0
5285,7853.0,3.4,7.0,2024-10-26,2024-11-02,2024-11-06,Air,758,70,3771.19,263983.3,Cloudy,North,No,86.6,BlueDart,,0,1,0
5286,7006.0,2.5,6.0,2024-03-18,2024-03-24,2024-03-23,Road,350,19,2922.79,55533.01,Clear,North,No,83.5,BlueDart,Customs,1,0,1
5287,6949.0,2.7,7.0,2024-08-02,2024-08-09,2024-08-11,Air,951,23,4924.75,113269.25,Cloudy,South,No,70.4,FedEx,,0,0,1
5288,8973.0,4.0,6.0,2024-07-21,2024-07-27,2024-07-28,Sea,1036,77,1023.71,78825.67,Storm,Central,No,95.8,BlueDart,Operational,0,1,0
5289,6799.0,3.8,8.0,2024-11-18,2024-11-26,2024-12-01,Sea,773,20,4130.66,82613.2,Rainy,East,Yes,73.2,Delhivery,Customs,0,0,1
5290,8173.0,3.8,3.0,2024-07-20,2024-07-23,2024-07-26,Road,964,2,3239.1,6478.2,Rainy,West,No,89.4,Delhivery,,0,1,0
5291,7729.0,3.2,4.0,2024-11-20,2024-11-24,2024-11-25,Sea,1044,32,3676.79,117657.28,Cloudy,North,Yes,70.5,FedEx,Weather,0,0,1
5292,5904.0,2.6,3.0,2024-10-29,2024-11-01,2024-11-01,Road,1237,90,4349.51,391455.9,Cloudy,Central,Yes,73.7,DHL,Operational,1,0,1
5293,5793.0,4.1,2.0,2024-05-01,2024-05-03,2024-05-02,Road,664,82,833.39,68337.98,Rainy,North,Yes,77.4,EcomExpress,Traffic,1,0,1
5294,6883.0,4.1,7.0,2024-07-10,2024-07-17,2024-07-16,Road,321,58,1429.36,82902.88,Cloudy,West,No,87.6,BlueDart,Customs,1,0,1
5295,8848.0,3.1,6.0,2024-02-07,2024-02-13,2024-02-17,Road,186,24,3251.19,78028.56,Cloudy,East,No,99.9,BlueDart,,0,0,1
5296,4490.0,4.5,2.0,2024-02-15,2024-02-17,2024-02-17,Road,90,58,729.25,42296.5,Cloudy,East,Yes,77.9,Delhivery,Operational,1,0,1
5297,2013.0,3.8,7.0,2024-01-21,2024-01-28,2024-01-30,Sea,1032,9,2172.44,19551.96,Cloudy,North,No,76.5,Delhivery,Weather,0,1,0
5298,2497.0,3.4,10.0,2024-11-22,2024-12-02,2024-12-01,Road,150,91,3801.45,345931.95,Clear,West,No,84.6,Delhivery,,1,0,1
5299,8188.0,3.4,6.0,2024-03-22,2024-03-28,2024-03-30,Sea,433,38,1800.04,68401.52,Cloudy,Central,Yes,79.8,DHL,Traffic,0,0,1
5300,2233.0,4.1,8.0,2024-02-03,2024-02-11,2024-02-10,Road,766,60,1297.55,77853.0,Clear,Central,No,72.8,EcomExpress,Weather,1,1,1
5301,7583.0,4.8,9.0,2024-09-13,2024-09-22,2024-09-24,Sea,300,70,3896.73,272771.1,Storm,East,Yes,86.1,FedEx,Weather,0,0,1
5302,2891.0,2.5,3.0,2024-10-31,2024-11-03,2024-11-03,Air,1479,47,3062.47,143936.09,Rainy,West,Yes,78.7,EcomExpress,Customs,1,0,1
5303,7193.0,2.7,2.0,2024-03-27,2024-03-29,2024-04-01,Air,994,69,973.9,67199.1,Rainy,Central,Yes,74.5,DHL,Traffic,0,0,1
5304,4883.0,3.6,4.0,2024-04-29,2024-05-03,2024-05-05,Air,1290,41,238.25,9768.25,Clear,East,Yes,93.4,DHL,Weather,0,0,1
5305,8824.0,4.7,2.0,2024-09-27,2024-09-29,2024-10-04,Air,368,53,3287.69,174247.57,Storm,North,Yes,74.2,DHL,Weather,0,0,1
5306,1131.0,4.4,8.0,2024-01-09,2024-01-17,2024-01-20,Sea,66,47,3909.75,183758.25,Clear,Central,Yes,96.8,BlueDart,Weather,0,0,1
5307,6388.0,4.6,10.0,2024-11-15,2024-11-25,2024-11-27,Air,196,25,1078.78,26969.5,Storm,South,No,86.1,BlueDart,Customs,0,0,1
5308,7539.0,4.5,10.0,2024-03-23,2024-04-02,2024-04-07,Road,657,92,486.49,44757.08,Storm,North,Yes,96.5,Delhivery,,0,1,0
5309,9274.0,4.4,6.0,2024-07-17,2024-07-23,2024-07-27,Air,905,37,3621.31,133988.47,Storm,West,No,77.4,DHL,Customs,0,0,1
5310,6525.0,2.8,2.0,2024-11-05,2024-11-07,2024-11-10,Air,317,78,2002.81,156219.18,Cloudy,East,Yes,77.4,BlueDart,Customs,0,0,1
5311,8882.0,4.7,3.0,2024-08-07,2024-08-10,2024-08-14,Sea,469,89,773.33,68826.37,Clear,Central,Yes,81.6,FedEx,,0,0,1
5312,5353.0,3.8,9.0,2024-09-17,2024-09-26,2024-09-27,Air,109,76,155.65,11829.4,Rainy,South,No,96.3,DHL,Customs,0,0,1
5313,4887.0,3.2,7.0,2024-11-18,2024-11-25,2024-11-25,Road,725,8,2730.4,21843.2,Clear,South,No,90.2,FedEx,Customs,1,0,1
5314,3275.0,3.6,5.0,2024-09-11,2024-09-16,2024-09-19,Sea,498,21,4612.35,96859.35,Cloudy,North,Yes,81.7,Delhivery,Customs,0,0,1
5315,5124.0,4.2,6.0,2024-05-23,2024-05-29,2024-06-03,Air,834,16,4719.96,75519.36,Rainy,North,No,83.5,Delhivery,Weather,0,0,1
5316,8875.0,2.8,5.0,2024-08-30,2024-09-04,2024-09-05,Road,142,65,2015.62,131015.3,Clear,West,Yes,84.9,EcomExpress,Weather,0,0,1
5317,5834.0,2.6,4.0,2024-09-05,2024-09-09,2024-09-09,Road,437,83,2711.88,225086.04,Clear,North,Yes,96.1,Delhivery,Customs,1,0,1
5318,4430.0,4.2,4.0,2024-10-31,2024-11-04,2024-11-09,Road,908,31,4203.82,130318.42,Clear,West,Yes,93.1,BlueDart,,0,0,1
5319,6202.0,3.7,10.0,2024-09-09,2024-09-19,2024-09-20,Air,829,91,599.76,54578.16,Clear,East,No,93.7,EcomExpress,Weather,0,0,1
5320,8202.0,4.1,9.0,2024-11-09,2024-11-18,2024-11-18,Sea,481,57,4491.12,255993.84,Storm,North,No,97.1,BlueDart,Customs,1,1,1
5321,3821.0,4.3,7.0,2024-01-18,2024-01-25,2024-01-25,Air,905,73,775.61,56619.53,Rainy,South,No,96.2,BlueDart,Customs,1,0,1
5322,3748.0,2.6,2.0,2024-06-05,2024-06-07,2024-06-07,Road,626,61,3853.08,235037.88,Clear,Central,Yes,90.3,Delhivery,Customs,1,0,1
5323,6806.0,2.7,10.0,2024-03-15,2024-03-25,2024-03-27,Sea,666,6,3456.99,20741.94,Storm,South,Yes,80.0,FedEx,Operational,0,0,1
5324,6299.0,3.7,3.0,2024-04-03,2024-04-06,2024-04-07,Road,754,100,2940.93,294093.0,Clear,Central,No,77.6,EcomExpress,Operational,0,0,1
5325,2771.0,4.1,2.0,2024-11-13,2024-11-15,2024-11-19,Road,909,33,1685.87,55633.71,Storm,Central,Yes,96.8,BlueDart,Traffic,0,0,1
5326,2132.0,3.2,10.0,2024-02-20,2024-03-01,2024-03-01,Road,372,13,2775.78,36085.14,Clear,West,Yes,71.6,EcomExpress,Weather,1,0,1
5327,9213.0,4.0,10.0,2024-08-14,2024-08-24,2024-08-26,Sea,1020,34,4521.33,153725.22,Cloudy,North,Yes,95.4,DHL,Weather,0,0,1
5328,2384.0,3.8,10.0,2024-07-15,2024-07-25,2024-07-28,Air,1215,33,651.4,21496.2,Clear,East,Yes,72.0,FedEx,Traffic,0,0,1
5329,3096.0,2.6,8.0,2024-01-26,2024-02-03,2024-02-04,Road,1408,74,878.67,65021.58,Cloudy,East,Yes,77.6,FedEx,Weather,0,0,1
5330,9028.0,3.8,3.0,2024-10-01,2024-10-04,2024-10-09,Air,588,51,1350.63,68882.13,Clear,West,Yes,97.5,Delhivery,Weather,0,0,1
5331,2997.0,4.7,8.0,2024-02-09,2024-02-17,2024-02-20,Sea,1456,67,634.14,42487.38,Rainy,East,No,86.0,Delhivery,Customs,0,0,1
5332,3748.0,2.7,10.0,2024-09-20,2024-09-30,2024-09-30,Sea,903,66,2187.25,144358.5,Cloudy,East,Yes,92.8,FedEx,Customs,1,0,1
5333,5433.0,3.8,2.0,2024-11-20,2024-11-22,2024-11-23,Road,831,33,2858.38,94326.54,Cloudy,North,Yes,96.3,BlueDart,Traffic,0,0,1
5334,7103.0,4.6,2.0,2024-04-26,2024-04-28,2024-04-30,Air,929,47,824.6,38756.2,Rainy,North,No,92.6,BlueDart,Traffic,0,0,1
5335,4058.0,3.1,8.0,2024-03-21,2024-03-29,2024-03-29,Sea,1407,30,4819.74,144592.2,Clear,South,Yes,89.7,BlueDart,,1,0,1
5336,1848.0,3.6,10.0,2024-08-24,2024-09-03,2024-09-06,Road,1167,21,4803.53,100874.13,Cloudy,West,Yes,81.2,FedEx,Customs,0,1,0
5337,2825.0,4.0,5.0,2024-09-27,2024-10-02,2024-10-04,Road,1046,63,4219.74,265843.62,Cloudy,East,No,92.1,Delhivery,Weather,0,0,1
5338,5157.0,3.8,2.0,2024-09-16,2024-09-18,2024-09-19,Sea,790,99,3779.21,374141.79,Clear,East,Yes,76.8,DHL,,0,0,1
5339,7459.0,4.4,4.0,2024-01-09,2024-01-13,2024-01-16,Air,105,42,2663.47,111865.74,Rainy,Central,No,95.3,EcomExpress,Customs,0,0,1
5340,2682.0,4.1,3.0,2024-04-18,2024-04-21,2024-04-23,Sea,505,41,2022.82,82935.62,Clear,Central,No,75.2,BlueDart,Customs,0,0,1
5341,9736.0,2.5,6.0,2024-01-20,2024-01-26,2024-01-30,Sea,380,44,1881.24,82774.56,Clear,South,No,96.8,EcomExpress,Customs,0,1,0
5342,7876.0,4.1,7.0,2024-05-17,2024-05-24,2024-05-27,Air,936,11,3452.63,37978.93,Rainy,West,No,93.2,EcomExpress,Traffic,0,0,1
5343,8428.0,4.7,4.0,2024-02-23,2024-02-27,2024-03-01,Road,1255,92,2348.82,216091.44,Rainy,West,No,71.2,FedEx,Weather,0,0,1
5344,8635.0,4.5,2.0,2024-06-17,2024-06-19,2024-06-18,Sea,1447,30,3783.97,113519.1,Cloudy,North,Yes,83.8,EcomExpress,Traffic,1,0,1
5345,3890.0,5.0,8.0,2024-06-26,2024-07-04,2024-07-03,Road,331,86,169.66,14590.76,Cloudy,North,No,91.0,FedEx,,1,0,1
5346,9915.0,4.2,2.0,2024-01-03,2024-01-05,2024-01-08,Road,375,74,3182.29,235489.46,Clear,North,No,80.9,EcomExpress,Operational,0,0,1
5347,6955.0,4.9,9.0,2024-05-27,2024-06-05,2024-06-04,Sea,721,34,4177.94,142049.96,Rainy,West,No,98.2,FedEx,Operational,1,0,1
5348,2618.0,3.2,8.0,2024-07-10,2024-07-18,2024-07-20,Road,1433,92,4667.93,429449.56,Cloudy,South,Yes,79.1,FedEx,,0,0,1
5349,4326.0,4.6,7.0,2024-03-14,2024-03-21,2024-03-23,Air,203,24,4342.68,104224.32,Cloudy,West,No,81.8,DHL,Operational,0,0,1
5350,5908.0,3.9,9.0,2024-07-23,2024-08-01,2024-07-31,Road,730,49,1580.44,77441.56,Storm,East,Yes,99.8,Delhivery,,1,0,1
5351,2881.0,4.0,9.0,2024-09-23,2024-10-02,2024-10-05,Sea,926,13,619.71,8056.23,Rainy,North,Yes,96.8,FedEx,Customs,0,0,1
5352,2018.0,3.6,4.0,2024-09-20,2024-09-24,2024-09-26,Road,707,67,3903.53,261536.51,Clear,West,No,88.1,DHL,Traffic,0,0,1
5353,4433.0,4.0,7.0,2024-01-25,2024-02-01,2024-02-02,Sea,1145,65,444.31,28880.15,Rainy,South,Yes,81.4,FedEx,Customs,0,0,1
5354,5388.0,3.8,8.0,2024-03-31,2024-04-08,2024-04-08,Sea,985,13,1580.69,20548.97,Storm,South,No,96.7,FedEx,,1,1,1
5355,3899.0,4.5,2.0,2024-04-26,2024-04-28,2024-05-03,Air,199,77,969.36,74640.72,Storm,Central,No,85.1,EcomExpress,Operational,0,0,1
5356,9578.0,4.6,9.0,2024-01-14,2024-01-23,2024-01-26,Air,602,56,783.31,43865.36,Storm,West,No,88.3,Delhivery,Customs,0,1,0
5357,4790.0,2.9,8.0,2024-02-08,2024-02-16,2024-02-20,Road,55,84,2735.16,229753.44,Clear,West,Yes,87.3,BlueDart,Weather,0,0,1
5358,2948.0,3.0,9.0,2024-04-08,2024-04-17,2024-04-21,Road,99,67,3462.41,231981.47,Cloudy,East,Yes,75.4,Delhivery,Weather,0,0,1
5359,8976.0,4.9,5.0,2024-01-31,2024-02-05,2024-02-08,Sea,343,34,1481.0,50354.0,Clear,West,Yes,71.9,FedEx,Traffic,0,0,1
5360,2051.0,4.0,6.0,2024-05-26,2024-06-01,2024-06-06,Air,228,49,4930.75,241606.75,Clear,Central,No,81.0,DHL,Customs,0,1,0
5361,6791.0,4.9,7.0,2024-07-22,2024-07-29,2024-07-29,Air,962,84,1637.18,137523.12,Storm,East,Yes,72.5,Delhivery,Weather,1,0,1
5362,8174.0,3.3,4.0,2024-11-14,2024-11-18,2024-11-21,Road,1380,80,1582.75,126620.0,Cloudy,North,No,71.9,EcomExpress,,0,0,1
5363,5796.0,3.5,9.0,2024-02-17,2024-02-26,2024-03-01,Road,533,40,1534.35,61374.0,Storm,South,Yes,77.1,DHL,Operational,0,1,0
5364,3600.0,4.4,8.0,2024-04-27,2024-05-05,2024-05-09,Air,1444,9,601.73,5415.57,Rainy,East,No,82.0,DHL,Traffic,0,1,0
5365,9637.0,4.3,7.0,2024-01-25,2024-02-01,2024-02-01,Sea,1218,98,3909.08,383089.84,Storm,Central,Yes,82.0,EcomExpress,,1,0,1
5366,4281.0,4.8,6.0,2024-10-13,2024-10-19,2024-10-23,Air,1301,87,4477.23,389519.01,Clear,North,Yes,78.1,Delhivery,Customs,0,1,0
5367,3781.0,4.4,9.0,2024-01-04,2024-01-13,2024-01-16,Road,1212,29,4706.79,136496.91,Storm,West,Yes,75.3,EcomExpress,Operational,0,0,1
5368,9813.0,3.8,3.0,2024-09-03,2024-09-06,2024-09-08,Air,767,89,4041.04,359652.56,Storm,West,Yes,71.8,BlueDart,,0,0,1
5369,3166.0,4.2,2.0,2024-05-16,2024-05-18,2024-05-23,Sea,201,52,820.1,42645.2,Storm,East,No,90.8,FedEx,Weather,0,0,1
5370,4033.0,3.4,5.0,2024-06-07,2024-06-12,2024-06-12,Road,1459,70,2497.15,174800.5,Clear,North,Yes,96.4,FedEx,,1,0,1
5371,9460.0,4.6,3.0,2024-09-01,2024-09-04,2024-09-09,Sea,132,91,3099.86,282087.26,Cloudy,Central,No,99.2,FedEx,,0,1,0
5372,1256.0,3.1,9.0,2024-04-19,2024-04-28,2024-05-03,Sea,1222,83,1393.33,115646.39,Rainy,Central,No,95.4,DHL,Traffic,0,0,1
5373,8037.0,3.9,10.0,2024-04-04,2024-04-14,2024-04-15,Air,109,21,1031.69,21665.49,Cloudy,Central,Yes,88.5,EcomExpress,Traffic,0,0,1
5374,9464.0,3.0,3.0,2024-09-04,2024-09-07,2024-09-06,Road,402,14,4026.0,56364.0,Rainy,West,No,77.4,DHL,Operational,1,0,1
5375,9077.0,4.8,10.0,2024-02-08,2024-02-18,2024-02-19,Road,42,28,2944.21,82437.88,Cloudy,West,No,97.2,Delhivery,Traffic,0,0,1
5376,4950.0,4.2,7.0,2024-03-07,2024-03-14,2024-03-17,Sea,414,46,4903.68,225569.28,Rainy,South,Yes,91.9,Delhivery,,0,0,1
5377,7269.0,4.8,9.0,2024-11-20,2024-11-29,2024-12-03,Air,1400,5,4747.6,23738.0,Storm,East,No,71.8,BlueDart,Operational,0,0,1
5378,4923.0,2.7,8.0,2024-07-11,2024-07-19,2024-07-19,Air,1089,73,3290.45,240202.85,Clear,South,Yes,96.2,EcomExpress,,1,0,1
5379,5053.0,4.0,4.0,2024-04-21,2024-04-25,2024-04-25,Air,124,100,1293.14,129314.0,Storm,Central,No,70.8,EcomExpress,Customs,1,1,1
5380,1453.0,4.3,7.0,2024-03-26,2024-04-02,2024-04-04,Road,1234,57,3413.06,194544.42,Clear,West,No,77.0,EcomExpress,,0,0,1
5381,7563.0,4.5,7.0,2024-03-05,2024-03-12,2024-03-12,Sea,372,44,3378.73,148664.12,Storm,Central,Yes,81.3,EcomExpress,Customs,1,0,1
5382,8524.0,3.4,3.0,2024-09-28,2024-10-01,2024-10-03,Sea,77,25,3618.58,90464.5,Storm,East,No,71.4,EcomExpress,Weather,0,1,0
5383,5295.0,5.0,5.0,2024-08-05,2024-08-10,2024-08-13,Sea,17,29,3630.72,105290.88,Rainy,North,Yes,82.2,DHL,,0,0,1
5384,7013.0,4.9,4.0,2024-05-18,2024-05-22,2024-05-26,Road,1288,91,4628.04,421151.64,Cloudy,North,Yes,85.4,DHL,Traffic,0,1,0
5385,2677.0,4.2,5.0,2024-06-17,2024-06-22,2024-06-26,Air,1004,98,3161.28,309805.44,Clear,East,Yes,95.4,FedEx,Customs,0,0,1
5386,2970.0,4.0,9.0,2024-11-26,2024-12-05,2024-12-07,Air,1018,95,1420.7,134966.5,Cloudy,Central,No,74.9,BlueDart,Weather,0,0,1
5387,9888.0,4.1,6.0,2024-02-08,2024-02-14,2024-02-16,Air,1495,62,1475.43,91476.66,Clear,North,No,83.2,BlueDart,Traffic,0,0,1
5388,4773.0,4.6,2.0,2024-06-17,2024-06-19,2024-06-21,Sea,1045,72,4478.32,322439.04,Storm,West,No,81.2,BlueDart,Traffic,0,0,1
5389,1098.0,3.9,10.0,2024-05-05,2024-05-15,2024-05-18,Sea,1395,16,1543.98,24703.68,Cloudy,South,No,73.6,EcomExpress,Customs,0,1,0
5390,1360.0,3.0,8.0,2024-09-29,2024-10-07,2024-10-06,Sea,1063,26,4761.15,123789.9,Clear,East,No,99.1,DHL,Operational,1,1,1
5391,3849.0,3.5,3.0,2024-08-09,2024-08-12,2024-08-12,Sea,1175,73,3203.42,233849.66,Cloudy,West,No,82.9,BlueDart,Customs,1,0,1
5392,3327.0,2.6,7.0,2024-06-03,2024-06-10,2024-06-10,Road,98,17,3500.37,59506.29,Rainy,North,No,98.3,DHL,Customs,1,0,1
5393,3901.0,3.5,7.0,2024-07-19,2024-07-26,2024-07-25,Air,697,81,4831.54,391354.74,Storm,East,No,99.5,Delhivery,Customs,1,0,1
5394,8837.0,4.8,10.0,2024-08-05,2024-08-15,2024-08-16,Road,1140,90,2447.7,220293.0,Rainy,North,Yes,77.5,DHL,,0,0,1
5395,4344.0,2.6,8.0,2024-03-09,2024-03-17,2024-03-21,Sea,1417,100,842.74,84274.0,Storm,West,No,71.1,EcomExpress,,0,1,0
5396,8493.0,4.9,3.0,2024-11-10,2024-11-13,2024-11-18,Air,123,24,3305.89,79341.36,Rainy,North,Yes,75.2,Delhivery,Weather,0,1,0
5397,8384.0,3.2,8.0,2024-08-17,2024-08-25,2024-08-24,Sea,1256,89,2501.87,222666.43,Rainy,West,Yes,77.0,FedEx,Traffic,1,1,1
5398,1712.0,3.2,7.0,2024-08-23,2024-08-30,2024-08-29,Air,1233,65,2904.67,188803.55,Cloudy,East,Yes,86.7,Delhivery,Weather,1,0,1
5399,5384.0,3.0,2.0,2024-10-28,2024-10-30,2024-11-01,Road,884,51,846.85,43189.35,Clear,West,Yes,86.4,EcomExpress,Customs,0,0,1
5400,6411.0,4.3,3.0,2024-03-27,2024-03-30,2024-04-02,Sea,1415,10,1685.68,16856.8,Clear,West,No,79.6,BlueDart,Weather,0,0,1
5401,7041.0,4.6,7.0,2024-05-19,2024-05-26,2024-05-25,Sea,1226,10,3534.72,35347.2,Clear,Central,No,73.7,FedEx,Traffic,1,1,1
5402,1228.0,4.6,5.0,2024-11-23,2024-11-28,2024-11-29,Air,1133,53,2187.7,115948.1,Clear,South,Yes,79.4,BlueDart,Customs,0,1,0
5403,8168.0,4.1,7.0,2024-04-21,2024-04-28,2024-04-28,Air,49,69,4000.51,276035.19,Clear,South,Yes,78.7,DHL,Weather,1,1,1
5404,5162.0,3.7,9.0,2024-07-31,2024-08-09,2024-08-14,Sea,50,43,3459.27,148748.61,Storm,Central,Yes,87.7,BlueDart,Traffic,0,0,1
5405,5522.0,3.6,3.0,2024-10-21,2024-10-24,2024-10-28,Road,1285,94,3487.04,327781.76,Cloudy,East,Yes,88.1,FedEx,Operational,0,0,1
5406,3399.0,4.3,8.0,2024-08-08,2024-08-16,2024-08-19,Air,275,32,1021.92,32701.44,Clear,North,No,99.8,Delhivery,Customs,0,0,1
5407,7842.0,4.2,4.0,2024-09-26,2024-09-30,2024-10-04,Road,235,49,4113.25,201549.25,Rainy,Central,Yes,83.4,BlueDart,Operational,0,0,1
5408,8894.0,2.9,3.0,2024-04-16,2024-04-19,2024-04-18,Road,1461,34,678.79,23078.86,Rainy,Central,Yes,72.5,DHL,Operational,1,0,1
5409,2573.0,5.0,6.0,2024-02-25,2024-03-02,2024-03-06,Air,679,56,3296.95,184629.2,Rainy,North,Yes,83.2,BlueDart,,0,1,0
5410,3743.0,3.4,9.0,2024-05-05,2024-05-14,2024-05-15,Sea,1464,51,1835.83,93627.33,Rainy,North,No,98.4,DHL,Traffic,0,1,0
5411,9561.0,3.7,7.0,2024-11-23,2024-11-30,2024-12-04,Air,557,5,4122.99,20614.95,Clear,North,Yes,83.5,FedEx,Operational,0,1,0
5412,5914.0,2.7,9.0,2024-10-27,2024-11-05,2024-11-10,Air,1187,22,1884.22,41452.84,Clear,South,No,74.3,DHL,Operational,0,1,0
5413,6404.0,2.7,6.0,2024-04-19,2024-04-25,2024-04-24,Road,780,44,3470.03,152681.32,Storm,Central,Yes,86.8,EcomExpress,,1,0,1
5414,4875.0,3.2,5.0,2024-09-03,2024-09-08,2024-09-11,Sea,366,88,3693.46,325024.48,Storm,North,No,90.9,DHL,Weather,0,0,1
5415,6181.0,4.2,6.0,2024-08-10,2024-08-16,2024-08-19,Sea,312,60,4176.59,250595.4,Rainy,East,No,91.5,BlueDart,,0,1,0
5416,2433.0,4.9,4.0,2024-04-06,2024-04-10,2024-04-12,Sea,503,78,4033.18,314588.04,Clear,South,Yes,96.6,EcomExpress,Customs,0,1,0
5417,1507.0,3.6,10.0,2024-10-09,2024-10-19,2024-10-22,Sea,199,14,3356.52,46991.28,Rainy,West,Yes,82.5,DHL,Traffic,0,0,1
5418,9262.0,2.6,9.0,2024-04-01,2024-04-10,2024-04-14,Road,263,15,1138.87,17083.05,Rainy,West,No,71.2,FedEx,,0,0,1
5419,1601.0,2.7,8.0,2024-11-16,2024-11-24,2024-11-24,Air,491,18,4288.69,77196.42,Storm,North,No,81.2,EcomExpress,Operational,1,1,1
5420,4536.0,4.3,5.0,2024-04-19,2024-04-24,2024-04-28,Road,992,3,1690.96,5072.88,Rainy,West,Yes,74.0,EcomExpress,Traffic,0,0,1
5421,6232.0,2.9,5.0,2024-11-19,2024-11-24,2024-11-29,Road,323,14,3860.15,54042.1,Clear,Central,No,79.4,EcomExpress,,0,0,1
5422,1876.0,4.1,3.0,2024-05-25,2024-05-28,2024-05-27,Sea,989,68,1503.32,102225.76,Rainy,Central,No,83.2,FedEx,Weather,1,1,1
5423,9130.0,2.7,10.0,2024-05-23,2024-06-02,2024-06-06,Sea,165,92,3889.42,357826.64,Storm,West,No,97.5,BlueDart,Traffic,0,0,1
5424,2999.0,2.7,3.0,2024-08-19,2024-08-22,2024-08-21,Road,105,29,4841.22,140395.38,Storm,South,Yes,71.6,BlueDart,Weather,1,0,1
5425,5432.0,3.6,5.0,2024-11-20,2024-11-25,2024-11-30,Sea,46,23,1598.43,36763.89,Cloudy,East,Yes,91.5,Delhivery,,0,0,1
5426,6437.0,3.0,7.0,2024-07-25,2024-08-01,2024-08-03,Air,1436,43,1346.03,57879.29,Storm,Central,Yes,98.9,EcomExpress,,0,0,1
5427,4649.0,3.7,4.0,2024-10-03,2024-10-07,2024-10-07,Air,654,87,1808.52,157341.24,Rainy,East,Yes,99.0,DHL,Traffic,1,0,1
5428,6937.0,3.0,10.0,2024-10-19,2024-10-29,2024-11-01,Road,1062,70,144.23,10096.1,Rainy,West,No,79.0,EcomExpress,Operational,0,1,0
5429,5140.0,2.8,2.0,2024-02-21,2024-02-23,2024-02-28,Air,1361,90,1490.54,134148.6,Clear,West,No,76.1,FedEx,Traffic,0,0,1
5430,6050.0,3.7,8.0,2024-09-08,2024-09-16,2024-09-19,Road,898,30,398.61,11958.3,Clear,West,No,97.3,FedEx,Operational,0,1,0
5431,9008.0,2.8,10.0,2024-06-15,2024-06-25,2024-06-29,Road,1177,31,3121.97,96781.07,Storm,South,Yes,75.7,Delhivery,,0,1,0
5432,7872.0,3.7,10.0,2024-02-13,2024-02-23,2024-02-23,Sea,68,90,1792.86,161357.4,Storm,North,Yes,79.8,BlueDart,Customs,1,0,1
5433,1001.0,3.7,6.0,2024-05-11,2024-05-17,2024-05-20,Air,1082,91,2921.85,265888.35,Rainy,Central,Yes,83.6,FedEx,Traffic,0,1,0
5434,3258.0,4.3,3.0,2024-10-12,2024-10-15,2024-10-15,Sea,113,59,312.17,18418.03,Rainy,South,No,77.2,Delhivery,Operational,1,1,1
5435,3399.0,4.6,2.0,2024-06-14,2024-06-16,2024-06-15,Road,23,20,4620.7,92414.0,Clear,South,No,83.0,BlueDart,,1,0,1
5436,6200.0,4.8,9.0,2024-05-06,2024-05-15,2024-05-18,Sea,1017,91,3677.3,334634.3,Storm,East,Yes,94.4,DHL,Customs,0,0,1
5437,7975.0,2.8,9.0,2024-04-23,2024-05-02,2024-05-05,Road,260,8,2159.37,17274.96,Clear,East,Yes,76.1,DHL,Customs,0,0,1
5438,6004.0,2.8,9.0,2024-08-06,2024-08-15,2024-08-18,Air,963,20,935.55,18711.0,Clear,North,Yes,74.8,DHL,,0,0,1
5439,8721.0,4.7,3.0,2024-05-30,2024-06-02,2024-06-02,Sea,1409,46,4788.69,220279.74,Cloudy,South,Yes,70.7,FedEx,Customs,1,0,1
5440,4040.0,3.7,6.0,2024-05-14,2024-05-20,2024-05-23,Air,249,9,4170.56,37535.04,Storm,North,No,92.7,EcomExpress,Customs,0,0,1
5441,3542.0,3.9,10.0,2024-05-05,2024-05-15,2024-05-16,Air,170,7,308.92,2162.44,Storm,South,Yes,72.3,BlueDart,,0,1,0
5442,5394.0,3.3,8.0,2024-09-28,2024-10-06,2024-10-07,Sea,907,85,4894.06,415995.1,Cloudy,East,No,98.5,EcomExpress,Weather,0,1,0
5443,1739.0,3.5,8.0,2024-01-15,2024-01-23,2024-01-24,Road,1043,65,855.95,55636.75,Storm,East,Yes,97.6,EcomExpress,Traffic,0,0,1
5444,7756.0,4.2,2.0,2024-04-23,2024-04-25,2024-04-26,Air,430,51,911.63,46493.13,Rainy,Central,No,75.7,Delhivery,Operational,0,0,1
5445,4128.0,3.2,7.0,2024-05-21,2024-05-28,2024-05-27,Air,1184,95,3579.89,340089.55,Cloudy,Central,No,82.8,FedEx,Operational,1,0,1
5446,1661.0,3.5,6.0,2024-09-29,2024-10-05,2024-10-04,Air,488,35,3591.79,125712.65,Rainy,East,Yes,87.7,BlueDart,Weather,1,1,1
5447,7705.0,3.3,7.0,2024-03-10,2024-03-17,2024-03-19,Air,885,63,2003.67,126231.21,Rainy,West,Yes,90.7,BlueDart,Operational,0,1,0
5448,5003.0,4.0,6.0,2024-02-17,2024-02-23,2024-02-26,Road,1474,34,3018.88,102641.92,Rainy,North,Yes,88.6,FedEx,Traffic,0,1,0
5449,1771.0,4.3,9.0,2024-05-12,2024-05-21,2024-05-20,Road,302,92,432.89,39825.88,Rainy,South,No,93.1,FedEx,Weather,1,1,1
5450,2213.0,2.8,7.0,2024-07-01,2024-07-08,2024-07-08,Road,1079,27,2477.56,66894.12,Rainy,North,Yes,81.6,FedEx,Weather,1,0,1
5451,9721.0,4.3,2.0,2024-11-03,2024-11-05,2024-11-04,Road,409,72,2560.81,184378.32,Storm,South,Yes,74.1,EcomExpress,Operational,1,1,1
5452,2790.0,3.8,7.0,2024-02-02,2024-02-09,2024-02-13,Air,601,17,4628.04,78676.68,Clear,West,No,84.7,Delhivery,Traffic,0,0,1
5453,9692.0,4.7,3.0,2024-02-22,2024-02-25,2024-02-25,Road,1037,63,2118.26,133450.38,Rainy,West,No,70.5,EcomExpress,Traffic,1,0,1
5454,1211.0,3.9,2.0,2024-09-12,2024-09-14,2024-09-15,Air,249,89,1061.6,94482.4,Clear,West,No,87.5,BlueDart,,0,0,1
5455,4340.0,4.5,10.0,2024-05-08,2024-05-18,2024-05-23,Sea,36,16,2393.1,38289.6,Cloudy,East,No,90.0,DHL,Customs,0,0,1
5456,8205.0,2.7,4.0,2024-03-21,2024-03-25,2024-03-25,Road,589,45,177.99,8009.55,Rainy,East,Yes,86.2,EcomExpress,Operational,1,0,1
5457,3176.0,4.0,3.0,2024-03-20,2024-03-23,2024-03-25,Road,709,97,3543.35,343704.95,Cloudy,South,Yes,85.9,DHL,,0,0,1
5458,3168.0,2.6,5.0,2024-05-29,2024-06-03,2024-06-07,Air,142,84,1661.59,139573.56,Cloudy,East,Yes,81.5,Delhivery,Customs,0,0,1
5459,8243.0,4.2,5.0,2024-06-06,2024-06-11,2024-06-16,Air,599,36,2312.92,83265.12,Clear,Central,Yes,92.7,Delhivery,Customs,0,0,1
5460,4594.0,3.4,4.0,2024-03-29,2024-04-02,2024-04-05,Road,393,20,2403.15,48063.0,Storm,Central,Yes,91.2,Delhivery,Traffic,0,0,1
5461,2561.0,4.8,4.0,2024-04-13,2024-04-17,2024-04-21,Road,581,37,4459.64,165006.68,Clear,Central,No,92.8,BlueDart,Operational,0,1,0
5462,5011.0,3.2,8.0,2024-08-06,2024-08-14,2024-08-16,Air,276,65,1529.17,99396.05,Cloudy,Central,No,98.4,DHL,Traffic,0,0,1
5463,1799.0,3.1,5.0,2024-07-23,2024-07-28,2024-08-01,Sea,190,93,4269.0,397017.0,Rainy,Central,No,89.9,BlueDart,Operational,0,0,1
5464,2639.0,3.2,8.0,2024-04-24,2024-05-02,2024-05-05,Road,766,85,2314.52,196734.2,Storm,East,Yes,91.0,FedEx,Customs,0,0,1
5465,4781.0,2.9,4.0,2024-01-09,2024-01-13,2024-01-18,Air,339,89,922.95,82142.55,Cloudy,South,Yes,91.6,BlueDart,Traffic,0,0,1
5466,3287.0,4.5,10.0,2024-02-16,2024-02-26,2024-02-28,Sea,165,27,4013.66,108368.82,Storm,Central,No,73.9,DHL,Weather,0,0,1
5467,9956.0,3.9,2.0,2024-07-24,2024-07-26,2024-07-31,Road,1175,94,3582.1,336717.4,Storm,South,No,70.8,DHL,Operational,0,0,1
5468,2588.0,4.7,9.0,2024-01-24,2024-02-02,2024-02-03,Sea,998,90,2605.4,234486.0,Cloudy,North,Yes,78.5,DHL,,0,0,1
5469,3139.0,4.6,9.0,2024-10-27,2024-11-05,2024-11-09,Air,810,32,4641.56,148529.92,Rainy,East,No,78.4,EcomExpress,Customs,0,1,0
5470,3774.0,4.7,8.0,2024-01-08,2024-01-16,2024-01-17,Sea,1241,40,2996.52,119860.8,Storm,North,Yes,83.7,Delhivery,,0,0,1
5471,1884.0,2.7,5.0,2024-07-13,2024-07-18,2024-07-23,Road,1423,75,4962.97,372222.75,Rainy,South,No,94.5,DHL,Weather,0,1,0
5472,7701.0,2.6,9.0,2024-09-03,2024-09-12,2024-09-16,Sea,1495,16,622.18,9954.88,Rainy,North,Yes,82.8,BlueDart,Operational,0,0,1
5473,7620.0,3.8,6.0,2024-05-12,2024-05-18,2024-05-20,Road,339,73,2371.11,173091.03,Rainy,East,No,99.7,DHL,Weather,0,1,0
5474,1529.0,3.4,5.0,2024-09-02,2024-09-07,2024-09-08,Sea,626,5,3546.56,17732.8,Storm,West,No,94.4,EcomExpress,Weather,0,0,1
5475,8107.0,4.8,4.0,2024-08-22,2024-08-26,2024-08-28,Road,971,18,3836.64,69059.52,Clear,North,No,76.6,Delhivery,Traffic,0,0,1
5476,8370.0,3.0,6.0,2024-03-13,2024-03-19,2024-03-18,Sea,559,60,1975.52,118531.2,Rainy,North,Yes,82.5,EcomExpress,Weather,1,0,1
5477,8998.0,4.7,2.0,2024-11-18,2024-11-20,2024-11-23,Road,953,61,2625.64,160164.04,Storm,East,Yes,81.3,Delhivery,Operational,0,0,1
5478,1231.0,3.6,5.0,2024-08-01,2024-08-06,2024-08-06,Road,735,29,1353.98,39265.42,Clear,West,Yes,76.5,DHL,Customs,1,0,1
5479,9689.0,4.1,7.0,2024-04-21,2024-04-28,2024-04-29,Air,461,99,1307.4,129432.6,Storm,Central,Yes,80.7,FedEx,Customs,0,1,0
5480,4458.0,4.4,7.0,2024-10-09,2024-10-16,2024-10-21,Road,1299,54,4085.91,220639.14,Cloudy,Central,No,82.1,EcomExpress,Weather,0,0,1
5481,3064.0,4.9,7.0,2024-03-02,2024-03-09,2024-03-09,Sea,1133,55,1906.14,104837.7,Cloudy,South,No,72.5,BlueDart,Operational,1,1,1
5482,6508.0,4.5,9.0,2024-06-16,2024-06-25,2024-06-30,Air,1214,48,3413.55,163850.4,Cloudy,East,Yes,79.4,Delhivery,Weather,0,1,0
5483,6323.0,4.7,5.0,2024-10-02,2024-10-07,2024-10-09,Sea,471,73,1105.11,80673.03,Cloudy,East,Yes,99.2,EcomExpress,Customs,0,0,1
5484,3366.0,3.0,5.0,2024-05-28,2024-06-02,2024-06-06,Air,1022,75,3164.8,237360.0,Storm,South,Yes,80.6,EcomExpress,Customs,0,0,1
5485,7565.0,4.1,5.0,2024-06-01,2024-06-06,2024-06-05,Sea,321,78,1734.97,135327.66,Rainy,Central,Yes,88.5,FedEx,Weather,1,1,1
5486,3503.0,3.0,4.0,2024-06-19,2024-06-23,2024-06-25,Sea,486,79,1818.1,143629.9,Clear,North,Yes,96.1,BlueDart,,0,0,1
5487,8621.0,2.9,6.0,2024-11-08,2024-11-14,2024-11-15,Road,987,61,944.73,57628.53,Cloudy,North,No,95.1,FedEx,Traffic,0,0,1
5488,9822.0,3.8,4.0,2024-03-17,2024-03-21,2024-03-23,Road,294,3,504.21,1512.63,Storm,North,Yes,83.1,EcomExpress,Operational,0,1,0
5489,9372.0,4.6,8.0,2024-06-29,2024-07-07,2024-07-10,Air,608,71,945.12,67103.52,Clear,West,Yes,73.7,DHL,Weather,0,1,0
5490,2894.0,3.8,7.0,2024-09-09,2024-09-16,2024-09-16,Road,677,8,3916.56,31332.48,Clear,East,No,77.2,DHL,,1,0,1
5491,9228.0,4.5,6.0,2024-11-02,2024-11-08,2024-11-09,Sea,809,85,1685.99,143309.15,Cloudy,South,Yes,99.2,DHL,,0,1,0
5492,6531.0,3.6,8.0,2024-11-04,2024-11-12,2024-11-16,Road,1192,61,1736.55,105929.55,Clear,East,No,83.1,BlueDart,Weather,0,0,1
5493,8317.0,2.9,9.0,2024-07-20,2024-07-29,2024-08-01,Air,74,53,2026.48,107403.44,Cloudy,West,No,92.2,EcomExpress,Weather,0,1,0
5494,3543.0,4.8,9.0,2024-09-04,2024-09-13,2024-09-18,Road,958,85,723.79,61522.15,Cloudy,West,No,88.0,FedEx,Operational,0,0,1
5495,8807.0,3.5,3.0,2024-06-24,2024-06-27,2024-06-28,Sea,1247,68,648.05,44067.4,Clear,North,Yes,78.8,EcomExpress,,0,0,1
5496,5570.0,5.0,2.0,2024-11-11,2024-11-13,2024-11-13,Road,909,53,1881.69,99729.57,Cloudy,Central,Yes,85.5,FedEx,Customs,1,0,1
5497,4450.0,3.4,2.0,2024-11-07,2024-11-09,2024-11-10,Sea,997,21,187.95,3946.95,Clear,South,Yes,76.3,BlueDart,Customs,0,0,1
5498,9906.0,2.9,10.0,2024-04-10,2024-04-20,2024-04-22,Road,572,15,2232.15,33482.25,Rainy,North,No,94.3,FedEx,Customs,0,0,1
5499,9304.0,3.7,2.0,2024-09-30,2024-10-02,2024-10-03,Sea,761,46,2618.1,120432.6,Storm,South,No,94.0,BlueDart,Weather,0,0,1
5500,8010.0,3.6,3.0,2024-10-23,2024-10-26,2024-10-28,Sea,1493,37,1744.16,64533.92,Clear,East,No,92.0,EcomExpress,Customs,0,0,1
5501,5475.0,4.3,9.0,2024-10-03,2024-10-12,2024-10-14,Air,194,67,3032.49,203176.83,Clear,North,No,91.7,Delhivery,,0,0,1
5502,6605.0,4.7,10.0,2024-04-18,2024-04-28,2024-04-29,Sea,248,88,3731.35,328358.8,Rainy,Central,No,86.9,EcomExpress,Traffic,0,0,1
5503,5136.0,2.5,2.0,2024-06-20,2024-06-22,2024-06-23,Air,1403,63,4515.7,284489.1,Cloudy,South,No,72.1,DHL,Customs,0,0,1
5504,8006.0,2.5,4.0,2024-02-02,2024-02-06,2024-02-06,Road,1213,91,597.06,54332.46,Clear,Central,Yes,89.4,Delhivery,Traffic,1,0,1
5505,6512.0,4.6,6.0,2024-10-29,2024-11-04,2024-11-07,Air,424,23,545.41,12544.43,Rainy,West,Yes,71.1,DHL,Operational,0,0,1
5506,7593.0,4.1,3.0,2024-09-28,2024-10-01,2024-10-05,Sea,84,89,4287.7,381605.3,Rainy,East,Yes,79.3,EcomExpress,Customs,0,1,0
5507,4433.0,4.3,2.0,2024-11-06,2024-11-08,2024-11-12,Road,1239,97,2775.08,269182.76,Cloudy,East,No,79.3,EcomExpress,Operational,0,0,1
5508,5993.0,4.2,6.0,2024-07-16,2024-07-22,2024-07-21,Air,1024,26,3469.05,90195.3,Cloudy,North,Yes,99.7,Delhivery,Customs,1,0,1
5509,2641.0,3.7,4.0,2024-07-24,2024-07-28,2024-07-31,Air,939,69,2026.24,139810.56,Rainy,North,Yes,73.7,DHL,Traffic,0,0,1
5510,1776.0,3.3,6.0,2024-08-08,2024-08-14,2024-08-13,Road,465,89,4060.49,361383.61,Clear,West,No,90.0,Delhivery,Weather,1,0,1
5511,6377.0,4.5,4.0,2024-03-13,2024-03-17,2024-03-21,Sea,1196,80,2400.14,192011.2,Cloudy,South,No,77.3,EcomExpress,Operational,0,0,1
5512,4003.0,4.9,3.0,2024-05-08,2024-05-11,2024-05-13,Sea,315,32,379.01,12128.32,Clear,South,No,74.2,BlueDart,Customs,0,0,1
5513,5008.0,4.0,9.0,2024-06-28,2024-07-07,2024-07-09,Air,1080,1,3074.8,3074.8,Storm,North,Yes,71.2,EcomExpress,Customs,0,0,1
5514,3338.0,4.8,2.0,2024-01-05,2024-01-07,2024-01-09,Air,1284,72,3396.29,244532.88,Cloudy,North,Yes,90.4,BlueDart,Operational,0,0,1
5515,4974.0,3.5,6.0,2024-08-16,2024-08-22,2024-08-21,Sea,422,18,1392.17,25059.06,Cloudy,South,Yes,87.5,FedEx,Weather,1,0,1
5516,1612.0,3.6,7.0,2024-02-29,2024-03-07,2024-03-08,Road,1258,16,4551.73,72827.68,Rainy,West,Yes,89.7,Delhivery,Customs,0,0,1
5517,6988.0,4.0,2.0,2024-11-11,2024-11-13,2024-11-14,Sea,1306,82,4387.03,359736.46,Storm,Central,Yes,80.0,EcomExpress,Customs,0,0,1
5518,8496.0,4.4,3.0,2024-06-05,2024-06-08,2024-06-11,Road,1005,8,3560.07,28480.56,Clear,East,No,76.0,DHL,,0,0,1
5519,2714.0,2.6,8.0,2024-06-04,2024-06-12,2024-06-17,Road,942,46,1069.75,49208.5,Rainy,North,No,81.8,BlueDart,Operational,0,0,1
5520,3625.0,4.5,6.0,2024-07-06,2024-07-12,2024-07-15,Air,744,57,1589.46,90599.22,Clear,Central,Yes,90.8,Delhivery,Customs,0,1,0
5521,5454.0,3.6,10.0,2024-08-24,2024-09-03,2024-09-08,Road,744,13,1445.57,18792.41,Storm,West,Yes,78.7,DHL,Operational,0,1,0
5522,9417.0,4.8,9.0,2024-06-16,2024-06-25,2024-06-30,Air,1170,50,2038.14,101907.0,Clear,North,No,89.8,Delhivery,Weather,0,1,0
5523,8315.0,2.9,6.0,2024-03-04,2024-03-10,2024-03-14,Sea,857,30,3346.09,100382.7,Storm,Central,No,84.9,DHL,Weather,0,0,1
5524,8021.0,3.7,10.0,2024-08-05,2024-08-15,2024-08-19,Road,1457,61,1149.79,70137.19,Clear,Central,Yes,87.7,BlueDart,,0,0,1
5525,8245.0,4.6,4.0,2024-04-14,2024-04-18,2024-04-22,Sea,150,42,3944.37,165663.54,Rainy,East,No,92.1,BlueDart,Weather,0,1,0
5526,8377.0,4.2,6.0,2024-01-23,2024-01-29,2024-01-31,Air,650,42,3730.31,156673.02,Storm,East,Yes,93.9,Delhivery,Weather,0,0,1
5527,4878.0,4.9,4.0,2024-10-13,2024-10-17,2024-10-16,Air,1462,61,2277.6,138933.6,Rainy,Central,Yes,88.9,DHL,Traffic,1,1,1
5528,9041.0,4.9,4.0,2024-01-02,2024-01-06,2024-01-10,Sea,1485,58,1915.98,111126.84,Clear,Central,Yes,85.8,DHL,,0,0,1
5529,8131.0,4.5,4.0,2024-07-09,2024-07-13,2024-07-15,Sea,143,4,2410.34,9641.36,Cloudy,East,Yes,82.1,BlueDart,Operational,0,0,1
5530,1648.0,3.8,5.0,2024-05-14,2024-05-19,2024-05-19,Air,868,92,1959.06,180233.52,Rainy,East,Yes,98.5,EcomExpress,Customs,1,0,1
5531,8542.0,2.8,5.0,2024-09-04,2024-09-09,2024-09-09,Sea,1017,40,4708.93,188357.2,Rainy,East,No,90.8,DHL,,1,0,1
5532,1365.0,4.4,3.0,2024-10-03,2024-10-06,2024-10-09,Road,1310,43,2597.18,111678.74,Storm,East,No,85.9,FedEx,,0,0,1
5533,7740.0,2.8,3.0,2024-11-08,2024-11-11,2024-11-16,Sea,1210,34,3455.01,117470.34,Clear,Central,Yes,89.8,DHL,Operational,0,0,1
5534,2092.0,4.5,3.0,2024-11-11,2024-11-14,2024-11-15,Road,140,7,628.33,4398.31,Rainy,South,Yes,88.9,DHL,Customs,0,0,1
5535,9521.0,4.5,8.0,2024-08-04,2024-08-12,2024-08-17,Road,573,10,3327.7,33277.0,Storm,Central,No,70.5,Delhivery,,0,1,0
5536,9327.0,3.8,8.0,2024-07-28,2024-08-05,2024-08-05,Air,197,17,3356.72,57064.24,Storm,South,Yes,76.6,FedEx,Customs,1,1,1
5537,6798.0,3.9,9.0,2024-02-01,2024-02-10,2024-02-11,Air,1494,37,465.97,17240.89,Storm,East,Yes,77.0,DHL,Weather,0,0,1
5538,3976.0,3.4,8.0,2024-04-28,2024-05-06,2024-05-09,Road,607,44,4660.76,205073.44,Clear,West,Yes,91.6,EcomExpress,Traffic,0,1,0
5539,6367.0,4.7,8.0,2024-02-24,2024-03-03,2024-03-04,Air,332,41,2002.16,82088.56,Clear,South,Yes,97.7,BlueDart,,0,1,0
5540,8641.0,4.1,8.0,2024-08-01,2024-08-09,2024-08-12,Sea,1237,8,2681.68,21453.44,Storm,South,No,76.2,BlueDart,Weather,0,0,1
5541,4689.0,2.8,5.0,2024-08-11,2024-08-16,2024-08-17,Sea,1193,39,2792.21,108896.19,Clear,West,Yes,96.9,EcomExpress,Weather,0,1,0
5542,8037.0,2.7,7.0,2024-02-09,2024-02-16,2024-02-18,Road,191,27,1704.06,46009.62,Storm,North,Yes,73.2,EcomExpress,Weather,0,0,1
5543,1279.0,3.1,9.0,2024-07-24,2024-08-02,2024-08-01,Air,17,58,713.58,41387.64,Cloudy,South,Yes,92.7,EcomExpress,Weather,1,0,1
5544,2435.0,3.9,10.0,2024-07-30,2024-08-09,2024-08-10,Sea,798,81,428.0,34668.0,Cloudy,South,No,85.9,BlueDart,Weather,0,0,1
5545,2390.0,2.6,2.0,2024-07-31,2024-08-02,2024-08-05,Road,336,29,1255.4,36406.6,Cloudy,Central,Yes,87.6,Delhivery,,0,0,1
5546,4482.0,5.0,2.0,2024-05-25,2024-05-27,2024-05-26,Sea,1417,53,1507.94,79920.82,Storm,Central,No,75.3,BlueDart,Customs,1,1,1
5547,2660.0,4.9,5.0,2024-01-14,2024-01-19,2024-01-18,Air,137,88,1642.44,144534.72,Cloudy,South,No,84.1,BlueDart,Weather,1,1,1
5548,9416.0,2.5,7.0,2024-09-05,2024-09-12,2024-09-12,Air,143,56,3620.73,202760.88,Cloudy,Central,Yes,99.3,Delhivery,,1,0,1
5549,4788.0,2.6,3.0,2024-11-24,2024-11-27,2024-11-27,Road,777,46,2330.41,107198.86,Clear,South,No,71.2,FedEx,,1,1,1
5550,6111.0,4.4,9.0,2024-04-18,2024-04-27,2024-04-26,Air,1377,38,2340.17,88926.46,Storm,North,No,81.5,Delhivery,Traffic,1,0,1
5551,6602.0,3.0,9.0,2024-09-08,2024-09-17,2024-09-18,Road,121,69,2879.29,198671.01,Cloudy,North,No,73.4,BlueDart,Customs,0,1,0
5552,4700.0,3.3,2.0,2024-04-10,2024-04-12,2024-04-12,Sea,925,55,1551.18,85314.9,Clear,East,No,79.6,DHL,Traffic,1,0,1
5553,,3.2,,2024-07-18,2024-07-22,2024-07-22,Road,684,5,3123.13,,Rainy,East,Yes,78.7,FedEx,Traffic,1,0,1
5554,6657.0,4.0,3.0,2024-10-30,2024-11-02,2024-11-07,Road,1188,24,3119.71,74873.04,Rainy,Central,No,94.0,DHL,,0,0,1
5555,9391.0,4.2,10.0,2024-07-12,2024-07-22,2024-07-23,Road,1288,96,2960.21,284180.16,Cloudy,Central,No,81.7,EcomExpress,Weather,0,0,1
5556,9813.0,2.5,6.0,2024-07-12,2024-07-18,2024-07-18,Sea,1055,9,2552.91,22976.19,Clear,South,No,99.7,Delhivery,,1,0,1
5557,7442.0,4.2,7.0,2024-10-24,2024-10-31,2024-11-05,Sea,1291,51,778.23,39689.73,Storm,East,No,85.6,Delhivery,Weather,0,0,1
5558,1457.0,3.5,10.0,2024-05-07,2024-05-17,2024-05-16,Road,1009,41,3344.63,137129.83,Cloudy,West,No,74.7,Delhivery,Customs,1,0,1
5559,9193.0,3.3,10.0,2024-07-27,2024-08-06,2024-08-06,Sea,679,81,3149.14,255080.34,Rainy,East,No,74.0,Delhivery,Operational,1,1,1
5560,5789.0,4.4,3.0,2024-04-15,2024-04-18,2024-04-20,Sea,391,95,1767.7,167931.5,Rainy,East,No,76.0,Delhivery,Weather,0,0,1
5561,9273.0,3.0,10.0,2024-01-17,2024-01-27,2024-01-31,Air,340,9,4626.5,41638.5,Cloudy,Central,Yes,86.5,DHL,Weather,0,0,1
5562,2990.0,2.5,3.0,2024-01-21,2024-01-24,2024-01-25,Road,910,9,3178.87,28609.83,Storm,East,Yes,90.5,EcomExpress,,0,1,0
5563,3345.0,3.4,9.0,2024-02-18,2024-02-27,2024-02-27,Road,796,48,2128.89,102186.72,Storm,West,No,92.6,FedEx,Customs,1,1,1
5564,9452.0,3.8,6.0,2024-03-06,2024-03-12,2024-03-12,Sea,336,62,2880.68,178602.16,Clear,East,Yes,74.9,Delhivery,Customs,1,0,1
5565,7522.0,4.0,5.0,2024-01-13,2024-01-18,2024-01-17,Air,152,4,3615.97,14463.88,Rainy,West,No,81.1,DHL,Customs,1,1,1
5566,6421.0,4.8,5.0,2024-10-24,2024-10-29,2024-11-01,Air,74,35,3878.49,135747.15,Rainy,West,No,96.7,DHL,Weather,0,0,1
5567,7657.0,4.7,6.0,2024-01-27,2024-02-02,2024-02-01,Air,243,89,333.29,29662.81,Clear,Central,Yes,73.4,DHL,,1,1,1
5568,9517.0,4.1,10.0,2024-01-10,2024-01-20,2024-01-25,Sea,884,64,1137.46,72797.44,Cloudy,West,Yes,81.0,BlueDart,Operational,0,0,1
5569,8895.0,4.2,5.0,2024-06-26,2024-07-01,2024-07-01,Sea,16,70,957.81,67046.7,Storm,Central,No,93.7,FedEx,,1,0,1
5570,8007.0,3.5,3.0,2024-08-20,2024-08-23,2024-08-26,Air,543,64,3872.98,247870.72,Storm,East,Yes,97.6,FedEx,Weather,0,0,1
5571,7396.0,4.5,8.0,2024-10-17,2024-10-25,2024-10-29,Air,1047,7,4007.0,28049.0,Rainy,East,No,83.1,Delhivery,Weather,0,0,1
5572,1694.0,2.7,4.0,2024-03-27,2024-03-31,2024-04-05,Road,241,59,4101.29,241976.11,Rainy,West,No,91.0,Delhivery,Traffic,0,0,1
5573,6011.0,4.7,3.0,2024-05-06,2024-05-09,2024-05-10,Sea,337,9,905.67,8151.03,Rainy,East,No,77.9,EcomExpress,Customs,0,0,1
5574,6517.0,3.7,6.0,2024-10-18,2024-10-24,2024-10-29,Air,816,50,2991.39,149569.5,Cloudy,Central,Yes,81.3,Delhivery,Weather,0,0,1
5575,5700.0,4.8,6.0,2024-05-04,2024-05-10,2024-05-10,Sea,69,92,4695.1,431949.2,Rainy,Central,No,89.6,FedEx,Weather,1,1,1
5576,7548.0,4.2,10.0,2024-03-23,2024-04-02,2024-04-02,Air,501,87,1809.49,157425.63,Rainy,North,Yes,93.2,Delhivery,,1,1,1
5577,5321.0,3.1,9.0,2024-06-10,2024-06-19,2024-06-19,Road,67,19,3602.77,68452.63,Clear,North,No,72.4,BlueDart,Weather,1,0,1
5578,3177.0,4.7,9.0,2024-10-27,2024-11-05,2024-11-08,Road,1370,78,4495.12,350619.36,Rainy,Central,Yes,91.3,FedEx,Traffic,0,1,0
5579,5425.0,2.6,2.0,2024-06-15,2024-06-17,2024-06-21,Road,565,27,2426.5,65515.5,Clear,East,Yes,86.9,DHL,Weather,0,1,0
5580,3464.0,3.8,4.0,2024-07-08,2024-07-12,2024-07-15,Air,833,10,3374.51,33745.1,Storm,South,Yes,83.9,DHL,Weather,0,0,1
5581,5366.0,3.0,2.0,2024-04-08,2024-04-10,2024-04-12,Air,560,60,3468.78,208126.8,Clear,South,No,78.4,DHL,Weather,0,0,1
5582,7346.0,3.8,5.0,2024-05-10,2024-05-15,2024-05-17,Sea,1218,56,450.31,25217.36,Clear,South,Yes,93.9,EcomExpress,,0,0,1
5583,9783.0,4.8,2.0,2024-04-30,2024-05-02,2024-05-06,Air,1238,98,2030.84,199022.32,Rainy,North,No,79.7,EcomExpress,Operational,0,0,1
5584,3813.0,3.0,6.0,2024-09-14,2024-09-20,2024-09-21,Sea,1138,3,4479.41,13438.23,Storm,South,No,88.5,BlueDart,Operational,0,1,0
5585,1960.0,3.2,3.0,2024-05-09,2024-05-12,2024-05-11,Air,1484,68,1415.06,96224.08,Storm,West,No,72.3,EcomExpress,Traffic,1,0,1
5586,8649.0,3.3,10.0,2024-06-13,2024-06-23,2024-06-22,Road,89,49,4153.21,203507.29,Storm,South,Yes,71.1,BlueDart,,1,0,1
5587,8665.0,3.3,8.0,2024-04-21,2024-04-29,2024-05-03,Sea,824,19,867.47,16481.93,Clear,Central,Yes,80.8,FedEx,,0,1,0
5588,1386.0,2.8,9.0,2024-05-01,2024-05-10,2024-05-14,Air,140,20,1933.02,38660.4,Rainy,North,No,73.1,FedEx,Traffic,0,0,1
5589,5974.0,4.8,9.0,2024-04-24,2024-05-03,2024-05-03,Air,653,65,3974.79,258361.35,Storm,East,Yes,77.3,BlueDart,Customs,1,0,1
5590,1484.0,3.2,6.0,2024-02-19,2024-02-25,2024-02-25,Sea,922,33,1382.77,45631.41,Cloudy,North,Yes,88.7,DHL,Operational,1,0,1
5591,3391.0,3.7,8.0,2024-08-08,2024-08-16,2024-08-20,Road,174,56,4554.45,255049.2,Rainy,Central,No,86.2,DHL,Traffic,0,0,1
5592,1071.0,4.7,6.0,2024-01-26,2024-02-01,2024-02-03,Road,276,14,314.43,4402.02,Rainy,South,Yes,96.9,Delhivery,Operational,0,0,1
5593,4573.0,3.3,2.0,2024-04-03,2024-04-05,2024-04-08,Air,171,94,4469.29,420113.26,Clear,Central,No,99.1,BlueDart,Traffic,0,0,1
5594,4509.0,4.6,3.0,2024-03-26,2024-03-29,2024-03-30,Sea,671,29,2606.38,75585.02,Cloudy,South,Yes,83.7,Delhivery,,0,0,1
5595,6228.0,4.3,5.0,2024-06-03,2024-06-08,2024-06-11,Road,551,43,2223.12,95594.16,Clear,East,No,83.5,Delhivery,,0,0,1
5596,5319.0,4.0,3.0,2024-04-17,2024-04-20,2024-04-21,Air,759,87,4324.36,376219.32,Clear,East,Yes,81.7,DHL,Customs,0,0,1
5597,2208.0,3.3,2.0,2024-11-08,2024-11-10,2024-11-15,Road,570,54,3842.77,207509.58,Rainy,South,No,75.6,EcomExpress,Customs,0,0,1
5598,,2.7,,2024-05-04,2024-05-12,2024-05-15,Road,115,43,3047.96,,Storm,West,Yes,88.8,FedEx,Traffic,0,1,0
5599,3329.0,4.9,6.0,2024-03-06,2024-03-12,2024-03-13,Air,233,72,2909.66,209495.52,Storm,West,Yes,86.6,Delhivery,Weather,0,0,1
5600,6476.0,4.8,6.0,2024-11-13,2024-11-19,2024-11-21,Road,1063,38,2658.67,101029.46,Storm,Central,No,99.0,DHL,Traffic,0,0,1
5601,3578.0,5.0,8.0,2024-10-09,2024-10-17,2024-10-19,Air,1426,85,616.93,52439.05,Storm,South,Yes,73.6,DHL,Customs,0,0,1
5602,8794.0,4.9,6.0,2024-09-24,2024-09-30,2024-09-29,Sea,1215,66,1838.88,121366.08,Rainy,East,Yes,97.6,Delhivery,Weather,1,0,1
5603,4609.0,4.1,7.0,2024-06-02,2024-06-09,2024-06-14,Road,1005,9,690.8,6217.2,Clear,South,No,70.2,FedEx,Traffic,0,1,0
5604,7895.0,4.9,10.0,2024-01-16,2024-01-26,2024-01-27,Road,653,3,1905.0,5715.0,Cloudy,South,Yes,79.9,EcomExpress,Traffic,0,0,1
5605,7673.0,3.3,5.0,2024-08-01,2024-08-06,2024-08-11,Road,396,58,3944.27,228767.66,Storm,South,Yes,84.8,BlueDart,Weather,0,0,1
5606,8903.0,2.8,5.0,2024-02-08,2024-02-13,2024-02-13,Air,1335,62,2496.11,154758.82,Clear,North,Yes,94.6,BlueDart,Operational,1,0,1
5607,4485.0,2.8,3.0,2024-07-09,2024-07-12,2024-07-17,Air,1052,27,3341.07,90208.89,Cloudy,East,No,95.9,EcomExpress,,0,0,1
5608,2618.0,4.6,3.0,2024-05-13,2024-05-16,2024-05-21,Air,851,8,1370.05,10960.4,Cloudy,East,Yes,95.6,Delhivery,Operational,0,0,1
5609,7703.0,4.5,3.0,2024-10-25,2024-10-28,2024-11-01,Air,883,81,3693.26,299154.06,Cloudy,West,Yes,78.2,BlueDart,Traffic,0,0,1
5610,4169.0,3.8,3.0,2024-10-10,2024-10-13,2024-10-15,Sea,382,22,883.18,19429.96,Clear,East,Yes,81.3,EcomExpress,Traffic,0,0,1
5611,9066.0,3.1,2.0,2024-08-15,2024-08-17,2024-08-21,Air,611,25,233.41,5835.25,Storm,South,Yes,94.0,Delhivery,Weather,0,0,1
5612,2996.0,3.0,9.0,2024-05-21,2024-05-30,2024-06-02,Sea,1463,71,1831.16,130012.36,Cloudy,East,No,70.0,FedEx,Operational,0,0,1
5613,9876.0,3.5,2.0,2024-02-25,2024-02-27,2024-02-29,Road,676,100,3825.7,382570.0,Cloudy,South,No,77.2,BlueDart,Weather,0,1,0
5614,3199.0,3.8,3.0,2024-03-08,2024-03-11,2024-03-10,Sea,441,30,3302.02,99060.6,Clear,East,Yes,70.5,DHL,,1,0,1
5615,7140.0,4.2,8.0,2024-04-06,2024-04-14,2024-04-15,Air,1250,54,3938.64,212686.56,Storm,North,No,78.6,FedEx,,0,1,0
5616,4599.0,3.0,3.0,2024-10-17,2024-10-20,2024-10-19,Road,757,15,4304.62,64569.3,Storm,South,Yes,99.5,DHL,,1,0,1
5617,6942.0,2.8,7.0,2024-09-09,2024-09-16,2024-09-21,Air,1488,65,4129.95,268446.75,Rainy,Central,Yes,81.6,EcomExpress,Operational,0,0,1
5618,6107.0,4.4,8.0,2024-08-30,2024-09-07,2024-09-06,Air,672,72,4380.02,315361.44,Storm,North,No,92.3,FedEx,,1,0,1
5619,9234.0,2.9,5.0,2024-01-06,2024-01-11,2024-01-15,Road,800,47,3609.06,169625.82,Storm,Central,No,81.4,BlueDart,Weather,0,1,0
5620,8120.0,3.3,7.0,2024-01-12,2024-01-19,2024-01-19,Air,31,7,754.53,5281.71,Rainy,West,Yes,80.0,BlueDart,Traffic,1,0,1
5621,8099.0,3.6,8.0,2024-04-26,2024-05-04,2024-05-08,Sea,574,96,1508.27,144793.92,Rainy,Central,No,87.9,Delhivery,Weather,0,0,1
5622,5674.0,3.9,5.0,2024-11-26,2024-12-01,2024-12-05,Air,874,66,1695.63,111911.58,Storm,Central,Yes,78.0,Delhivery,Traffic,0,0,1
5623,3310.0,5.0,6.0,2024-10-04,2024-10-10,2024-10-15,Road,360,96,1801.46,172940.16,Storm,North,Yes,73.2,FedEx,Weather,0,0,1
5624,4049.0,4.2,9.0,2024-11-26,2024-12-05,2024-12-05,Air,460,88,4133.92,363784.96,Rainy,Central,No,84.9,BlueDart,Weather,1,0,1
5625,8718.0,3.6,9.0,2024-04-05,2024-04-14,2024-04-15,Road,1007,48,4106.36,197105.28,Clear,East,No,75.9,Delhivery,Operational,0,0,1
5626,8807.0,4.5,8.0,2024-11-14,2024-11-22,2024-11-26,Air,935,47,2982.04,140155.88,Cloudy,Central,Yes,80.0,Delhivery,Operational,0,0,1
5627,2885.0,4.5,2.0,2024-01-20,2024-01-22,2024-01-24,Air,12,37,1112.93,41178.41,Clear,South,Yes,71.5,EcomExpress,,0,1,0
5628,8558.0,4.6,8.0,2024-01-23,2024-01-31,2024-02-05,Air,1300,34,2922.88,99377.92,Storm,North,Yes,87.6,Delhivery,Weather,0,0,1
5629,8521.0,2.7,9.0,2024-05-14,2024-05-23,2024-05-25,Air,64,81,685.29,55508.49,Rainy,North,No,98.4,DHL,Traffic,0,0,1
5630,4308.0,4.2,9.0,2024-04-06,2024-04-15,2024-04-20,Sea,308,57,2487.27,141774.39,Cloudy,South,No,70.4,DHL,,0,1,0
5631,6758.0,3.9,9.0,2024-05-24,2024-06-02,2024-06-05,Road,321,70,2948.08,206365.6,Cloudy,Central,Yes,79.0,DHL,Operational,0,0,1
5632,9868.0,2.6,3.0,2024-04-27,2024-04-30,2024-05-02,Road,108,59,1065.32,62853.88,Clear,East,No,83.6,DHL,Traffic,0,1,0
5633,3520.0,3.0,6.0,2024-09-26,2024-10-02,2024-10-05,Sea,889,70,3232.14,226249.8,Clear,West,Yes,99.9,FedEx,Operational,0,0,1
5634,9069.0,3.0,4.0,2024-04-14,2024-04-18,2024-04-17,Road,443,30,192.36,5770.8,Storm,East,Yes,83.9,BlueDart,Traffic,1,1,1
5635,1096.0,2.6,9.0,2024-09-18,2024-09-27,2024-10-02,Air,920,74,2260.91,167307.34,Clear,Central,Yes,85.6,BlueDart,Operational,0,0,1
5636,7872.0,4.4,9.0,2024-09-30,2024-10-09,2024-10-08,Sea,757,89,3751.11,333848.79,Clear,North,Yes,99.8,BlueDart,Customs,1,0,1
5637,9145.0,3.1,8.0,2024-07-24,2024-08-01,2024-08-06,Road,903,29,636.94,18471.26,Cloudy,East,No,91.7,BlueDart,,0,0,1
5638,1245.0,4.9,10.0,2024-04-16,2024-04-26,2024-05-01,Air,629,41,279.55,11461.55,Clear,South,Yes,80.9,EcomExpress,,0,0,1
5639,2915.0,4.0,2.0,2024-02-23,2024-02-25,2024-03-01,Air,458,63,3263.7,205613.1,Rainy,Central,Yes,85.9,Delhivery,,0,0,1
5640,6080.0,4.7,7.0,2024-06-13,2024-06-20,2024-06-25,Road,1497,77,3428.74,264012.98,Clear,East,Yes,100.0,Delhivery,Customs,0,0,1
5641,6144.0,4.9,4.0,2024-08-14,2024-08-18,2024-08-19,Road,263,87,3425.54,298021.98,Clear,South,No,72.4,Delhivery,Traffic,0,0,1
5642,3139.0,4.2,10.0,2024-08-14,2024-08-24,2024-08-27,Air,647,44,2305.13,101425.72,Storm,North,No,76.2,BlueDart,Operational,0,0,1
5643,6517.0,3.9,6.0,2024-04-27,2024-05-03,2024-05-04,Air,1466,77,915.33,70480.41,Cloudy,South,No,90.0,FedEx,Operational,0,1,0
5644,8622.0,2.8,6.0,2024-08-04,2024-08-10,2024-08-12,Sea,1361,69,2772.54,191305.26,Storm,East,Yes,76.4,FedEx,Customs,0,1,0
5645,2832.0,4.0,4.0,2024-02-20,2024-02-24,2024-02-23,Road,240,27,3824.94,103273.38,Clear,Central,No,97.3,Delhivery,Weather,1,0,1
5646,6587.0,3.6,4.0,2024-03-28,2024-04-01,2024-04-05,Air,706,26,2119.74,55113.24,Storm,North,Yes,96.2,EcomExpress,,0,0,1
5647,9938.0,2.6,3.0,2024-02-11,2024-02-14,2024-02-18,Air,683,76,988.1,75095.6,Clear,East,No,74.0,Delhivery,Operational,0,1,0
5648,3562.0,2.6,6.0,2024-03-08,2024-03-14,2024-03-13,Air,975,60,3736.9,224214.0,Storm,Central,No,76.7,EcomExpress,Customs,1,0,1
5649,9786.0,3.1,3.0,2024-02-09,2024-02-12,2024-02-12,Air,379,25,463.59,11589.75,Storm,Central,Yes,99.7,DHL,Traffic,1,0,1
5650,4668.0,4.8,3.0,2024-03-06,2024-03-09,2024-03-08,Sea,13,70,3320.51,232435.7,Rainy,North,No,98.6,BlueDart,Traffic,1,0,1
5651,7432.0,4.7,3.0,2024-07-24,2024-07-27,2024-07-31,Road,280,83,1450.24,120369.92,Cloudy,North,No,85.1,EcomExpress,Operational,0,0,1
5652,1796.0,4.8,9.0,2024-01-22,2024-01-31,2024-02-04,Sea,1261,81,803.22,65060.82,Storm,North,No,90.8,EcomExpress,,0,0,1
5653,4468.0,4.7,8.0,2024-06-12,2024-06-20,2024-06-22,Road,513,13,174.67,2270.71,Clear,East,Yes,82.2,DHL,,0,0,1
5654,1838.0,3.6,8.0,2024-08-05,2024-08-13,2024-08-18,Road,1390,73,102.85,7508.05,Clear,West,No,89.4,FedEx,,0,0,1
5655,6739.0,3.0,5.0,2024-05-26,2024-05-31,2024-06-01,Sea,1102,39,979.92,38216.88,Cloudy,Central,No,78.9,EcomExpress,Customs,0,1,0
5656,3953.0,3.0,9.0,2024-01-11,2024-01-20,2024-01-23,Road,1345,23,2000.58,46013.34,Cloudy,North,Yes,87.1,FedEx,Traffic,0,0,1
5657,4089.0,4.3,7.0,2024-08-21,2024-08-28,2024-08-28,Sea,1259,37,893.1,33044.7,Storm,South,Yes,71.0,FedEx,Operational,1,0,1
5658,2390.0,2.6,2.0,2024-11-02,2024-11-04,2024-11-03,Road,683,86,1037.05,89186.3,Rainy,West,Yes,94.8,Delhivery,Traffic,1,1,1
5659,4236.0,4.6,9.0,2024-03-16,2024-03-25,2024-03-29,Sea,1294,80,2626.43,210114.4,Cloudy,South,Yes,87.7,DHL,Weather,0,1,0
5660,1313.0,3.1,4.0,2024-03-11,2024-03-15,2024-03-15,Sea,1273,40,1340.08,53603.2,Cloudy,West,No,75.2,EcomExpress,Traffic,1,0,1
5661,6450.0,3.8,10.0,2024-08-06,2024-08-16,2024-08-21,Sea,383,3,4544.98,13634.94,Storm,Central,Yes,72.6,BlueDart,Operational,0,0,1
5662,7040.0,3.2,7.0,2024-09-30,2024-10-07,2024-10-08,Sea,290,9,812.95,7316.55,Storm,South,No,79.5,BlueDart,Weather,0,0,1
5663,,4.8,,2024-08-18,2024-08-25,2024-08-27,Air,820,38,3474.78,,Rainy,Central,No,82.4,BlueDart,Weather,0,1,0
5664,6395.0,4.2,4.0,2024-02-27,2024-03-02,2024-03-05,Sea,1418,65,1309.7,85130.5,Rainy,West,No,86.4,BlueDart,Weather,0,0,1
5665,8538.0,2.6,10.0,2024-10-17,2024-10-27,2024-10-30,Sea,748,26,3156.63,82072.38,Clear,Central,Yes,77.1,BlueDart,,0,0,1
5666,9599.0,3.1,7.0,2024-04-30,2024-05-07,2024-05-07,Sea,1193,94,640.05,60164.7,Storm,Central,No,73.0,FedEx,Weather,1,0,1
5667,1896.0,4.4,9.0,2024-01-02,2024-01-11,2024-01-11,Sea,1173,29,3240.67,93979.43,Storm,North,Yes,76.4,DHL,,1,0,1
5668,4989.0,4.7,3.0,2024-10-24,2024-10-27,2024-10-31,Road,253,42,4170.71,175169.82,Cloudy,North,Yes,99.8,EcomExpress,,0,0,1
5669,9864.0,4.9,2.0,2024-01-07,2024-01-09,2024-01-12,Air,1110,52,4949.57,257377.64,Rainy,Central,Yes,95.5,DHL,Weather,0,1,0
5670,2718.0,4.6,2.0,2024-02-22,2024-02-24,2024-02-26,Air,1065,23,2343.17,53892.91,Cloudy,West,No,77.3,FedEx,Weather,0,0,1
5671,9391.0,3.4,5.0,2024-10-19,2024-10-24,2024-10-23,Air,862,65,1102.31,71650.15,Clear,West,No,73.5,Delhivery,Weather,1,1,1
5672,4189.0,3.5,8.0,2024-11-06,2024-11-14,2024-11-18,Road,441,12,354.65,4255.8,Storm,South,Yes,99.3,BlueDart,,0,0,1
5673,5713.0,2.8,5.0,2024-08-14,2024-08-19,2024-08-21,Sea,1181,91,2554.57,232465.87,Rainy,South,Yes,86.5,DHL,Customs,0,0,1
5674,1169.0,3.3,4.0,2024-04-03,2024-04-07,2024-04-12,Road,465,23,1918.75,44131.25,Clear,South,Yes,90.6,BlueDart,Operational,0,0,1
5675,7042.0,3.1,7.0,2024-07-04,2024-07-11,2024-07-10,Sea,1133,80,1748.22,139857.6,Cloudy,East,No,76.9,DHL,Weather,1,0,1
5676,2924.0,3.0,6.0,2024-06-23,2024-06-29,2024-07-01,Air,938,67,1519.75,101823.25,Cloudy,Central,No,73.0,EcomExpress,,0,1,0
5677,8537.0,4.9,2.0,2024-01-26,2024-01-28,2024-01-31,Air,640,18,4563.04,82134.72,Clear,South,No,81.9,FedEx,Customs,0,0,1
5678,8615.0,4.2,10.0,2024-03-12,2024-03-22,2024-03-21,Sea,1387,24,2631.37,63152.88,Cloudy,South,No,78.1,EcomExpress,Customs,1,0,1
5679,6581.0,2.8,10.0,2024-04-21,2024-05-01,2024-05-04,Air,984,54,1228.28,66327.12,Cloudy,South,No,91.0,BlueDart,,0,1,0
5680,8665.0,3.2,10.0,2024-11-25,2024-12-05,2024-12-05,Road,363,92,919.99,84639.08,Cloudy,East,No,78.7,EcomExpress,Traffic,1,0,1
5681,3410.0,4.9,7.0,2024-01-01,2024-01-08,2024-01-12,Air,870,95,4582.42,435329.9,Storm,West,No,75.0,BlueDart,Traffic,0,0,1
5682,5453.0,3.4,4.0,2024-11-02,2024-11-06,2024-11-05,Sea,524,87,4934.55,429305.85,Rainy,South,No,94.1,DHL,Traffic,1,1,1
5683,9471.0,4.8,3.0,2024-04-10,2024-04-13,2024-04-15,Air,743,61,1111.98,67830.78,Rainy,West,No,88.7,DHL,,0,0,1
5684,4389.0,4.6,10.0,2024-10-13,2024-10-23,2024-10-23,Air,344,73,2560.16,186891.68,Clear,North,No,71.3,DHL,,1,1,1
5685,4920.0,4.9,9.0,2024-06-08,2024-06-17,2024-06-18,Road,169,70,1046.56,73259.2,Cloudy,South,Yes,92.8,DHL,Customs,0,1,0
5686,5681.0,3.2,8.0,2024-05-16,2024-05-24,2024-05-23,Road,1266,98,966.68,94734.64,Clear,North,Yes,99.1,Delhivery,Weather,1,0,1
5687,4869.0,3.4,4.0,2024-05-16,2024-05-20,2024-05-21,Sea,61,74,286.1,21171.4,Storm,West,No,86.7,Delhivery,Traffic,0,0,1
5688,7922.0,4.9,8.0,2024-10-11,2024-10-19,2024-10-18,Air,940,17,1633.42,27768.14,Storm,East,Yes,83.8,DHL,Weather,1,0,1
5689,2160.0,3.0,10.0,2024-08-31,2024-09-10,2024-09-15,Sea,945,8,3123.86,24990.88,Cloudy,East,Yes,77.8,FedEx,Traffic,0,1,0
5690,1511.0,4.8,9.0,2024-01-16,2024-01-25,2024-01-27,Air,184,90,3352.85,301756.5,Clear,East,Yes,84.7,DHL,,0,0,1
5691,8722.0,3.5,2.0,2024-09-04,2024-09-06,2024-09-08,Air,378,95,3688.22,350380.9,Storm,West,Yes,87.6,EcomExpress,Traffic,0,0,1
5692,8744.0,4.5,10.0,2024-03-02,2024-03-12,2024-03-11,Sea,851,34,4343.91,147692.94,Storm,North,No,71.1,EcomExpress,,1,1,1
5693,2984.0,4.7,7.0,2024-01-24,2024-01-31,2024-02-04,Air,385,29,3907.98,113331.42,Cloudy,South,No,95.3,BlueDart,Weather,0,0,1
5694,4372.0,4.2,6.0,2024-10-30,2024-11-05,2024-11-06,Air,764,17,3734.23,63481.91,Storm,North,No,85.3,Delhivery,Customs,0,0,1
5695,3361.0,4.8,3.0,2024-07-25,2024-07-28,2024-07-30,Sea,929,49,4508.53,220917.97,Storm,Central,No,82.8,EcomExpress,Traffic,0,0,1
5696,5446.0,4.6,6.0,2024-04-20,2024-04-26,2024-04-25,Sea,1370,51,603.02,30754.02,Cloudy,Central,Yes,94.9,BlueDart,Operational,1,1,1
5697,5014.0,4.9,10.0,2024-09-22,2024-10-02,2024-10-01,Air,197,28,3886.56,108823.68,Clear,South,Yes,83.7,DHL,Weather,1,1,1
5698,8160.0,4.1,6.0,2024-05-26,2024-06-01,2024-06-05,Road,860,16,957.91,15326.56,Rainy,Central,No,82.1,BlueDart,Operational,0,1,0
5699,4492.0,4.2,5.0,2024-05-28,2024-06-02,2024-06-03,Road,1484,58,3362.3,195013.4,Cloudy,North,No,89.3,FedEx,Operational,0,0,1
5700,6022.0,3.8,4.0,2024-05-11,2024-05-15,2024-05-14,Sea,86,26,2989.12,77717.12,Storm,East,Yes,71.4,EcomExpress,Traffic,1,1,1
5701,8063.0,2.6,7.0,2024-05-18,2024-05-25,2024-05-30,Road,276,88,1302.61,114629.68,Cloudy,East,Yes,81.8,EcomExpress,Operational,0,1,0
5702,3213.0,2.9,10.0,2024-08-21,2024-08-31,2024-09-04,Road,275,15,1516.67,22750.05,Rainy,North,No,77.8,FedEx,,0,0,1
5703,4276.0,3.6,2.0,2024-07-13,2024-07-15,2024-07-15,Sea,1471,4,1524.39,6097.56,Rainy,North,Yes,78.7,EcomExpress,Weather,1,1,1
5704,5763.0,3.3,2.0,2024-09-08,2024-09-10,2024-09-13,Sea,343,72,461.43,33222.96,Rainy,Central,No,72.0,FedEx,,0,1,0
5705,4167.0,4.3,6.0,2024-01-29,2024-02-04,2024-02-05,Road,735,12,4336.81,52041.72,Rainy,West,No,75.0,FedEx,Operational,0,0,1
5706,8331.0,2.8,2.0,2024-06-29,2024-07-01,2024-07-06,Road,1058,75,4713.48,353511.0,Storm,West,No,99.3,Delhivery,Customs,0,1,0
5707,4632.0,2.6,7.0,2024-07-02,2024-07-09,2024-07-14,Road,1298,46,4507.95,207365.7,Rainy,North,No,81.5,FedEx,Weather,0,0,1
5708,2484.0,3.1,8.0,2024-05-28,2024-06-05,2024-06-06,Sea,551,42,3707.14,155699.88,Cloudy,Central,No,74.6,EcomExpress,Weather,0,0,1
5709,1938.0,2.9,6.0,2024-01-05,2024-01-11,2024-01-10,Air,788,49,3009.27,147454.23,Rainy,South,Yes,95.8,BlueDart,,1,0,1
5710,1204.0,4.1,2.0,2024-11-03,2024-11-05,2024-11-05,Air,629,73,4630.57,338031.61,Clear,East,No,83.6,DHL,Weather,1,1,1
5711,7452.0,3.7,4.0,2024-02-08,2024-02-12,2024-02-13,Road,1498,69,2264.82,156272.58,Storm,South,No,81.3,Delhivery,Operational,0,0,1
5712,6739.0,2.6,8.0,2024-06-12,2024-06-20,2024-06-25,Air,1254,31,2919.19,90494.89,Clear,West,Yes,93.6,Delhivery,Weather,0,0,1
5713,5310.0,4.8,3.0,2024-06-14,2024-06-17,2024-06-22,Air,897,78,1821.49,142076.22,Clear,East,Yes,81.0,EcomExpress,Traffic,0,0,1
5714,4653.0,3.7,6.0,2024-03-24,2024-03-30,2024-04-01,Road,586,21,3203.15,67266.15,Storm,North,Yes,77.2,Delhivery,Customs,0,1,0
5715,5253.0,4.8,6.0,2024-08-30,2024-09-05,2024-09-05,Road,68,58,3291.71,190919.18,Cloudy,South,Yes,73.5,DHL,Weather,1,0,1
5716,1848.0,3.6,4.0,2024-03-14,2024-03-18,2024-03-22,Sea,31,14,725.68,10159.52,Rainy,South,Yes,83.4,Delhivery,Weather,0,0,1
5717,9614.0,4.0,6.0,2024-04-10,2024-04-16,2024-04-15,Air,639,72,1967.1,141631.2,Clear,West,Yes,92.0,DHL,,1,0,1
5718,6625.0,4.4,7.0,2024-04-04,2024-04-11,2024-04-11,Road,543,56,2850.47,159626.32,Rainy,South,No,86.6,Delhivery,Weather,1,0,1
5719,5948.0,5.0,10.0,2024-10-31,2024-11-10,2024-11-09,Air,1389,76,3624.41,275455.16,Storm,West,No,97.1,EcomExpress,Weather,1,0,1
5720,9937.0,4.9,3.0,2024-10-20,2024-10-23,2024-10-26,Sea,1480,74,3728.09,275878.66,Rainy,North,Yes,88.3,BlueDart,Operational,0,1,0
5721,9606.0,4.2,5.0,2024-05-11,2024-05-16,2024-05-21,Air,1037,59,1404.26,82851.34,Clear,West,Yes,70.8,FedEx,Customs,0,1,0
5722,2572.0,4.8,5.0,2024-08-11,2024-08-16,2024-08-18,Air,1297,7,606.62,4246.34,Rainy,West,Yes,85.4,BlueDart,,0,1,0
5723,9972.0,3.4,6.0,2024-03-28,2024-04-03,2024-04-04,Road,1218,47,2487.08,116892.76,Rainy,East,No,93.2,DHL,,0,0,1
5724,7216.0,3.1,7.0,2024-04-25,2024-05-02,2024-05-07,Road,236,8,4891.62,39132.96,Clear,North,No,97.7,EcomExpress,,0,0,1
5725,3350.0,3.2,4.0,2024-02-05,2024-02-09,2024-02-14,Sea,192,42,873.17,36673.14,Clear,West,Yes,73.2,BlueDart,Operational,0,0,1
5726,7138.0,2.9,8.0,2024-07-17,2024-07-25,2024-07-27,Road,205,84,3318.63,278764.92,Cloudy,East,No,90.1,EcomExpress,Traffic,0,0,1
5727,8921.0,2.6,6.0,2024-10-11,2024-10-17,2024-10-20,Air,1472,92,4811.01,442612.92,Rainy,North,No,70.5,Delhivery,Customs,0,0,1
5728,6492.0,3.7,7.0,2024-03-14,2024-03-21,2024-03-21,Road,1409,1,2569.44,2569.44,Clear,West,Yes,70.7,DHL,Operational,1,0,1
5729,5348.0,4.8,7.0,2024-09-06,2024-09-13,2024-09-16,Road,1453,41,2292.06,93974.46,Clear,East,Yes,71.0,DHL,Weather,0,0,1
5730,4302.0,5.0,10.0,2024-04-26,2024-05-06,2024-05-10,Road,559,98,1759.99,172479.02,Clear,South,No,71.3,BlueDart,Customs,0,0,1
5731,8739.0,4.2,9.0,2024-08-11,2024-08-20,2024-08-21,Air,87,28,1890.42,52931.76,Cloudy,West,No,95.1,DHL,,0,1,0
5732,1674.0,4.9,5.0,2024-03-02,2024-03-07,2024-03-10,Air,1426,94,4653.67,437444.98,Clear,East,Yes,77.2,DHL,,0,1,0
5733,3219.0,4.4,8.0,2024-10-01,2024-10-09,2024-10-14,Road,1384,79,821.13,64869.27,Clear,Central,No,92.8,BlueDart,Customs,0,0,1
5734,4119.0,3.5,3.0,2024-11-14,2024-11-17,2024-11-17,Sea,489,58,3696.16,214377.28,Cloudy,North,No,83.8,Delhivery,Weather,1,0,1
5735,5094.0,4.4,2.0,2024-01-11,2024-01-13,2024-01-18,Air,146,47,3689.59,173410.73,Cloudy,East,Yes,80.7,EcomExpress,Weather,0,0,1
5736,6217.0,4.1,2.0,2024-02-29,2024-03-02,2024-03-05,Road,829,83,4218.22,350112.26,Rainy,East,No,77.2,FedEx,Weather,0,0,1
5737,4560.0,3.7,8.0,2024-07-09,2024-07-17,2024-07-17,Air,539,94,1281.17,120429.98,Cloudy,North,Yes,86.8,FedEx,Weather,1,0,1
5738,4191.0,2.8,9.0,2024-10-17,2024-10-26,2024-10-26,Sea,815,76,379.79,28864.04,Cloudy,South,No,78.1,Delhivery,Weather,1,0,1
5739,7867.0,2.6,9.0,2024-06-29,2024-07-08,2024-07-10,Air,144,58,2866.87,166278.46,Clear,West,Yes,94.0,DHL,Customs,0,1,0
5740,5485.0,4.3,3.0,2024-06-13,2024-06-16,2024-06-15,Air,404,98,2990.06,293025.88,Storm,West,No,83.8,BlueDart,Operational,1,0,1
5741,5878.0,4.0,3.0,2024-07-05,2024-07-08,2024-07-10,Air,1380,26,4493.95,116842.7,Storm,West,No,86.5,BlueDart,,0,0,1
5742,2904.0,3.2,3.0,2024-06-06,2024-06-09,2024-06-11,Road,861,54,843.53,45550.62,Clear,East,Yes,97.1,BlueDart,Traffic,0,0,1
5743,7461.0,4.7,10.0,2024-01-05,2024-01-15,2024-01-20,Road,679,65,817.82,53158.3,Rainy,West,Yes,89.2,FedEx,,0,0,1
5744,6734.0,2.9,8.0,2024-08-10,2024-08-18,2024-08-20,Air,1467,7,3255.11,22785.77,Rainy,West,Yes,96.7,DHL,Traffic,0,1,0
5745,8446.0,5.0,6.0,2024-04-15,2024-04-21,2024-04-25,Air,1035,51,519.64,26501.64,Rainy,Central,Yes,90.1,EcomExpress,Traffic,0,0,1
5746,8775.0,4.8,4.0,2024-11-25,2024-11-29,2024-11-29,Air,1193,40,3463.64,138545.6,Storm,North,No,93.8,DHL,Weather,1,0,1
5747,9101.0,3.3,10.0,2024-01-16,2024-01-26,2024-01-28,Sea,934,30,3548.76,106462.8,Cloudy,Central,No,82.0,FedEx,Customs,0,0,1
5748,4353.0,2.8,10.0,2024-06-02,2024-06-12,2024-06-15,Sea,1338,78,951.83,74242.74,Clear,West,No,74.5,EcomExpress,,0,1,0
5749,2424.0,4.1,8.0,2024-01-12,2024-01-20,2024-01-24,Sea,1059,56,3960.93,221812.08,Cloudy,East,Yes,88.5,Delhivery,Operational,0,0,1
5750,1753.0,4.5,9.0,2024-01-15,2024-01-24,2024-01-29,Air,1437,69,1046.7,72222.3,Rainy,Central,Yes,95.7,Delhivery,,0,0,1
5751,7535.0,4.2,3.0,2024-10-09,2024-10-12,2024-10-12,Road,590,45,944.23,42490.35,Cloudy,West,Yes,98.1,EcomExpress,Customs,1,0,1
5752,8587.0,2.7,9.0,2024-09-06,2024-09-15,2024-09-14,Road,827,42,1655.64,69536.88,Cloudy,East,No,87.8,DHL,Traffic,1,0,1
5753,2075.0,3.2,8.0,2024-07-15,2024-07-23,2024-07-23,Sea,1197,78,4632.44,361330.32,Clear,West,Yes,79.9,BlueDart,Weather,1,0,1
5754,4361.0,4.5,8.0,2024-08-09,2024-08-17,2024-08-21,Road,1324,4,4437.29,17749.16,Rainy,East,Yes,86.7,DHL,,0,0,1
5755,9723.0,3.7,8.0,2024-09-12,2024-09-20,2024-09-24,Sea,34,68,1007.65,68520.2,Storm,West,Yes,92.3,EcomExpress,Weather,0,0,1
5756,1855.0,2.9,6.0,2024-06-18,2024-06-24,2024-06-28,Air,1461,63,4402.5,277357.5,Clear,South,Yes,95.3,EcomExpress,Traffic,0,0,1
5757,1148.0,3.1,2.0,2024-03-28,2024-03-30,2024-03-31,Sea,1359,37,4981.99,184333.63,Storm,North,Yes,93.8,BlueDart,Customs,0,0,1
5758,5721.0,3.5,7.0,2024-09-02,2024-09-09,2024-09-12,Air,489,99,839.16,83076.84,Clear,South,No,83.2,BlueDart,Weather,0,0,1
5759,9929.0,4.3,6.0,2024-04-25,2024-05-01,2024-04-30,Air,1182,34,977.09,33221.06,Cloudy,South,Yes,76.4,FedEx,Weather,1,0,1
5760,5358.0,4.1,8.0,2024-01-30,2024-02-07,2024-02-10,Road,921,89,3991.13,355210.57,Cloudy,North,Yes,80.3,DHL,Customs,0,0,1
5761,5156.0,4.2,9.0,2024-11-14,2024-11-23,2024-11-24,Air,1240,12,4896.51,58758.12,Cloudy,South,No,79.7,EcomExpress,,0,0,1
5762,5561.0,3.9,2.0,2024-03-30,2024-04-01,2024-04-05,Road,607,68,4660.61,316921.48,Storm,Central,No,71.5,BlueDart,Traffic,0,1,0
5763,9408.0,3.0,2.0,2024-08-04,2024-08-06,2024-08-06,Air,272,92,4431.93,407737.56,Cloudy,Central,No,71.0,Delhivery,Traffic,1,1,1
5764,5744.0,2.8,4.0,2024-09-22,2024-09-26,2024-09-25,Air,1384,72,4617.52,332461.44,Cloudy,East,Yes,81.5,DHL,,1,1,1
5765,8607.0,3.2,6.0,2024-06-24,2024-06-30,2024-07-02,Sea,26,42,3625.84,152285.28,Storm,East,Yes,87.0,EcomExpress,Operational,0,0,1
5766,4511.0,2.8,9.0,2024-03-17,2024-03-26,2024-03-31,Air,1291,56,1309.85,73351.6,Rainy,East,No,92.0,DHL,Operational,0,1,0
5767,4301.0,3.7,4.0,2024-11-17,2024-11-21,2024-11-21,Sea,88,53,3405.76,180505.28,Cloudy,North,No,78.2,BlueDart,Operational,1,1,1
5768,5331.0,4.1,3.0,2024-05-28,2024-05-31,2024-06-05,Road,701,21,298.57,6269.97,Clear,South,No,82.5,EcomExpress,,0,0,1
5769,1749.0,4.6,5.0,2024-11-17,2024-11-22,2024-11-23,Road,91,80,3152.53,252202.4,Storm,Central,No,75.8,FedEx,Operational,0,1,0
5770,2052.0,4.8,7.0,2024-04-25,2024-05-02,2024-05-02,Road,1309,52,2653.58,137986.16,Clear,North,No,77.6,DHL,Weather,1,0,1
5771,6997.0,4.6,9.0,2024-08-02,2024-08-11,2024-08-15,Sea,51,39,1628.9,63527.1,Clear,South,No,76.9,BlueDart,Customs,0,0,1
5772,3055.0,4.3,8.0,2024-09-12,2024-09-20,2024-09-24,Road,1250,41,1988.28,81519.48,Rainy,West,No,100.0,FedEx,Operational,0,0,1
5773,1997.0,4.8,6.0,2024-10-03,2024-10-09,2024-10-10,Sea,1494,7,1108.85,7761.95,Clear,Central,No,98.8,EcomExpress,Customs,0,0,1
5774,6194.0,2.7,8.0,2024-08-03,2024-08-11,2024-08-10,Air,1396,65,1723.03,111996.95,Clear,East,Yes,94.3,FedEx,Traffic,1,1,1
5775,4231.0,4.4,5.0,2024-09-22,2024-09-27,2024-09-29,Road,373,28,4560.49,127693.72,Clear,West,No,93.0,Delhivery,Traffic,0,1,0
5776,1450.0,4.5,10.0,2024-02-23,2024-03-04,2024-03-09,Air,844,96,175.77,16873.92,Rainy,Central,No,86.0,EcomExpress,Traffic,0,0,1
5777,1621.0,4.8,3.0,2024-09-04,2024-09-07,2024-09-08,Road,1159,18,110.48,1988.64,Clear,West,No,98.5,FedEx,Traffic,0,0,1
5778,2112.0,4.0,8.0,2024-08-05,2024-08-13,2024-08-12,Air,857,4,477.03,1908.12,Cloudy,West,No,73.6,DHL,Traffic,1,0,1
5779,5625.0,4.9,6.0,2024-04-29,2024-05-05,2024-05-04,Road,341,96,438.05,42052.8,Rainy,North,No,72.8,DHL,Operational,1,0,1
5780,2877.0,3.2,2.0,2024-11-17,2024-11-19,2024-11-19,Air,554,2,1269.79,2539.58,Rainy,North,Yes,79.4,DHL,Weather,1,1,1
5781,5874.0,3.8,5.0,2024-01-01,2024-01-06,2024-01-06,Sea,124,66,1079.52,71248.32,Clear,Central,No,93.6,EcomExpress,Operational,1,0,1
5782,8317.0,4.6,6.0,2024-11-15,2024-11-21,2024-11-25,Sea,51,33,138.24,4561.92,Storm,West,Yes,99.2,EcomExpress,Weather,0,0,1
5783,8824.0,3.6,10.0,2024-05-30,2024-06-09,2024-06-10,Road,731,22,4263.19,93790.18,Rainy,South,Yes,81.7,DHL,Operational,0,0,1
5784,3933.0,3.6,5.0,2024-10-11,2024-10-16,2024-10-17,Road,1129,38,235.67,8955.46,Cloudy,West,No,88.6,BlueDart,Operational,0,0,1
5785,6306.0,4.0,3.0,2024-02-03,2024-02-06,2024-02-07,Air,658,63,368.8,23234.4,Clear,West,Yes,70.6,Delhivery,Customs,0,1,0
5786,5953.0,3.2,2.0,2024-02-17,2024-02-19,2024-02-21,Air,29,92,3156.67,290413.64,Storm,East,Yes,94.6,DHL,Operational,0,1,0
5787,9591.0,4.8,9.0,2024-10-11,2024-10-20,2024-10-19,Sea,394,88,775.64,68256.32,Clear,South,No,75.8,FedEx,,1,0,1
5788,6101.0,3.4,6.0,2024-11-05,2024-11-11,2024-11-16,Road,1460,47,3267.77,153585.19,Cloudy,North,No,75.0,BlueDart,Customs,0,0,1
5789,2973.0,3.8,10.0,2024-10-26,2024-11-05,2024-11-07,Road,86,70,1044.81,73136.7,Cloudy,North,No,77.6,Delhivery,Weather,0,1,0
5790,6956.0,3.7,10.0,2024-05-13,2024-05-23,2024-05-24,Air,1410,41,2650.88,108686.08,Rainy,West,Yes,90.4,BlueDart,Weather,0,0,1
5791,7789.0,2.6,3.0,2024-06-16,2024-06-19,2024-06-21,Sea,579,93,3993.94,371436.42,Storm,South,Yes,88.8,Delhivery,Traffic,0,1,0
5792,8387.0,3.0,2.0,2024-08-24,2024-08-26,2024-08-28,Air,268,85,4060.31,345126.35,Rainy,North,No,92.9,Delhivery,Traffic,0,1,0
5793,1450.0,3.4,2.0,2024-10-08,2024-10-10,2024-10-10,Road,422,59,586.91,34627.69,Storm,East,No,83.1,BlueDart,Weather,1,0,1
5794,2384.0,3.9,4.0,2024-11-09,2024-11-13,2024-11-14,Road,772,42,685.9,28807.8,Cloudy,Central,No,94.9,FedEx,Operational,0,1,0
5795,3299.0,4.5,4.0,2024-11-21,2024-11-25,2024-11-27,Sea,650,86,1715.84,147562.24,Cloudy,South,Yes,96.5,EcomExpress,Traffic,0,0,1
5796,9122.0,4.1,5.0,2024-03-11,2024-03-16,2024-03-20,Air,1313,22,278.1,6118.2,Rainy,Central,Yes,93.0,EcomExpress,Customs,0,0,1
5797,5929.0,3.0,4.0,2024-10-08,2024-10-12,2024-10-17,Sea,822,34,690.26,23468.84,Clear,Central,Yes,89.5,DHL,,0,0,1
5798,4468.0,3.2,6.0,2024-08-21,2024-08-27,2024-08-29,Road,890,90,1594.76,143528.4,Cloudy,West,No,72.5,FedEx,Weather,0,0,1
5799,4737.0,4.3,6.0,2024-08-04,2024-08-10,2024-08-13,Air,1049,18,524.76,9445.68,Storm,East,Yes,86.5,FedEx,Operational,0,1,0
5800,8314.0,4.7,7.0,2024-07-27,2024-08-03,2024-08-08,Air,942,72,1677.97,120813.84,Storm,Central,No,99.5,DHL,Traffic,0,1,0
5801,2404.0,4.2,5.0,2024-05-09,2024-05-14,2024-05-17,Air,1405,44,4766.38,209720.72,Cloudy,Central,Yes,96.2,DHL,,0,0,1
5802,1445.0,3.0,10.0,2024-03-07,2024-03-17,2024-03-18,Air,1222,33,2405.88,79394.04,Cloudy,Central,Yes,79.9,Delhivery,Weather,0,0,1
5803,8621.0,4.5,6.0,2024-09-06,2024-09-12,2024-09-16,Sea,158,15,3668.32,55024.8,Storm,North,No,77.9,EcomExpress,,0,0,1
5804,4255.0,4.9,6.0,2024-04-10,2024-04-16,2024-04-18,Road,897,70,3508.1,245567.0,Storm,South,Yes,76.3,EcomExpress,Traffic,0,0,1
5805,7253.0,4.7,9.0,2024-11-13,2024-11-22,2024-11-27,Road,1009,81,3154.63,255525.03,Cloudy,South,No,90.6,FedEx,Weather,0,0,1
5806,9655.0,4.8,2.0,2024-06-16,2024-06-18,2024-06-23,Road,1352,17,2494.89,42413.13,Storm,West,Yes,72.8,EcomExpress,Traffic,0,1,0
5807,6689.0,2.8,2.0,2024-07-09,2024-07-11,2024-07-12,Air,909,34,1717.95,58410.3,Rainy,North,Yes,77.5,Delhivery,Weather,0,0,1
5808,5850.0,2.7,3.0,2024-10-28,2024-10-31,2024-11-02,Air,1088,28,1395.72,39080.16,Storm,Central,No,71.1,FedEx,Customs,0,0,1
5809,3993.0,2.6,5.0,2024-11-10,2024-11-15,2024-11-17,Road,1184,66,4520.03,298321.98,Rainy,North,Yes,81.2,FedEx,,0,1,0
5810,1920.0,3.5,8.0,2024-05-26,2024-06-03,2024-06-06,Road,988,14,3154.73,44166.22,Cloudy,South,Yes,96.9,DHL,Traffic,0,1,0
5811,1938.0,3.5,4.0,2024-09-21,2024-09-25,2024-09-30,Road,828,88,3534.49,311035.12,Rainy,South,Yes,95.3,BlueDart,Customs,0,1,0
5812,2159.0,3.2,3.0,2024-09-19,2024-09-22,2024-09-22,Road,1088,4,4007.45,16029.8,Clear,South,No,93.2,BlueDart,Customs,1,0,1
5813,6781.0,2.7,5.0,2024-07-11,2024-07-16,2024-07-16,Road,924,27,1874.68,50616.36,Rainy,South,Yes,84.5,FedEx,,1,0,1
5814,7928.0,3.8,4.0,2024-02-21,2024-02-25,2024-02-26,Sea,489,91,985.16,89649.56,Cloudy,South,Yes,70.5,EcomExpress,Operational,0,0,1
5815,3858.0,3.4,9.0,2024-11-20,2024-11-29,2024-11-28,Sea,810,8,4108.29,32866.32,Rainy,Central,No,73.3,Delhivery,Weather,1,0,1
5816,7581.0,3.5,3.0,2024-03-01,2024-03-04,2024-03-05,Sea,1261,81,740.28,59962.68,Cloudy,East,No,98.2,Delhivery,Customs,0,0,1
5817,7780.0,4.9,10.0,2024-10-12,2024-10-22,2024-10-21,Road,1032,70,3046.29,213240.3,Cloudy,Central,Yes,70.6,Delhivery,,1,1,1
5818,3803.0,3.4,4.0,2024-03-17,2024-03-21,2024-03-26,Sea,368,19,493.49,9376.31,Cloudy,North,No,84.2,EcomExpress,Customs,0,1,0
5819,8618.0,3.6,9.0,2024-03-03,2024-03-12,2024-03-13,Road,111,12,2813.75,33765.0,Clear,West,Yes,84.6,Delhivery,,0,1,0
5820,4543.0,3.6,5.0,2024-11-11,2024-11-16,2024-11-17,Air,80,100,3884.66,388466.0,Clear,East,No,97.5,EcomExpress,Traffic,0,0,1
5821,2050.0,3.1,2.0,2024-11-15,2024-11-17,2024-11-21,Air,995,91,1939.38,176483.58,Cloudy,North,Yes,75.5,BlueDart,Operational,0,0,1
5822,9691.0,4.9,6.0,2024-04-04,2024-04-10,2024-04-12,Sea,564,3,776.26,2328.78,Storm,North,No,97.2,EcomExpress,Customs,0,0,1
5823,5309.0,4.9,9.0,2024-03-21,2024-03-30,2024-04-04,Road,1468,35,4286.78,150037.3,Storm,North,No,82.5,DHL,Weather,0,0,1
5824,4372.0,3.3,8.0,2024-11-24,2024-12-02,2024-12-06,Air,1497,81,4926.41,399039.21,Storm,Central,No,96.9,Delhivery,Weather,0,1,0
5825,2892.0,4.4,7.0,2024-05-27,2024-06-03,2024-06-03,Air,447,35,3337.42,116809.7,Clear,West,Yes,91.4,EcomExpress,,1,0,1
5826,3349.0,4.9,8.0,2024-09-17,2024-09-25,2024-09-29,Sea,1271,4,1050.81,4203.24,Clear,Central,Yes,80.1,Delhivery,Traffic,0,0,1
5827,3402.0,4.1,10.0,2024-05-06,2024-05-16,2024-05-18,Sea,429,46,4113.92,189240.32,Clear,West,No,93.8,EcomExpress,Weather,0,0,1
5828,5165.0,4.2,3.0,2024-01-25,2024-01-28,2024-01-28,Air,761,27,2399.96,64798.92,Storm,West,No,75.9,Delhivery,Traffic,1,0,1
5829,,3.3,,2024-01-08,2024-01-11,2024-01-15,Air,165,66,3727.35,,Storm,East,Yes,83.2,BlueDart,Weather,0,0,1
5830,6471.0,4.6,4.0,2024-09-11,2024-09-15,2024-09-19,Road,191,50,1690.1,84505.0,Rainy,West,No,86.2,DHL,Operational,0,0,1
5831,8191.0,4.6,6.0,2024-09-17,2024-09-23,2024-09-26,Road,1450,97,1394.16,135233.52,Rainy,West,Yes,87.9,Delhivery,Traffic,0,0,1
5832,8995.0,4.2,2.0,2024-08-18,2024-08-20,2024-08-24,Road,1066,54,2014.15,108764.1,Cloudy,East,Yes,87.2,Delhivery,,0,1,0
5833,6519.0,2.6,6.0,2024-01-08,2024-01-14,2024-01-18,Air,71,36,3832.39,137966.04,Clear,East,Yes,84.9,DHL,Operational,0,0,1
5834,4375.0,4.0,3.0,2024-10-26,2024-10-29,2024-11-02,Road,590,46,4102.46,188713.16,Storm,North,No,89.6,Delhivery,Traffic,0,1,0
5835,1600.0,2.9,3.0,2024-07-15,2024-07-18,2024-07-21,Sea,47,55,2786.7,153268.5,Storm,North,No,83.9,DHL,Weather,0,0,1
5836,4734.0,4.5,7.0,2024-09-10,2024-09-17,2024-09-21,Sea,100,40,3322.44,132897.6,Clear,South,No,75.6,EcomExpress,Weather,0,0,1
5837,9409.0,4.9,4.0,2024-04-29,2024-05-03,2024-05-04,Road,1095,68,441.07,29992.76,Storm,East,Yes,80.6,Delhivery,Traffic,0,0,1
5838,6804.0,4.1,2.0,2024-01-06,2024-01-08,2024-01-11,Sea,883,11,4357.11,47928.21,Rainy,South,No,70.4,Delhivery,Traffic,0,1,0
5839,1362.0,4.6,8.0,2024-01-26,2024-02-03,2024-02-06,Sea,1028,28,386.46,10820.88,Rainy,East,Yes,99.2,DHL,Traffic,0,0,1
5840,1397.0,4.7,5.0,2024-09-26,2024-10-01,2024-10-02,Sea,586,91,3337.74,303734.34,Rainy,East,No,82.6,Delhivery,,0,0,1
5841,3351.0,4.1,9.0,2024-07-14,2024-07-23,2024-07-27,Road,1442,89,1734.48,154368.72,Storm,Central,No,85.8,EcomExpress,Customs,0,1,0
5842,5730.0,3.1,10.0,2024-09-23,2024-10-03,2024-10-06,Road,524,6,1168.69,7012.14,Rainy,Central,No,94.3,EcomExpress,Customs,0,0,1
5843,9202.0,4.0,7.0,2024-10-11,2024-10-18,2024-10-18,Road,413,11,4520.02,49720.22,Clear,North,Yes,70.3,BlueDart,Traffic,1,0,1
5844,1765.0,4.0,10.0,2024-07-21,2024-07-31,2024-08-02,Air,1333,46,1500.18,69008.28,Storm,Central,No,82.7,Delhivery,,0,1,0
5845,1194.0,3.2,7.0,2024-02-06,2024-02-13,2024-02-18,Air,880,93,3242.23,301527.39,Rainy,North,Yes,99.6,EcomExpress,,0,0,1
5846,1612.0,4.1,6.0,2024-08-22,2024-08-28,2024-08-28,Road,428,64,2140.34,136981.76,Clear,West,No,94.3,Delhivery,,1,0,1
5847,9247.0,4.8,4.0,2024-08-06,2024-08-10,2024-08-14,Sea,1279,99,1823.67,180543.33,Clear,North,Yes,80.8,FedEx,Customs,0,0,1
5848,9376.0,4.6,7.0,2024-11-04,2024-11-11,2024-11-15,Sea,325,36,3621.75,130383.0,Storm,South,Yes,71.2,BlueDart,,0,0,1
5849,9126.0,2.6,7.0,2024-06-04,2024-06-11,2024-06-14,Sea,1000,14,3931.71,55043.94,Rainy,North,Yes,75.2,Delhivery,,0,0,1
5850,3972.0,3.9,8.0,2024-03-26,2024-04-03,2024-04-08,Sea,759,2,873.8,1747.6,Storm,North,Yes,94.1,EcomExpress,Customs,0,0,1
5851,2108.0,3.9,6.0,2024-06-01,2024-06-07,2024-06-06,Road,980,39,2263.5,88276.5,Rainy,Central,Yes,83.5,DHL,Weather,1,1,1
5852,1204.0,4.2,7.0,2024-05-03,2024-05-10,2024-05-15,Sea,1129,6,3181.32,19087.92,Clear,Central,Yes,98.4,BlueDart,Weather,0,0,1
5853,2000.0,2.5,4.0,2024-10-18,2024-10-22,2024-10-24,Road,602,68,2953.83,200860.44,Cloudy,South,Yes,74.5,FedEx,,0,0,1
5854,9393.0,4.3,8.0,2024-11-19,2024-11-27,2024-11-30,Sea,684,12,4783.41,57400.92,Clear,East,No,92.1,Delhivery,Operational,0,0,1
5855,4450.0,3.3,3.0,2024-04-04,2024-04-07,2024-04-10,Sea,352,78,361.15,28169.7,Storm,Central,No,94.1,DHL,Customs,0,0,1
5856,7785.0,4.9,5.0,2024-09-16,2024-09-21,2024-09-22,Road,1438,78,2583.14,201484.92,Clear,Central,Yes,94.8,EcomExpress,Traffic,0,0,1
5857,3884.0,3.2,8.0,2024-01-26,2024-02-03,2024-02-02,Air,781,10,1830.73,18307.3,Clear,South,Yes,97.6,EcomExpress,Traffic,1,0,1
5858,8850.0,3.1,5.0,2024-03-27,2024-04-01,2024-04-02,Road,945,6,440.71,2644.26,Rainy,South,No,80.5,DHL,Weather,0,0,1
5859,5813.0,3.2,10.0,2024-04-07,2024-04-17,2024-04-16,Sea,1402,27,3567.09,96311.43,Rainy,West,Yes,80.0,DHL,Traffic,1,1,1
5860,3450.0,3.3,10.0,2024-06-01,2024-06-11,2024-06-14,Road,58,77,3801.97,292751.69,Storm,Central,Yes,76.2,Delhivery,Operational,0,1,0
5861,1517.0,2.6,5.0,2024-07-16,2024-07-21,2024-07-23,Road,33,3,209.26,627.78,Clear,East,Yes,81.5,BlueDart,Customs,0,0,1
5862,9385.0,3.6,6.0,2024-06-26,2024-07-02,2024-07-01,Road,419,97,3710.58,359926.26,Clear,North,Yes,87.7,BlueDart,Weather,1,0,1
5863,3849.0,4.1,10.0,2024-07-16,2024-07-26,2024-07-25,Sea,879,66,3582.83,236466.78,Rainy,South,No,91.4,EcomExpress,,1,0,1
5864,3626.0,3.1,4.0,2024-02-07,2024-02-11,2024-02-16,Sea,265,36,4004.35,144156.6,Cloudy,North,No,99.3,Delhivery,,0,0,1
5865,5836.0,3.6,6.0,2024-08-09,2024-08-15,2024-08-18,Road,833,90,4959.78,446380.2,Rainy,North,Yes,85.3,EcomExpress,Customs,0,0,1
5866,6834.0,4.6,4.0,2024-03-01,2024-03-05,2024-03-07,Sea,274,51,2388.38,121807.38,Clear,North,Yes,75.1,FedEx,Traffic,0,0,1
5867,2602.0,2.9,9.0,2024-02-17,2024-02-26,2024-02-25,Sea,852,9,1549.97,13949.73,Rainy,West,No,74.0,BlueDart,Weather,1,1,1
5868,2666.0,3.4,5.0,2024-09-15,2024-09-20,2024-09-25,Road,1191,25,4594.67,114866.75,Storm,East,No,99.4,Delhivery,Customs,0,1,0
5869,,2.6,,2024-04-29,2024-05-08,2024-05-08,Sea,1207,82,3750.27,,Rainy,Central,Yes,95.1,DHL,Operational,1,0,1
5870,6415.0,2.8,9.0,2024-08-07,2024-08-16,2024-08-20,Sea,639,94,486.31,45713.14,Cloudy,South,Yes,91.4,Delhivery,,0,0,1
5871,6598.0,4.9,10.0,2024-08-15,2024-08-25,2024-08-25,Road,320,35,1562.19,54676.65,Rainy,East,No,73.8,EcomExpress,Weather,1,0,1
5872,1209.0,2.8,8.0,2024-06-28,2024-07-06,2024-07-07,Air,65,93,3264.48,303596.64,Rainy,South,No,74.3,Delhivery,Weather,0,0,1
5873,7474.0,2.7,8.0,2024-02-13,2024-02-21,2024-02-20,Sea,655,17,3173.82,53954.94,Rainy,South,Yes,73.6,Delhivery,Operational,1,0,1
5874,2131.0,4.6,4.0,2024-06-26,2024-06-30,2024-06-30,Road,580,100,1325.45,132545.0,Storm,West,No,92.9,DHL,Traffic,1,0,1
5875,8960.0,3.8,2.0,2024-09-26,2024-09-28,2024-10-02,Sea,1298,65,3904.06,253763.9,Rainy,Central,Yes,90.9,FedEx,Weather,0,0,1
5876,3865.0,3.8,6.0,2024-01-06,2024-01-12,2024-01-16,Sea,180,41,2478.22,101607.02,Rainy,Central,Yes,75.5,EcomExpress,Operational,0,1,0
5877,4893.0,3.9,2.0,2024-01-25,2024-01-27,2024-02-01,Road,711,27,1269.31,34271.37,Cloudy,South,No,85.8,EcomExpress,Customs,0,0,1
5878,4863.0,3.6,6.0,2024-03-26,2024-04-01,2024-04-06,Road,1316,30,3552.52,106575.6,Clear,East,No,93.5,FedEx,Customs,0,0,1
5879,4944.0,2.5,4.0,2024-09-12,2024-09-16,2024-09-16,Air,1236,1,712.34,712.34,Cloudy,South,Yes,72.7,EcomExpress,,1,0,1
5880,2501.0,2.5,10.0,2024-10-11,2024-10-21,2024-10-26,Air,373,19,1253.83,23822.77,Storm,Central,Yes,78.8,Delhivery,Customs,0,0,1
5881,9971.0,2.9,6.0,2024-05-24,2024-05-30,2024-06-03,Air,1368,94,4662.92,438314.48,Storm,East,No,71.9,BlueDart,Customs,0,0,1
5882,9915.0,2.8,10.0,2024-07-19,2024-07-29,2024-08-01,Road,391,73,3302.04,241048.92,Storm,East,No,73.0,DHL,,0,0,1
5883,3101.0,4.3,8.0,2024-08-22,2024-08-30,2024-09-03,Road,296,30,4709.13,141273.9,Storm,West,No,70.7,EcomExpress,Weather,0,0,1
5884,3805.0,3.6,5.0,2024-05-11,2024-05-16,2024-05-20,Air,1244,57,777.23,44302.11,Rainy,South,No,90.9,BlueDart,Weather,0,1,0
5885,4207.0,4.1,2.0,2024-02-26,2024-02-28,2024-03-02,Air,1209,44,2481.29,109176.76,Storm,North,No,81.9,Delhivery,Traffic,0,0,1
5886,4756.0,2.9,2.0,2024-10-24,2024-10-26,2024-10-30,Road,1261,74,297.82,22038.68,Rainy,North,Yes,84.5,FedEx,Customs,0,0,1
5887,2452.0,4.1,2.0,2024-07-12,2024-07-14,2024-07-15,Air,248,39,3163.46,123374.94,Rainy,Central,No,81.4,Delhivery,Traffic,0,0,1
5888,6183.0,3.7,4.0,2024-01-29,2024-02-02,2024-02-07,Road,195,69,1640.07,113164.83,Cloudy,North,Yes,77.2,Delhivery,Operational,0,0,1
5889,4420.0,3.0,7.0,2024-03-12,2024-03-19,2024-03-19,Road,705,65,2749.51,178718.15,Rainy,South,Yes,77.9,Delhivery,,1,0,1
5890,1918.0,4.5,6.0,2024-09-18,2024-09-24,2024-09-28,Air,213,21,4973.21,104437.41,Storm,Central,Yes,75.8,BlueDart,Weather,0,0,1
5891,4190.0,4.2,7.0,2024-07-24,2024-07-31,2024-08-01,Sea,1282,100,3467.78,346778.0,Rainy,East,Yes,83.6,EcomExpress,Customs,0,0,1
5892,4882.0,4.4,3.0,2024-10-09,2024-10-12,2024-10-16,Road,1398,18,3350.37,60306.66,Cloudy,East,Yes,87.9,BlueDart,Operational,0,0,1
5893,7396.0,4.4,5.0,2024-06-21,2024-06-26,2024-06-27,Road,412,22,1841.06,40503.32,Storm,East,Yes,71.2,EcomExpress,,0,0,1
5894,2398.0,2.9,9.0,2024-05-22,2024-05-31,2024-06-04,Sea,258,72,4754.08,342293.76,Rainy,West,No,86.7,Delhivery,Traffic,0,0,1
5895,4637.0,4.7,10.0,2024-01-15,2024-01-25,2024-01-26,Sea,1363,79,4486.79,354456.41,Rainy,East,No,97.7,EcomExpress,Customs,0,0,1
5896,6689.0,3.5,5.0,2024-07-23,2024-07-28,2024-07-27,Road,1188,94,3291.36,309387.84,Storm,West,No,78.7,FedEx,Traffic,1,0,1
5897,8840.0,4.1,9.0,2024-06-01,2024-06-10,2024-06-13,Air,108,29,1098.2,31847.8,Clear,West,Yes,83.5,DHL,Weather,0,1,0
5898,8306.0,4.4,6.0,2024-09-01,2024-09-07,2024-09-09,Road,13,35,4032.89,141151.15,Cloudy,South,No,97.6,Delhivery,Weather,0,1,0
5899,9719.0,3.2,9.0,2024-03-29,2024-04-07,2024-04-11,Road,388,78,1063.79,82975.62,Cloudy,West,No,71.3,FedEx,Operational,0,0,1
5900,5186.0,3.4,4.0,2024-05-24,2024-05-28,2024-05-30,Sea,777,79,1910.27,150911.33,Storm,North,Yes,95.6,DHL,Traffic,0,0,1
5901,9773.0,3.2,6.0,2024-02-04,2024-02-10,2024-02-15,Air,813,100,751.2,75120.0,Clear,Central,No,71.8,DHL,,0,1,0
5902,4901.0,3.3,3.0,2024-04-01,2024-04-04,2024-04-07,Sea,715,11,4430.58,48736.38,Rainy,West,No,75.5,FedEx,,0,0,1
5903,8998.0,4.5,3.0,2024-10-04,2024-10-07,2024-10-12,Road,611,29,2375.58,68891.82,Clear,Central,No,71.8,Delhivery,Customs,0,0,1
5904,8035.0,4.1,10.0,2024-04-24,2024-05-04,2024-05-04,Sea,213,97,3455.93,335225.21,Rainy,North,No,74.6,EcomExpress,,1,0,1
5905,4175.0,4.2,7.0,2024-07-12,2024-07-19,2024-07-23,Road,1462,80,4316.46,345316.8,Cloudy,South,Yes,83.3,FedEx,Traffic,0,0,1
5906,7597.0,4.2,2.0,2024-09-15,2024-09-17,2024-09-19,Sea,948,18,1383.17,24897.06,Clear,North,Yes,87.9,BlueDart,Operational,0,1,0
5907,4847.0,2.7,7.0,2024-06-30,2024-07-07,2024-07-12,Air,856,18,3517.68,63318.24,Cloudy,Central,Yes,74.5,BlueDart,Operational,0,1,0
5908,8490.0,3.4,4.0,2024-04-06,2024-04-10,2024-04-12,Air,923,44,3883.41,170870.04,Cloudy,Central,No,75.1,DHL,Operational,0,1,0
5909,4360.0,5.0,6.0,2024-01-07,2024-01-13,2024-01-13,Sea,1177,1,3341.6,3341.6,Storm,East,Yes,77.9,DHL,Traffic,1,1,1
5910,9562.0,4.5,2.0,2024-07-26,2024-07-28,2024-08-01,Road,305,24,4729.79,113514.96,Rainy,Central,Yes,88.3,BlueDart,Traffic,0,0,1
5911,2170.0,2.5,7.0,2024-01-08,2024-01-15,2024-01-19,Air,122,88,3486.72,306831.36,Storm,Central,Yes,91.8,BlueDart,,0,0,1
5912,4498.0,3.0,2.0,2024-10-21,2024-10-23,2024-10-23,Air,375,42,2708.83,113770.86,Clear,East,No,80.4,BlueDart,Weather,1,0,1
5913,8602.0,4.8,10.0,2024-10-18,2024-10-28,2024-10-30,Road,1330,14,2196.2,30746.8,Storm,Central,No,91.9,FedEx,Weather,0,0,1
5914,6259.0,4.4,6.0,2024-01-18,2024-01-24,2024-01-24,Sea,1112,43,994.94,42782.42,Clear,Central,Yes,95.3,EcomExpress,Operational,1,0,1
5915,8246.0,4.1,4.0,2024-06-10,2024-06-14,2024-06-15,Road,560,29,650.83,18874.07,Rainy,East,Yes,86.6,DHL,,0,0,1
5916,6754.0,4.3,7.0,2024-07-23,2024-07-30,2024-07-29,Air,249,77,657.07,50594.39,Storm,South,No,90.2,Delhivery,Operational,1,0,1
5917,6675.0,4.1,7.0,2024-07-14,2024-07-21,2024-07-23,Sea,893,42,1741.83,73156.86,Rainy,West,Yes,97.6,BlueDart,Customs,0,1,0
5918,4565.0,4.6,6.0,2024-03-30,2024-04-05,2024-04-08,Air,700,60,4911.06,294663.6,Cloudy,North,Yes,99.3,EcomExpress,Customs,0,1,0
5919,3675.0,4.1,10.0,2024-01-16,2024-01-26,2024-01-25,Sea,1259,36,1901.67,68460.12,Cloudy,West,No,92.9,BlueDart,Customs,1,0,1
5920,5598.0,3.1,2.0,2024-02-12,2024-02-14,2024-02-16,Road,1173,69,2298.73,158612.37,Storm,East,Yes,88.5,FedEx,,0,0,1
5921,1157.0,2.7,9.0,2024-01-09,2024-01-18,2024-01-18,Air,404,71,1269.19,90112.49,Cloudy,East,No,83.6,BlueDart,Customs,1,0,1
5922,2376.0,4.6,7.0,2024-03-02,2024-03-09,2024-03-10,Air,852,10,3939.06,39390.6,Clear,North,Yes,99.3,Delhivery,Weather,0,1,0
5923,8750.0,2.9,4.0,2024-02-25,2024-02-29,2024-03-04,Air,1493,5,1531.88,7659.4,Rainy,Central,No,85.1,Delhivery,Traffic,0,1,0
5924,2141.0,4.1,5.0,2024-05-25,2024-05-30,2024-05-31,Sea,138,97,2593.54,251573.38,Rainy,South,Yes,97.2,DHL,Operational,0,1,0
5925,9228.0,4.1,6.0,2024-01-23,2024-01-29,2024-02-03,Air,191,41,1058.95,43416.95,Cloudy,West,No,77.8,Delhivery,Traffic,0,0,1
5926,4816.0,2.6,3.0,2024-02-20,2024-02-23,2024-02-25,Sea,1313,48,1038.38,49842.24,Clear,West,Yes,86.5,BlueDart,Weather,0,0,1
5927,7822.0,3.9,9.0,2024-06-04,2024-06-13,2024-06-17,Air,100,40,1472.65,58906.0,Cloudy,South,No,89.7,FedEx,Operational,0,0,1
5928,2164.0,2.6,9.0,2024-08-21,2024-08-30,2024-08-31,Air,1124,86,2234.18,192139.48,Clear,West,No,72.5,EcomExpress,Customs,0,0,1
5929,4727.0,3.8,4.0,2024-05-27,2024-05-31,2024-06-05,Air,1299,13,1010.52,13136.76,Storm,West,Yes,86.1,Delhivery,Traffic,0,0,1
5930,7007.0,2.5,6.0,2024-05-07,2024-05-13,2024-05-14,Road,1413,27,4380.09,118262.43,Cloudy,West,No,99.1,BlueDart,Customs,0,0,1
5931,3126.0,3.3,8.0,2024-03-19,2024-03-27,2024-03-27,Road,273,90,3593.92,323452.8,Rainy,East,No,82.9,DHL,Operational,1,0,1
5932,3315.0,3.6,8.0,2024-04-05,2024-04-13,2024-04-13,Sea,1240,92,2588.14,238108.88,Clear,North,No,90.1,FedEx,,1,0,1
5933,9562.0,3.3,4.0,2024-07-19,2024-07-23,2024-07-24,Air,1275,96,4602.77,441865.92,Storm,East,Yes,82.4,DHL,Weather,0,0,1
5934,4507.0,3.6,9.0,2024-06-05,2024-06-14,2024-06-13,Sea,1174,61,1768.14,107856.54,Storm,East,Yes,72.9,DHL,Weather,1,0,1
5935,5572.0,3.6,3.0,2024-05-16,2024-05-19,2024-05-21,Sea,631,84,2717.65,228282.6,Rainy,South,Yes,91.2,BlueDart,Traffic,0,0,1
5936,2009.0,4.5,10.0,2024-03-31,2024-04-10,2024-04-13,Sea,283,47,3556.91,167174.77,Cloudy,North,Yes,89.4,DHL,Customs,0,1,0
5937,8951.0,3.6,9.0,2024-10-28,2024-11-06,2024-11-07,Air,1137,69,930.6,64211.4,Clear,West,Yes,73.5,EcomExpress,Traffic,0,0,1
5938,6747.0,3.6,2.0,2024-11-09,2024-11-11,2024-11-11,Air,1268,29,208.58,6048.82,Rainy,East,No,91.9,DHL,Traffic,1,1,1
5939,1624.0,2.5,9.0,2024-06-01,2024-06-10,2024-06-10,Road,1366,39,1037.85,40476.15,Rainy,West,No,79.2,FedEx,,1,1,1
5940,6472.0,5.0,9.0,2024-02-28,2024-03-08,2024-03-08,Road,1475,58,1525.13,88457.54,Cloudy,South,Yes,93.3,FedEx,,1,0,1
5941,3150.0,2.8,5.0,2024-07-21,2024-07-26,2024-07-25,Road,1283,28,2399.13,67175.64,Rainy,East,Yes,95.4,FedEx,Weather,1,1,1
5942,8613.0,4.3,8.0,2024-10-04,2024-10-12,2024-10-17,Sea,640,92,1327.47,122127.24,Cloudy,Central,No,78.5,Delhivery,Customs,0,0,1
5943,9359.0,2.7,2.0,2024-10-12,2024-10-14,2024-10-14,Road,441,17,1011.88,17201.96,Storm,North,No,85.5,BlueDart,Customs,1,1,1
5944,3896.0,4.1,8.0,2024-07-13,2024-07-21,2024-07-22,Air,1362,35,1729.45,60530.75,Cloudy,North,No,78.0,DHL,Operational,0,1,0
5945,8651.0,2.6,7.0,2024-07-11,2024-07-18,2024-07-19,Road,1110,48,4058.19,194793.12,Clear,East,No,85.8,Delhivery,Customs,0,0,1
5946,8976.0,3.4,10.0,2024-02-04,2024-02-14,2024-02-14,Air,1065,12,625.39,7504.68,Storm,North,No,96.6,BlueDart,Weather,1,1,1
5947,8450.0,5.0,7.0,2024-06-29,2024-07-06,2024-07-07,Road,1449,35,1781.58,62355.3,Rainy,Central,No,92.3,Delhivery,,0,1,0
5948,3404.0,3.2,5.0,2024-02-21,2024-02-26,2024-02-27,Air,611,76,3468.02,263569.52,Cloudy,Central,Yes,99.5,FedEx,Customs,0,0,1
5949,5952.0,4.0,8.0,2024-03-27,2024-04-04,2024-04-09,Sea,741,45,3803.55,171159.75,Cloudy,Central,No,87.3,EcomExpress,,0,0,1
5950,3529.0,4.1,5.0,2024-05-03,2024-05-08,2024-05-11,Road,34,85,3209.35,272794.75,Rainy,South,No,95.2,BlueDart,Weather,0,0,1
5951,7858.0,4.0,4.0,2024-09-24,2024-09-28,2024-10-02,Air,954,59,2866.8,169141.2,Rainy,South,No,94.1,DHL,Customs,0,0,1
5952,8804.0,2.6,4.0,2024-07-27,2024-07-31,2024-08-04,Sea,168,88,3524.44,310150.72,Clear,Central,No,88.2,BlueDart,Customs,0,1,0
5953,2353.0,3.7,9.0,2024-08-19,2024-08-28,2024-08-29,Air,825,52,4401.11,228857.72,Storm,Central,No,86.3,DHL,Weather,0,0,1
5954,9809.0,5.0,4.0,2024-06-05,2024-06-09,2024-06-14,Road,1375,64,335.66,21482.24,Cloudy,North,No,72.5,BlueDart,,0,0,1
5955,1663.0,4.2,8.0,2024-03-26,2024-04-03,2024-04-03,Sea,606,56,2248.87,125936.72,Storm,South,Yes,84.5,DHL,Weather,1,0,1
5956,1111.0,3.5,9.0,2024-04-04,2024-04-13,2024-04-14,Road,1363,37,1949.74,72140.38,Storm,West,No,75.6,BlueDart,Weather,0,0,1
5957,6331.0,4.8,7.0,2024-11-11,2024-11-18,2024-11-19,Air,554,96,137.12,13163.52,Clear,South,Yes,96.6,Delhivery,,0,0,1
5958,8144.0,5.0,9.0,2024-06-16,2024-06-25,2024-06-24,Sea,726,47,2237.09,105143.23,Cloudy,East,Yes,77.8,DHL,,1,1,1
5959,2066.0,3.7,8.0,2024-01-22,2024-01-30,2024-02-02,Sea,1253,28,1949.77,54593.56,Cloudy,Central,No,94.5,BlueDart,Customs,0,0,1
5960,9349.0,4.8,6.0,2024-01-25,2024-01-31,2024-01-31,Air,582,52,939.42,48849.84,Cloudy,North,No,89.4,EcomExpress,Customs,1,0,1
5961,6397.0,4.8,5.0,2024-09-25,2024-09-30,2024-10-04,Road,648,57,3558.0,202806.0,Rainy,North,No,96.1,FedEx,Operational,0,0,1
5962,1622.0,4.9,3.0,2024-09-18,2024-09-21,2024-09-25,Road,829,41,360.94,14798.54,Storm,Central,No,75.0,EcomExpress,,0,0,1
5963,5936.0,4.6,10.0,2024-01-09,2024-01-19,2024-01-22,Air,44,14,1217.8,17049.2,Rainy,Central,No,75.2,FedEx,Weather,0,0,1
5964,4186.0,2.7,8.0,2024-09-06,2024-09-14,2024-09-17,Sea,596,42,2166.62,90998.04,Cloudy,West,No,86.0,DHL,Weather,0,0,1
5965,4386.0,2.7,7.0,2024-04-29,2024-05-06,2024-05-09,Air,800,29,3476.25,100811.25,Clear,East,No,77.6,EcomExpress,Weather,0,0,1
5966,1371.0,4.1,7.0,2024-10-23,2024-10-30,2024-11-04,Air,894,81,1125.25,91145.25,Clear,East,Yes,80.1,EcomExpress,Customs,0,0,1
5967,5627.0,3.4,10.0,2024-04-05,2024-04-15,2024-04-20,Sea,1111,91,4524.5,411729.5,Cloudy,North,Yes,96.5,FedEx,,0,0,1
5968,3604.0,3.3,9.0,2024-03-23,2024-04-01,2024-04-04,Sea,945,43,958.93,41233.99,Storm,North,Yes,77.6,EcomExpress,,0,1,0
5969,5878.0,3.4,7.0,2024-06-27,2024-07-04,2024-07-05,Air,1026,9,3427.16,30844.44,Storm,West,No,87.6,EcomExpress,,0,0,1
5970,9440.0,3.1,9.0,2024-02-22,2024-03-02,2024-03-05,Air,679,76,298.43,22680.68,Cloudy,North,Yes,78.8,EcomExpress,Traffic,0,0,1
5971,3803.0,3.1,6.0,2024-05-14,2024-05-20,2024-05-19,Sea,1228,59,2588.84,152741.56,Cloudy,East,Yes,81.5,Delhivery,Weather,1,0,1
5972,4333.0,3.5,10.0,2024-01-12,2024-01-22,2024-01-23,Air,824,45,441.51,19867.95,Cloudy,Central,No,79.1,FedEx,Traffic,0,0,1
5973,6394.0,4.1,8.0,2024-08-01,2024-08-09,2024-08-14,Sea,172,67,2457.08,164624.36,Cloudy,North,Yes,77.2,Delhivery,Weather,0,0,1
5974,3624.0,4.2,10.0,2024-01-17,2024-01-27,2024-02-01,Road,762,71,1610.07,114314.97,Rainy,Central,No,96.6,DHL,Customs,0,0,1
5975,9471.0,3.9,6.0,2024-02-05,2024-02-11,2024-02-10,Road,976,62,1323.96,82085.52,Storm,East,Yes,78.8,EcomExpress,Traffic,1,0,1
5976,4120.0,3.5,10.0,2024-10-14,2024-10-24,2024-10-25,Road,1287,29,4424.82,128319.78,Rainy,South,No,88.3,EcomExpress,Traffic,0,0,1
5977,1857.0,2.9,5.0,2024-11-26,2024-12-01,2024-12-02,Air,870,19,379.16,7204.04,Rainy,South,Yes,75.3,DHL,Customs,0,0,1
5978,1346.0,3.9,4.0,2024-07-18,2024-07-22,2024-07-26,Air,310,87,2672.52,232509.24,Storm,East,No,88.4,EcomExpress,Weather,0,0,1
5979,8138.0,4.9,9.0,2024-04-08,2024-04-17,2024-04-17,Sea,823,100,2613.95,261395.0,Rainy,South,No,93.6,FedEx,Traffic,1,0,1
5980,5637.0,3.8,3.0,2024-01-29,2024-02-01,2024-02-01,Road,1102,91,1549.18,140975.38,Rainy,Central,Yes,76.8,EcomExpress,Weather,1,0,1
5981,8011.0,4.8,7.0,2024-04-13,2024-04-20,2024-04-25,Air,765,45,1395.75,62808.75,Storm,East,No,94.3,Delhivery,Customs,0,1,0
5982,4313.0,5.0,9.0,2024-05-08,2024-05-17,2024-05-19,Air,688,9,3451.07,31059.63,Storm,East,Yes,81.4,Delhivery,,0,0,1
5983,7096.0,3.5,3.0,2024-06-01,2024-06-04,2024-06-04,Sea,383,47,4246.59,199589.73,Cloudy,Central,No,97.0,DHL,Customs,1,1,1
5984,1636.0,3.1,6.0,2024-07-10,2024-07-16,2024-07-21,Air,209,73,2420.51,176697.23,Clear,West,Yes,99.2,DHL,,0,0,1
5985,7553.0,3.9,6.0,2024-02-13,2024-02-19,2024-02-21,Sea,62,40,348.02,13920.8,Storm,South,Yes,75.5,DHL,Operational,0,0,1
5986,1073.0,4.4,4.0,2024-06-15,2024-06-19,2024-06-23,Road,172,76,1465.52,111379.52,Clear,South,No,77.0,BlueDart,Weather,0,1,0
5987,1608.0,2.9,2.0,2024-09-07,2024-09-09,2024-09-13,Sea,52,19,1767.46,33581.74,Rainy,Central,No,80.8,FedEx,Traffic,0,1,0
5988,9826.0,5.0,7.0,2024-09-25,2024-10-02,2024-10-07,Sea,17,66,1625.05,107253.3,Storm,West,No,97.3,Delhivery,Operational,0,0,1
5989,2411.0,3.8,8.0,2024-07-16,2024-07-24,2024-07-26,Road,117,51,3598.75,183536.25,Storm,East,Yes,98.1,Delhivery,Operational,0,0,1
5990,5159.0,2.6,5.0,2024-03-18,2024-03-23,2024-03-23,Road,943,42,4010.77,168452.34,Storm,East,Yes,85.8,Delhivery,Weather,1,0,1
5991,8615.0,4.0,2.0,2024-04-23,2024-04-25,2024-04-29,Sea,321,41,2902.07,118984.87,Cloudy,North,No,92.4,FedEx,Operational,0,0,1
5992,5143.0,4.8,8.0,2024-08-25,2024-09-02,2024-09-06,Road,676,6,271.19,1627.14,Rainy,West,Yes,74.2,Delhivery,Traffic,0,1,0
5993,7189.0,3.8,6.0,2024-02-09,2024-02-15,2024-02-15,Sea,1391,33,1051.07,34685.31,Storm,South,No,91.4,BlueDart,Operational,1,0,1
5994,5688.0,3.2,9.0,2024-08-20,2024-08-29,2024-08-29,Air,579,74,2472.59,182971.66,Clear,North,Yes,94.8,EcomExpress,,1,0,1
5995,8006.0,4.7,9.0,2024-07-07,2024-07-16,2024-07-17,Air,734,67,1258.57,84324.19,Clear,East,No,97.2,BlueDart,,0,1,0
5996,8599.0,3.8,10.0,2024-02-15,2024-02-25,2024-02-29,Sea,26,37,4675.92,173009.04,Cloudy,North,Yes,83.4,DHL,Weather,0,0,1
5997,4972.0,3.0,8.0,2024-02-06,2024-02-14,2024-02-14,Air,132,73,1628.92,118911.16,Rainy,East,No,79.9,DHL,Operational,1,0,1
5998,8304.0,4.2,7.0,2024-07-08,2024-07-15,2024-07-16,Road,675,63,2991.18,188444.34,Cloudy,North,Yes,81.3,Delhivery,Traffic,0,0,1
5999,6856.0,3.0,2.0,2024-10-10,2024-10-12,2024-10-17,Air,711,20,501.67,10033.4,Rainy,South,No,75.8,EcomExpress,Customs,0,0,1
6000,2465.0,4.2,7.0,2024-05-02,2024-05-09,2024-05-08,Sea,842,55,2423.48,133291.4,Clear,South,Yes,89.2,Delhivery,Traffic,1,0,1
6001,6400.0,4.9,9.0,2024-01-31,2024-02-09,2024-02-14,Road,1452,13,2752.91,35787.83,Clear,Central,No,82.8,Delhivery,Weather,0,0,1
6002,3302.0,4.2,10.0,2024-05-22,2024-06-01,2024-06-01,Air,677,90,2223.08,200077.2,Rainy,North,Yes,98.2,DHL,Traffic,1,0,1
6003,2848.0,3.1,8.0,2024-09-04,2024-09-12,2024-09-13,Air,1037,60,4938.42,296305.2,Rainy,West,No,76.3,BlueDart,Traffic,0,0,1
6004,1148.0,3.3,2.0,2024-06-17,2024-06-19,2024-06-19,Sea,756,17,371.28,6311.76,Storm,West,Yes,93.7,DHL,Weather,1,0,1
6005,8859.0,4.6,10.0,2024-07-21,2024-07-31,2024-08-02,Road,469,36,870.56,31340.16,Clear,East,No,96.0,BlueDart,,0,1,0
6006,9431.0,2.9,3.0,2024-03-15,2024-03-18,2024-03-18,Sea,1481,94,4750.95,446589.3,Clear,North,No,72.5,BlueDart,Customs,1,0,1
6007,8193.0,2.8,6.0,2024-10-16,2024-10-22,2024-10-24,Air,1409,15,1470.27,22054.05,Storm,Central,No,99.9,DHL,Weather,0,0,1
6008,9810.0,3.2,5.0,2024-05-12,2024-05-17,2024-05-16,Road,275,13,106.17,1380.21,Clear,South,Yes,79.2,DHL,Operational,1,1,1
6009,5905.0,5.0,2.0,2024-01-12,2024-01-14,2024-01-15,Road,311,1,3056.91,3056.91,Rainy,North,Yes,85.1,BlueDart,Traffic,0,0,1
6010,7277.0,4.7,7.0,2024-06-02,2024-06-09,2024-06-13,Air,913,5,4744.98,23724.9,Rainy,Central,No,76.5,EcomExpress,Weather,0,1,0
6011,8728.0,3.0,8.0,2024-09-18,2024-09-26,2024-09-29,Sea,518,56,4022.77,225275.12,Rainy,Central,Yes,84.4,Delhivery,Traffic,0,0,1
6012,1633.0,4.6,3.0,2024-07-05,2024-07-08,2024-07-12,Air,357,87,4289.35,373173.45,Storm,East,Yes,89.9,DHL,Operational,0,0,1
6013,6718.0,4.3,8.0,2024-06-30,2024-07-08,2024-07-12,Road,1049,2,811.86,1623.72,Rainy,West,No,77.5,BlueDart,Weather,0,1,0
6014,8157.0,3.9,2.0,2024-07-28,2024-07-30,2024-07-29,Sea,413,64,1274.46,81565.44,Rainy,South,Yes,82.5,Delhivery,Operational,1,1,1
6015,9360.0,3.7,3.0,2024-07-14,2024-07-17,2024-07-17,Air,397,70,2998.98,209928.6,Storm,South,Yes,99.0,DHL,Traffic,1,1,1
6016,3532.0,2.5,2.0,2024-09-16,2024-09-18,2024-09-21,Air,891,13,4369.7,56806.1,Clear,West,Yes,85.6,EcomExpress,Customs,0,0,1
6017,1209.0,3.6,10.0,2024-05-31,2024-06-10,2024-06-09,Sea,1183,91,1395.68,127006.88,Clear,Central,No,82.6,FedEx,Traffic,1,0,1
6018,2228.0,4.7,2.0,2024-03-02,2024-03-04,2024-03-08,Air,608,63,1077.06,67854.78,Clear,West,Yes,78.7,EcomExpress,Operational,0,1,0
6019,5545.0,2.7,6.0,2024-01-21,2024-01-27,2024-01-28,Sea,536,31,4164.21,129090.51,Clear,South,No,75.1,BlueDart,Traffic,0,1,0
6020,8928.0,3.2,9.0,2024-02-13,2024-02-22,2024-02-26,Air,124,45,2465.42,110943.9,Rainy,North,Yes,70.8,EcomExpress,,0,0,1
6021,6136.0,4.7,7.0,2024-03-11,2024-03-18,2024-03-17,Sea,1124,18,2413.59,43444.62,Cloudy,West,Yes,97.3,EcomExpress,Operational,1,0,1
6022,7337.0,3.3,8.0,2024-04-18,2024-04-26,2024-05-01,Air,388,9,1191.06,10719.54,Cloudy,North,No,87.8,FedEx,Customs,0,0,1
6023,6665.0,2.5,3.0,2024-02-25,2024-02-28,2024-03-04,Road,305,26,4990.02,129740.52,Cloudy,North,Yes,78.0,Delhivery,Customs,0,1,0
6024,6348.0,4.3,7.0,2024-02-24,2024-03-02,2024-03-05,Road,1374,15,3206.77,48101.55,Cloudy,North,No,86.3,FedEx,Weather,0,1,0
6025,6069.0,4.3,5.0,2024-06-14,2024-06-19,2024-06-20,Air,1455,80,214.65,17172.0,Clear,East,No,82.5,FedEx,,0,0,1
6026,7864.0,4.9,6.0,2024-03-16,2024-03-22,2024-03-23,Sea,255,83,528.38,43855.54,Storm,Central,Yes,81.7,EcomExpress,Operational,0,1,0
6027,2744.0,3.7,3.0,2024-07-17,2024-07-20,2024-07-22,Air,627,76,992.62,75439.12,Clear,West,Yes,81.8,DHL,Customs,0,0,1
6028,6076.0,3.9,6.0,2024-01-11,2024-01-17,2024-01-22,Sea,361,94,4264.4,400853.6,Clear,Central,Yes,85.3,DHL,Operational,0,0,1
6029,3175.0,5.0,2.0,2024-11-12,2024-11-14,2024-11-16,Air,518,46,1397.8,64298.8,Clear,East,No,93.9,BlueDart,Operational,0,0,1
6030,4550.0,4.5,5.0,2024-06-01,2024-06-06,2024-06-08,Sea,1045,13,468.38,6088.94,Clear,North,Yes,81.6,Delhivery,Traffic,0,1,0
6031,7917.0,4.2,5.0,2024-04-02,2024-04-07,2024-04-09,Road,1346,65,1768.78,114970.7,Clear,West,No,79.0,FedEx,Weather,0,0,1
6032,1837.0,2.6,5.0,2024-07-04,2024-07-09,2024-07-12,Sea,1080,99,4610.6,456449.4,Clear,Central,No,74.6,BlueDart,Operational,0,0,1
6033,3074.0,3.7,4.0,2024-06-13,2024-06-17,2024-06-18,Air,1134,56,2539.24,142197.44,Clear,Central,No,93.0,FedEx,Weather,0,0,1
6034,1759.0,4.6,2.0,2024-04-19,2024-04-21,2024-04-25,Sea,217,65,4094.16,266120.4,Cloudy,Central,No,75.9,BlueDart,Customs,0,0,1
6035,2318.0,3.4,3.0,2024-09-28,2024-10-01,2024-10-06,Sea,498,12,408.08,4896.96,Cloudy,South,No,75.2,FedEx,Customs,0,1,0
6036,8061.0,3.4,7.0,2024-10-21,2024-10-28,2024-10-29,Sea,595,55,2545.03,139976.65,Clear,Central,No,75.1,BlueDart,Traffic,0,0,1
6037,7772.0,4.7,10.0,2024-05-08,2024-05-18,2024-05-21,Sea,449,59,3485.23,205628.57,Rainy,North,No,91.3,Delhivery,Weather,0,0,1
6038,9214.0,2.7,6.0,2024-11-17,2024-11-23,2024-11-26,Air,742,61,3947.48,240796.28,Storm,Central,No,72.5,DHL,,0,1,0
6039,7092.0,2.7,3.0,2024-09-25,2024-09-28,2024-10-01,Air,525,34,2209.91,75136.94,Storm,South,Yes,79.2,Delhivery,,0,0,1
6040,3619.0,4.1,6.0,2024-02-29,2024-03-06,2024-03-09,Sea,1217,24,2168.91,52053.84,Storm,East,No,83.8,DHL,Weather,0,0,1
6041,1291.0,4.3,10.0,2024-03-30,2024-04-09,2024-04-11,Sea,728,32,119.55,3825.6,Cloudy,North,Yes,80.4,DHL,,0,1,0
6042,4636.0,4.5,8.0,2024-08-10,2024-08-18,2024-08-22,Air,1042,57,2580.1,147065.7,Clear,Central,Yes,76.4,EcomExpress,Traffic,0,1,0
6043,4046.0,2.8,4.0,2024-11-11,2024-11-15,2024-11-20,Road,891,26,2013.23,52343.98,Clear,Central,No,82.1,BlueDart,Weather,0,0,1
6044,4502.0,3.9,3.0,2024-05-25,2024-05-28,2024-06-01,Sea,909,18,4766.7,85800.6,Rainy,South,Yes,85.7,DHL,Weather,0,1,0
6045,9097.0,4.9,6.0,2024-11-03,2024-11-09,2024-11-14,Road,1264,58,3768.43,218568.94,Cloudy,Central,No,88.6,FedEx,Weather,0,1,0
6046,6025.0,4.9,10.0,2024-04-10,2024-04-20,2024-04-21,Road,133,4,852.56,3410.24,Cloudy,East,No,71.0,EcomExpress,Customs,0,0,1
6047,9943.0,4.8,8.0,2024-06-22,2024-06-30,2024-06-30,Sea,825,83,735.32,61031.56,Rainy,North,No,99.2,Delhivery,,1,1,1
6048,4576.0,3.5,9.0,2024-07-29,2024-08-07,2024-08-10,Road,714,98,3502.73,343267.54,Clear,West,Yes,75.8,Delhivery,Customs,0,0,1
6049,4958.0,3.3,7.0,2024-03-01,2024-03-08,2024-03-09,Sea,115,7,3509.89,24569.23,Rainy,North,Yes,93.0,Delhivery,Traffic,0,0,1
6050,4740.0,3.1,5.0,2024-06-27,2024-07-02,2024-07-05,Sea,977,54,1355.12,73176.48,Clear,West,No,84.6,DHL,Traffic,0,0,1
6051,9534.0,4.8,10.0,2024-10-16,2024-10-26,2024-10-30,Air,1417,4,626.72,2506.88,Storm,North,No,98.6,DHL,,0,0,1
6052,2658.0,4.8,6.0,2024-08-06,2024-08-12,2024-08-11,Road,217,100,4568.04,456804.0,Storm,West,No,89.3,BlueDart,Weather,1,0,1
6053,,3.1,,2024-09-26,2024-10-04,2024-10-04,Sea,399,56,1272.75,,Storm,West,Yes,94.0,BlueDart,Customs,1,0,1
6054,5927.0,3.4,3.0,2024-10-16,2024-10-19,2024-10-22,Air,1492,59,1018.54,60093.86,Cloudy,South,Yes,88.8,EcomExpress,Operational,0,0,1
6055,8806.0,4.0,9.0,2024-10-14,2024-10-23,2024-10-23,Air,416,27,617.53,16673.31,Rainy,West,No,85.2,Delhivery,Weather,1,0,1
6056,7944.0,2.9,10.0,2024-03-31,2024-04-10,2024-04-11,Road,82,31,1447.28,44865.68,Clear,East,No,71.8,DHL,Customs,0,1,0
6057,1468.0,3.9,8.0,2024-02-06,2024-02-14,2024-02-16,Air,748,60,1594.57,95674.2,Storm,East,Yes,75.1,FedEx,,0,0,1
6058,6249.0,4.3,5.0,2024-10-26,2024-10-31,2024-11-02,Road,288,57,3586.93,204455.01,Clear,Central,No,89.3,FedEx,Traffic,0,1,0
6059,6417.0,3.3,3.0,2024-06-06,2024-06-09,2024-06-12,Air,801,48,3042.77,146052.96,Storm,North,Yes,78.1,DHL,,0,0,1
6060,9631.0,2.9,3.0,2024-03-05,2024-03-08,2024-03-08,Air,492,26,1145.18,29774.68,Cloudy,North,No,80.6,Delhivery,Weather,1,0,1
6061,9734.0,3.9,3.0,2024-04-23,2024-04-26,2024-05-01,Road,1383,34,4608.5,156689.0,Cloudy,South,No,90.2,DHL,,0,0,1
6062,9741.0,4.4,4.0,2024-03-08,2024-03-12,2024-03-14,Road,1097,44,3405.15,149826.6,Rainy,East,Yes,88.9,EcomExpress,Traffic,0,0,1
6063,2923.0,4.7,8.0,2024-09-08,2024-09-16,2024-09-15,Air,608,38,2989.51,113601.38,Rainy,North,Yes,93.1,DHL,,1,1,1
6064,8892.0,3.1,6.0,2024-09-10,2024-09-16,2024-09-20,Air,753,63,1589.86,100161.18,Rainy,East,No,100.0,BlueDart,,0,0,1
6065,1200.0,4.7,2.0,2024-04-01,2024-04-03,2024-04-02,Air,215,100,1621.21,162121.0,Clear,Central,Yes,88.4,FedEx,Customs,1,0,1
6066,4862.0,3.5,2.0,2024-05-10,2024-05-12,2024-05-12,Road,31,5,3577.34,17886.7,Storm,Central,Yes,82.0,Delhivery,Customs,1,0,1
6067,4885.0,3.3,6.0,2024-06-28,2024-07-04,2024-07-08,Road,582,48,3618.0,173664.0,Storm,West,No,77.4,BlueDart,Operational,0,0,1
6068,3341.0,2.5,10.0,2024-04-06,2024-04-16,2024-04-16,Air,483,27,4527.18,122233.86,Rainy,Central,Yes,95.3,EcomExpress,Operational,1,1,1
6069,5676.0,4.9,10.0,2024-03-18,2024-03-28,2024-03-31,Road,560,28,2961.72,82928.16,Storm,West,No,94.0,FedEx,Operational,0,0,1
6070,1444.0,3.3,8.0,2024-04-03,2024-04-11,2024-04-11,Air,705,39,1888.03,73633.17,Storm,South,Yes,89.0,EcomExpress,Customs,1,0,1
6071,6443.0,4.6,6.0,2024-02-19,2024-02-25,2024-03-01,Road,860,34,4552.69,154791.46,Storm,North,Yes,85.1,Delhivery,Traffic,0,0,1
6072,7288.0,3.4,2.0,2024-02-27,2024-02-29,2024-02-28,Sea,773,46,3456.99,159021.54,Storm,West,Yes,73.3,Delhivery,Customs,1,0,1
6073,8280.0,4.9,10.0,2024-05-11,2024-05-21,2024-05-23,Road,19,58,1255.91,72842.78,Clear,South,Yes,91.3,DHL,Traffic,0,1,0
6074,8489.0,2.5,8.0,2024-02-16,2024-02-24,2024-02-24,Sea,1009,35,809.09,28318.15,Storm,North,Yes,77.9,DHL,Weather,1,0,1
6075,6568.0,2.5,4.0,2024-05-13,2024-05-17,2024-05-20,Air,1404,53,2289.61,121349.33,Rainy,North,No,70.1,BlueDart,Customs,0,0,1
6076,7253.0,4.7,5.0,2024-10-07,2024-10-12,2024-10-12,Road,768,58,2473.19,143445.02,Rainy,East,No,79.6,Delhivery,Traffic,1,0,1
6077,4236.0,4.4,3.0,2024-04-03,2024-04-06,2024-04-08,Sea,358,98,4169.41,408602.18,Rainy,West,Yes,78.6,BlueDart,Traffic,0,0,1
6078,6577.0,3.2,9.0,2024-05-15,2024-05-24,2024-05-28,Air,58,51,3156.19,160965.69,Rainy,South,Yes,83.8,BlueDart,Customs,0,0,1
6079,1568.0,4.5,10.0,2024-07-29,2024-08-08,2024-08-08,Sea,85,58,2834.74,164414.92,Clear,Central,No,80.7,Delhivery,Operational,1,0,1
6080,4726.0,3.4,2.0,2024-07-21,2024-07-23,2024-07-24,Air,245,67,2704.45,181198.15,Cloudy,Central,Yes,89.4,EcomExpress,Customs,0,1,0
6081,4111.0,4.6,10.0,2024-08-18,2024-08-28,2024-09-02,Sea,1294,73,3452.91,252062.43,Cloudy,South,No,72.3,FedEx,Customs,0,1,0
6082,7135.0,4.8,2.0,2024-04-07,2024-04-09,2024-04-13,Sea,1135,29,4780.21,138626.09,Cloudy,West,Yes,78.8,BlueDart,Operational,0,1,0
6083,2098.0,4.0,5.0,2024-08-30,2024-09-04,2024-09-08,Sea,565,75,1318.6,98895.0,Storm,Central,Yes,75.1,DHL,,0,0,1
6084,1148.0,3.5,9.0,2024-06-04,2024-06-13,2024-06-15,Road,935,4,1423.39,5693.56,Clear,Central,Yes,91.5,Delhivery,Weather,0,0,1
6085,8616.0,3.9,7.0,2024-11-24,2024-12-01,2024-12-02,Sea,1169,90,2287.66,205889.4,Clear,Central,Yes,93.2,Delhivery,Weather,0,1,0
6086,4525.0,4.4,5.0,2024-09-15,2024-09-20,2024-09-20,Sea,593,15,1539.74,23096.1,Cloudy,North,No,99.9,EcomExpress,Operational,1,1,1
6087,9163.0,3.4,8.0,2024-06-18,2024-06-26,2024-06-25,Road,19,92,2775.29,255326.68,Rainy,Central,No,85.6,EcomExpress,,1,0,1
6088,1047.0,4.2,8.0,2024-07-16,2024-07-24,2024-07-26,Sea,791,7,520.55,3643.85,Clear,West,No,72.7,Delhivery,Operational,0,0,1
6089,3943.0,3.5,2.0,2024-09-28,2024-09-30,2024-10-04,Road,1487,29,4655.38,135006.02,Clear,Central,No,79.8,Delhivery,Operational,0,1,0
6090,8615.0,4.0,9.0,2024-06-05,2024-06-14,2024-06-15,Air,163,32,3332.09,106626.88,Clear,North,No,88.0,EcomExpress,Weather,0,0,1
6091,6651.0,3.3,9.0,2024-10-30,2024-11-08,2024-11-07,Air,647,58,4183.51,242643.58,Clear,Central,No,96.2,FedEx,,1,0,1
6092,1688.0,2.7,7.0,2024-08-17,2024-08-24,2024-08-24,Air,761,43,4143.15,178155.45,Storm,Central,No,89.8,FedEx,Operational,1,1,1
6093,8402.0,4.6,6.0,2024-10-12,2024-10-18,2024-10-23,Air,659,78,3909.66,304953.48,Rainy,West,Yes,98.3,FedEx,Customs,0,1,0
6094,1005.0,4.7,5.0,2024-09-01,2024-09-06,2024-09-10,Sea,705,98,4976.85,487731.3,Clear,North,No,98.8,FedEx,,0,1,0
6095,9130.0,2.6,7.0,2024-01-23,2024-01-30,2024-02-04,Air,836,29,3328.24,96518.96,Storm,South,Yes,86.0,FedEx,Weather,0,0,1
6096,6804.0,4.0,8.0,2024-05-10,2024-05-18,2024-05-19,Sea,286,83,2109.92,175123.36,Rainy,East,Yes,81.0,Delhivery,,0,0,1
6097,4722.0,3.6,4.0,2024-04-08,2024-04-12,2024-04-15,Air,820,15,1008.02,15120.3,Storm,North,No,90.7,EcomExpress,Weather,0,0,1
6098,5000.0,4.4,4.0,2024-11-01,2024-11-05,2024-11-06,Sea,750,60,1437.88,86272.8,Rainy,North,Yes,86.1,FedEx,Customs,0,0,1
6099,2802.0,3.0,9.0,2024-03-16,2024-03-25,2024-03-30,Air,49,21,2997.75,62952.75,Cloudy,East,Yes,95.1,DHL,Customs,0,1,0
6100,3602.0,4.1,5.0,2024-06-19,2024-06-24,2024-06-24,Road,448,35,986.92,34542.2,Storm,West,No,97.4,DHL,,1,0,1
6101,5106.0,4.9,8.0,2024-05-30,2024-06-07,2024-06-12,Air,120,15,1944.3,29164.5,Storm,East,No,75.8,BlueDart,Operational,0,0,1
6102,4891.0,4.7,8.0,2024-10-25,2024-11-02,2024-11-02,Road,164,22,3287.55,72326.1,Storm,East,No,84.2,Delhivery,Customs,1,0,1
6103,5197.0,2.9,2.0,2024-01-08,2024-01-10,2024-01-14,Air,1032,65,4306.61,279929.65,Clear,Central,Yes,75.0,BlueDart,Operational,0,0,1
6104,5813.0,2.7,8.0,2024-07-22,2024-07-30,2024-08-04,Sea,785,65,4149.3,269704.5,Storm,Central,No,72.6,BlueDart,Traffic,0,0,1
6105,6286.0,3.6,7.0,2024-10-28,2024-11-04,2024-11-05,Sea,1204,6,809.81,4858.86,Rainy,South,Yes,75.2,Delhivery,Weather,0,0,1
6106,7450.0,3.2,9.0,2024-11-19,2024-11-28,2024-11-27,Air,1110,61,2082.61,127039.21,Cloudy,South,Yes,82.9,DHL,Traffic,1,0,1
6107,2539.0,3.1,9.0,2024-07-04,2024-07-13,2024-07-14,Sea,199,19,4290.24,81514.56,Storm,East,Yes,88.0,EcomExpress,Customs,0,0,1
6108,6203.0,4.9,7.0,2024-01-10,2024-01-17,2024-01-22,Road,922,19,1199.21,22784.99,Cloudy,Central,No,83.6,BlueDart,Operational,0,0,1
6109,3351.0,4.1,6.0,2024-04-29,2024-05-05,2024-05-10,Air,733,17,4181.22,71080.74,Rainy,Central,No,98.5,BlueDart,,0,0,1
6110,8459.0,3.0,6.0,2024-09-17,2024-09-23,2024-09-25,Road,348,95,4666.95,443360.25,Rainy,Central,Yes,72.3,DHL,Customs,0,0,1
6111,2110.0,3.4,2.0,2024-05-20,2024-05-22,2024-05-27,Road,344,45,3821.91,171985.95,Storm,East,No,76.5,FedEx,Weather,0,0,1
6112,9079.0,3.4,2.0,2024-05-02,2024-05-04,2024-05-09,Road,653,31,3828.71,118690.01,Clear,East,Yes,85.7,DHL,Traffic,0,0,1
6113,1757.0,4.0,6.0,2024-04-20,2024-04-26,2024-04-29,Road,292,85,1399.03,118917.55,Clear,Central,No,82.5,Delhivery,,0,1,0
6114,9208.0,3.4,9.0,2024-04-25,2024-05-04,2024-05-04,Sea,562,61,3791.89,231305.29,Storm,West,No,83.9,FedEx,Weather,1,0,1
6115,3934.0,3.8,9.0,2024-03-05,2024-03-14,2024-03-14,Sea,202,64,3598.4,230297.6,Cloudy,South,Yes,83.4,BlueDart,Traffic,1,0,1
6116,3444.0,3.8,10.0,2024-08-02,2024-08-12,2024-08-13,Road,688,81,4666.63,377997.03,Rainy,North,Yes,94.1,DHL,Operational,0,0,1
6117,8401.0,3.5,8.0,2024-06-28,2024-07-06,2024-07-08,Air,30,3,4970.31,14910.93,Clear,West,Yes,83.8,DHL,Traffic,0,0,1
6118,8214.0,4.0,5.0,2024-03-05,2024-03-10,2024-03-13,Road,891,5,530.43,2652.15,Cloudy,Central,No,82.0,DHL,Customs,0,0,1
6119,8670.0,4.6,3.0,2024-09-20,2024-09-23,2024-09-28,Road,942,30,2874.27,86228.1,Rainy,West,Yes,80.8,EcomExpress,Operational,0,0,1
6120,2994.0,3.4,6.0,2024-03-02,2024-03-08,2024-03-10,Sea,629,29,4511.95,130846.55,Storm,Central,Yes,72.8,FedEx,Customs,0,1,0
6121,4990.0,2.8,8.0,2024-10-18,2024-10-26,2024-10-29,Air,914,65,418.12,27177.8,Storm,East,Yes,90.6,BlueDart,Traffic,0,0,1
6122,9825.0,3.9,2.0,2024-09-01,2024-09-03,2024-09-08,Road,1500,42,2592.65,108891.3,Rainy,West,No,73.7,BlueDart,,0,1,0
6123,3395.0,4.5,6.0,2024-05-01,2024-05-07,2024-05-11,Air,699,69,826.42,57022.98,Cloudy,West,Yes,75.2,FedEx,Customs,0,0,1
6124,2446.0,4.7,10.0,2024-04-04,2024-04-14,2024-04-15,Air,1368,100,1040.08,104008.0,Storm,West,No,95.3,DHL,Customs,0,0,1
6125,3919.0,4.9,9.0,2024-08-27,2024-09-05,2024-09-05,Air,1243,27,686.11,18524.97,Rainy,Central,Yes,89.7,BlueDart,,1,0,1
6126,9418.0,4.2,4.0,2024-11-09,2024-11-13,2024-11-17,Sea,1235,12,1207.01,14484.12,Cloudy,East,Yes,75.2,FedEx,Customs,0,1,0
6127,4698.0,3.0,6.0,2024-06-02,2024-06-08,2024-06-12,Road,945,75,1002.62,75196.5,Cloudy,West,No,95.1,BlueDart,Weather,0,1,0
6128,1006.0,4.6,3.0,2024-05-17,2024-05-20,2024-05-20,Air,1092,36,3679.31,132455.16,Rainy,Central,No,74.8,FedEx,Customs,1,0,1
6129,4172.0,3.6,7.0,2024-06-15,2024-06-22,2024-06-21,Air,457,51,3679.47,187652.97,Storm,South,No,91.3,FedEx,Traffic,1,1,1
6130,2621.0,3.9,8.0,2024-03-26,2024-04-03,2024-04-02,Air,69,26,2861.78,74406.28,Rainy,North,Yes,71.5,FedEx,Customs,1,0,1
6131,9527.0,5.0,10.0,2024-03-05,2024-03-15,2024-03-19,Air,681,89,4440.32,395188.48,Cloudy,South,Yes,78.3,BlueDart,Weather,0,0,1
6132,5923.0,4.8,4.0,2024-02-26,2024-03-01,2024-03-02,Sea,501,91,342.42,31160.22,Rainy,North,Yes,86.9,BlueDart,Weather,0,0,1
6133,4257.0,3.1,10.0,2024-04-28,2024-05-08,2024-05-07,Sea,234,39,3651.17,142395.63,Cloudy,East,No,98.8,FedEx,Traffic,1,1,1
6134,4240.0,2.5,8.0,2024-01-10,2024-01-18,2024-01-23,Sea,1233,49,3817.35,187050.15,Storm,South,No,78.5,BlueDart,Traffic,0,0,1
6135,2216.0,2.5,7.0,2024-03-24,2024-03-31,2024-03-31,Sea,1333,42,1944.49,81668.58,Rainy,Central,Yes,95.1,FedEx,,1,1,1
6136,3217.0,3.0,6.0,2024-05-06,2024-05-12,2024-05-13,Sea,683,6,4769.0,28614.0,Storm,Central,Yes,72.2,FedEx,Weather,0,0,1
6137,3073.0,2.6,9.0,2024-07-18,2024-07-27,2024-07-26,Sea,1155,45,133.02,5985.9,Cloudy,South,No,75.6,EcomExpress,Operational,1,0,1
6138,5312.0,4.6,3.0,2024-11-20,2024-11-23,2024-11-27,Air,1050,51,4499.02,229450.02,Rainy,West,Yes,85.5,BlueDart,,0,0,1
6139,1442.0,3.0,9.0,2024-03-24,2024-04-02,2024-04-04,Sea,1203,82,2260.68,185375.76,Storm,East,No,85.8,Delhivery,Traffic,0,1,0
6140,4380.0,3.6,4.0,2024-02-06,2024-02-10,2024-02-09,Air,810,23,3216.34,73975.82,Clear,North,Yes,87.1,DHL,Weather,1,0,1
6141,3014.0,4.7,10.0,2024-03-04,2024-03-14,2024-03-17,Sea,941,50,4696.09,234804.5,Clear,East,Yes,92.3,EcomExpress,Traffic,0,0,1
6142,1687.0,4.3,7.0,2024-03-04,2024-03-11,2024-03-13,Sea,1279,68,3647.93,248059.24,Rainy,North,Yes,96.3,DHL,Operational,0,0,1
6143,5279.0,3.0,4.0,2024-07-07,2024-07-11,2024-07-16,Road,1252,51,3154.67,160888.17,Clear,South,Yes,79.7,DHL,,0,1,0
6144,,5.0,,2024-08-17,2024-08-19,2024-08-18,Road,651,3,2366.0,,Cloudy,West,Yes,84.6,EcomExpress,,1,1,1
6145,4279.0,4.9,4.0,2024-02-15,2024-02-19,2024-02-24,Air,242,59,4944.23,291709.57,Rainy,Central,No,73.5,BlueDart,Customs,0,0,1
6146,7062.0,2.8,9.0,2024-02-26,2024-03-06,2024-03-08,Road,171,23,2533.89,58279.47,Clear,North,No,73.5,EcomExpress,Weather,0,0,1
6147,4452.0,2.7,4.0,2024-06-14,2024-06-18,2024-06-23,Road,774,58,2204.5,127861.0,Rainy,North,No,75.4,EcomExpress,Traffic,0,0,1
6148,6113.0,3.8,3.0,2024-01-11,2024-01-14,2024-01-18,Air,1382,92,1400.65,128859.8,Rainy,East,No,75.7,EcomExpress,Operational,0,0,1
6149,5175.0,3.0,9.0,2024-10-09,2024-10-18,2024-10-22,Road,1493,48,127.73,6131.04,Storm,South,No,75.8,BlueDart,Weather,0,0,1
6150,5171.0,3.3,6.0,2024-07-13,2024-07-19,2024-07-19,Road,1472,20,556.59,11131.8,Clear,Central,No,88.6,DHL,Operational,1,1,1
6151,3696.0,3.3,2.0,2024-05-26,2024-05-28,2024-05-27,Sea,1275,10,437.47,4374.7,Rainy,Central,No,75.2,BlueDart,Weather,1,1,1
6152,4247.0,2.5,3.0,2024-10-22,2024-10-25,2024-10-30,Sea,367,74,794.73,58810.02,Storm,North,No,76.8,FedEx,Traffic,0,0,1
6153,8849.0,4.9,8.0,2024-07-12,2024-07-20,2024-07-21,Road,114,34,454.81,15463.54,Storm,East,Yes,91.5,DHL,Customs,0,0,1
6154,4908.0,4.7,3.0,2024-02-13,2024-02-16,2024-02-15,Road,199,97,4741.87,459961.39,Cloudy,South,No,83.8,BlueDart,Customs,1,0,1
6155,4677.0,4.0,4.0,2024-07-30,2024-08-03,2024-08-06,Air,276,22,3701.82,81440.04,Clear,Central,Yes,78.6,EcomExpress,,0,0,1
6156,5359.0,2.7,2.0,2024-08-12,2024-08-14,2024-08-17,Road,1067,35,2547.52,89163.2,Cloudy,East,No,82.9,Delhivery,Operational,0,0,1
6157,8589.0,3.5,8.0,2024-10-01,2024-10-09,2024-10-12,Air,1397,3,4433.81,13301.43,Clear,East,No,74.5,FedEx,,0,0,1
6158,3412.0,4.7,7.0,2024-04-02,2024-04-09,2024-04-09,Air,1184,58,1397.75,81069.5,Rainy,North,Yes,99.5,DHL,,1,0,1
6159,4052.0,4.4,2.0,2024-09-09,2024-09-11,2024-09-10,Sea,1352,92,753.25,69299.0,Rainy,West,No,85.7,FedEx,Customs,1,0,1
6160,7825.0,2.9,3.0,2024-08-18,2024-08-21,2024-08-22,Road,173,51,1371.44,69943.44,Clear,North,Yes,88.3,DHL,Weather,0,1,0
6161,4875.0,3.8,3.0,2024-10-09,2024-10-12,2024-10-14,Sea,265,46,286.03,13157.38,Clear,West,No,96.1,FedEx,Weather,0,0,1
6162,5265.0,4.6,2.0,2024-09-15,2024-09-17,2024-09-16,Sea,785,76,398.91,30317.16,Cloudy,North,Yes,95.0,EcomExpress,Weather,1,1,1
6163,4017.0,4.4,10.0,2024-03-04,2024-03-14,2024-03-16,Air,263,77,2063.56,158894.12,Cloudy,East,No,76.7,Delhivery,Weather,0,0,1
6164,7182.0,3.1,4.0,2024-11-14,2024-11-18,2024-11-23,Sea,506,67,2073.59,138930.53,Rainy,East,Yes,85.3,EcomExpress,,0,0,1
6165,7596.0,3.4,9.0,2024-10-12,2024-10-21,2024-10-25,Road,1110,21,3734.22,78418.62,Cloudy,West,Yes,75.9,BlueDart,Operational,0,1,0
6166,4542.0,4.5,5.0,2024-09-29,2024-10-04,2024-10-07,Air,89,90,3532.95,317965.5,Rainy,Central,Yes,75.3,FedEx,,0,1,0
6167,6865.0,4.0,8.0,2024-02-20,2024-02-28,2024-03-02,Road,402,45,1370.74,61683.3,Cloudy,West,No,88.5,EcomExpress,Weather,0,0,1
6168,9376.0,4.2,9.0,2024-01-27,2024-02-05,2024-02-07,Sea,343,83,101.97,8463.51,Rainy,South,Yes,95.1,FedEx,Operational,0,1,0
6169,5245.0,4.4,4.0,2024-08-14,2024-08-18,2024-08-18,Road,567,46,3830.65,176209.9,Cloudy,West,No,80.1,Delhivery,Operational,1,0,1
6170,5287.0,3.4,5.0,2024-05-29,2024-06-03,2024-06-05,Air,851,30,2903.87,87116.1,Rainy,South,Yes,78.5,FedEx,Weather,0,0,1
6171,1533.0,4.1,4.0,2024-05-27,2024-05-31,2024-06-05,Air,24,67,2661.08,178292.36,Clear,South,No,82.4,EcomExpress,,0,0,1
6172,8296.0,3.4,9.0,2024-10-21,2024-10-30,2024-11-03,Sea,806,100,2201.73,220173.0,Clear,East,Yes,77.5,BlueDart,Traffic,0,0,1
6173,6574.0,4.0,8.0,2024-08-27,2024-09-04,2024-09-09,Road,212,55,2278.1,125295.5,Cloudy,North,No,74.8,BlueDart,Traffic,0,0,1
6174,9868.0,4.2,6.0,2024-05-10,2024-05-16,2024-05-16,Sea,172,54,454.66,24551.64,Cloudy,West,Yes,81.1,FedEx,Traffic,1,0,1
6175,4067.0,3.0,9.0,2024-10-21,2024-10-30,2024-11-03,Sea,64,41,3116.15,127762.15,Storm,Central,No,92.4,DHL,Weather,0,0,1
6176,2982.0,3.4,2.0,2024-01-15,2024-01-17,2024-01-17,Air,1340,92,2714.23,249709.16,Storm,South,No,71.9,FedEx,Customs,1,0,1
6177,7500.0,2.8,10.0,2024-07-17,2024-07-27,2024-07-27,Road,1286,89,1109.13,98712.57,Clear,North,No,89.9,EcomExpress,Operational,1,0,1
6178,9255.0,4.6,5.0,2024-06-25,2024-06-30,2024-06-30,Road,83,18,860.71,15492.78,Cloudy,North,Yes,75.9,FedEx,Traffic,1,0,1
6179,3180.0,2.7,8.0,2024-04-21,2024-04-29,2024-04-28,Road,1081,40,1724.75,68990.0,Clear,East,Yes,80.3,DHL,,1,1,1
6180,8096.0,4.8,2.0,2024-08-10,2024-08-12,2024-08-16,Road,350,53,455.11,24120.83,Storm,Central,Yes,76.5,DHL,,0,1,0
6181,9884.0,4.2,6.0,2024-01-03,2024-01-09,2024-01-12,Road,845,61,1146.36,69927.96,Storm,West,No,84.4,Delhivery,Operational,0,0,1
6182,1618.0,3.5,10.0,2024-06-25,2024-07-05,2024-07-10,Road,869,9,699.89,6299.01,Clear,Central,Yes,86.2,FedEx,Traffic,0,0,1
6183,3700.0,2.9,8.0,2024-07-30,2024-08-07,2024-08-11,Road,1031,72,204.3,14709.6,Cloudy,North,No,80.4,EcomExpress,Traffic,0,0,1
6184,9025.0,4.4,5.0,2024-02-16,2024-02-21,2024-02-23,Road,884,16,2973.54,47576.64,Clear,Central,Yes,99.4,DHL,Operational,0,0,1
6185,4640.0,4.5,8.0,2024-10-12,2024-10-20,2024-10-23,Road,148,70,3491.56,244409.2,Storm,North,Yes,76.6,BlueDart,Weather,0,1,0
6186,5164.0,2.8,7.0,2024-03-02,2024-03-09,2024-03-10,Sea,83,61,4770.19,290981.59,Clear,Central,Yes,76.7,DHL,Operational,0,1,0
6187,9808.0,4.0,8.0,2024-02-27,2024-03-06,2024-03-05,Sea,266,26,3049.32,79282.32,Storm,Central,No,84.6,BlueDart,Customs,1,0,1
6188,8299.0,4.9,3.0,2024-06-08,2024-06-11,2024-06-11,Sea,1131,33,4696.8,154994.4,Cloudy,North,No,75.9,Delhivery,Weather,1,1,1
6189,4378.0,3.2,7.0,2024-01-03,2024-01-10,2024-01-11,Road,968,23,1859.2,42761.6,Storm,West,Yes,73.2,FedEx,Operational,0,0,1
6190,2926.0,2.9,10.0,2024-01-14,2024-01-24,2024-01-29,Sea,535,7,190.79,1335.53,Rainy,South,No,79.5,DHL,Operational,0,1,0
6191,5780.0,4.0,8.0,2024-04-01,2024-04-09,2024-04-14,Air,1469,68,995.08,67665.44,Rainy,East,No,86.2,BlueDart,Traffic,0,0,1
6192,7595.0,2.8,3.0,2024-04-27,2024-04-30,2024-05-01,Air,1284,55,3088.59,169872.45,Clear,East,Yes,97.3,EcomExpress,Traffic,0,1,0
6193,9189.0,3.5,4.0,2024-02-14,2024-02-18,2024-02-23,Road,1493,25,3975.68,99392.0,Rainy,South,No,86.9,Delhivery,Customs,0,0,1
6194,3199.0,4.0,10.0,2024-11-10,2024-11-20,2024-11-20,Road,856,54,4823.93,260492.22,Rainy,West,No,83.3,EcomExpress,Operational,1,1,1
6195,6570.0,3.0,2.0,2024-04-01,2024-04-03,2024-04-08,Sea,290,80,3693.72,295497.6,Clear,Central,Yes,97.5,BlueDart,Operational,0,0,1
6196,8551.0,2.5,10.0,2024-06-14,2024-06-24,2024-06-24,Air,612,16,4535.51,72568.16,Storm,North,Yes,77.7,EcomExpress,Weather,1,0,1
6197,4948.0,3.4,2.0,2024-03-21,2024-03-23,2024-03-25,Air,1317,58,1692.11,98142.38,Rainy,West,Yes,88.4,EcomExpress,,0,0,1
6198,9729.0,3.7,6.0,2024-05-18,2024-05-24,2024-05-23,Sea,1122,78,3789.53,295583.34,Clear,North,No,71.3,DHL,Weather,1,1,1
6199,1898.0,4.7,2.0,2024-08-21,2024-08-23,2024-08-27,Road,336,60,4538.28,272296.8,Clear,West,No,72.0,FedEx,Weather,0,0,1
6200,6666.0,4.1,9.0,2024-11-03,2024-11-12,2024-11-12,Air,1267,15,4610.34,69155.1,Rainy,South,Yes,74.1,DHL,Traffic,1,1,1
6201,9012.0,3.9,10.0,2024-04-29,2024-05-09,2024-05-12,Road,933,63,1325.02,83476.26,Rainy,North,No,72.9,BlueDart,Operational,0,0,1
6202,7243.0,3.1,7.0,2024-03-19,2024-03-26,2024-03-28,Sea,206,64,4494.71,287661.44,Cloudy,South,Yes,88.8,Delhivery,,0,0,1
6203,8642.0,4.9,3.0,2024-06-10,2024-06-13,2024-06-17,Road,107,42,1900.33,79813.86,Rainy,Central,Yes,77.3,FedEx,,0,0,1
6204,6279.0,2.8,8.0,2024-01-25,2024-02-02,2024-02-06,Sea,1469,98,264.69,25939.62,Clear,East,No,99.9,FedEx,Operational,0,0,1
6205,6192.0,3.1,9.0,2024-07-12,2024-07-21,2024-07-21,Sea,1113,69,2357.21,162647.49,Rainy,North,No,80.6,BlueDart,,1,0,1
6206,8475.0,2.6,9.0,2024-04-19,2024-04-28,2024-04-27,Air,567,95,100.53,9550.35,Rainy,North,Yes,92.4,Delhivery,Weather,1,0,1
6207,6830.0,4.9,4.0,2024-09-30,2024-10-04,2024-10-03,Road,1476,79,2050.1,161957.9,Cloudy,East,No,74.4,Delhivery,Traffic,1,0,1
6208,4307.0,3.1,7.0,2024-07-06,2024-07-13,2024-07-16,Road,1183,42,542.73,22794.66,Storm,North,No,86.5,BlueDart,Traffic,0,1,0
6209,4992.0,2.6,2.0,2024-03-06,2024-03-08,2024-03-07,Road,77,8,2552.26,20418.08,Cloudy,Central,Yes,75.0,BlueDart,Weather,1,0,1
6210,5643.0,2.6,4.0,2024-08-25,2024-08-29,2024-08-29,Air,450,73,4778.6,348837.8,Storm,East,Yes,88.6,DHL,,1,1,1
6211,1354.0,3.4,10.0,2024-03-13,2024-03-23,2024-03-28,Road,1060,56,868.55,48638.8,Storm,West,No,97.8,FedEx,Customs,0,0,1
6212,7377.0,4.3,6.0,2024-10-19,2024-10-25,2024-10-28,Sea,1176,12,722.8,8673.6,Cloudy,West,No,84.5,BlueDart,Weather,0,1,0
6213,5336.0,5.0,5.0,2024-02-26,2024-03-02,2024-03-06,Road,711,96,3497.85,335793.6,Clear,East,Yes,76.8,DHL,Customs,0,0,1
6214,4778.0,4.6,6.0,2024-06-30,2024-07-06,2024-07-10,Air,1052,58,323.05,18736.9,Rainy,South,No,83.2,Delhivery,Customs,0,1,0
6215,2276.0,2.6,3.0,2024-04-27,2024-04-30,2024-05-01,Sea,930,16,1441.46,23063.36,Clear,Central,Yes,87.7,Delhivery,Operational,0,1,0
6216,,2.8,,2024-09-03,2024-09-10,2024-09-15,Air,1294,1,1117.01,,Cloudy,South,Yes,91.1,EcomExpress,Operational,0,0,1
6217,6481.0,3.9,3.0,2024-02-16,2024-02-19,2024-02-20,Road,1176,20,3692.91,73858.2,Cloudy,West,No,87.1,Delhivery,Customs,0,0,1
6218,4644.0,5.0,4.0,2024-11-13,2024-11-17,2024-11-18,Sea,757,16,284.54,4552.64,Cloudy,West,Yes,75.7,BlueDart,Traffic,0,0,1
6219,5983.0,3.0,7.0,2024-08-19,2024-08-26,2024-08-25,Air,299,36,237.14,8537.04,Clear,South,Yes,96.6,BlueDart,Customs,1,0,1
6220,7732.0,4.4,8.0,2024-04-18,2024-04-26,2024-04-30,Sea,1256,98,167.14,16379.72,Storm,West,No,70.8,FedEx,Weather,0,0,1
6221,5717.0,4.0,3.0,2024-09-09,2024-09-12,2024-09-14,Air,532,85,529.55,45011.75,Rainy,East,Yes,94.0,FedEx,Customs,0,0,1
6222,9918.0,2.8,5.0,2024-10-27,2024-11-01,2024-11-01,Road,1262,82,3635.86,298140.52,Clear,East,Yes,94.6,DHL,Operational,1,1,1
6223,4155.0,2.6,3.0,2024-04-08,2024-04-11,2024-04-10,Road,224,92,1301.27,119716.84,Rainy,Central,Yes,76.6,DHL,Customs,1,0,1
6224,3373.0,4.0,9.0,2024-03-15,2024-03-24,2024-03-29,Road,1252,57,459.13,26170.41,Clear,North,No,87.3,EcomExpress,,0,0,1
6225,1640.0,3.1,3.0,2024-07-25,2024-07-28,2024-07-28,Air,1255,20,1228.53,24570.6,Rainy,West,No,89.8,DHL,Operational,1,0,1
6226,8215.0,4.3,8.0,2024-05-13,2024-05-21,2024-05-26,Road,147,61,4930.06,300733.66,Cloudy,East,No,83.4,DHL,,0,0,1
6227,5781.0,5.0,5.0,2024-02-02,2024-02-07,2024-02-10,Sea,497,63,1879.6,118414.8,Cloudy,Central,Yes,89.2,DHL,,0,0,1
6228,3664.0,4.6,7.0,2024-02-13,2024-02-20,2024-02-24,Sea,115,36,4151.05,149437.8,Clear,East,Yes,85.2,DHL,Operational,0,0,1
6229,1540.0,2.8,7.0,2024-07-08,2024-07-15,2024-07-16,Air,1202,100,3936.11,393611.0,Cloudy,West,Yes,74.9,Delhivery,Traffic,0,0,1
6230,3085.0,3.1,9.0,2024-08-29,2024-09-07,2024-09-07,Air,891,75,4231.25,317343.75,Clear,North,Yes,86.9,BlueDart,Traffic,1,0,1
6231,9500.0,4.4,4.0,2024-10-24,2024-10-28,2024-11-01,Air,970,2,497.91,995.82,Cloudy,East,Yes,85.9,EcomExpress,Traffic,0,0,1
6232,3035.0,4.9,4.0,2024-01-22,2024-01-26,2024-01-26,Sea,1367,6,678.77,4072.62,Cloudy,East,Yes,98.2,EcomExpress,Customs,1,0,1
6233,8790.0,3.2,10.0,2024-11-07,2024-11-17,2024-11-20,Sea,123,88,3016.23,265428.24,Storm,Central,Yes,93.1,Delhivery,,0,0,1
6234,6705.0,2.6,4.0,2024-10-07,2024-10-11,2024-10-16,Sea,930,20,972.27,19445.4,Rainy,East,No,82.3,Delhivery,Weather,0,0,1
6235,6783.0,3.4,5.0,2024-07-02,2024-07-07,2024-07-07,Road,343,97,4405.88,427370.36,Storm,West,No,77.3,BlueDart,Customs,1,0,1
6236,7452.0,3.5,9.0,2024-01-21,2024-01-30,2024-02-03,Sea,504,74,1347.44,99710.56,Storm,Central,Yes,73.7,EcomExpress,Customs,0,1,0
6237,2359.0,4.4,5.0,2024-06-14,2024-06-19,2024-06-19,Road,1460,12,2799.06,33588.72,Rainy,South,No,71.5,DHL,,1,0,1
6238,6682.0,4.2,6.0,2024-10-06,2024-10-12,2024-10-16,Air,635,37,3369.85,124684.45,Storm,North,Yes,92.4,EcomExpress,Weather,0,1,0
6239,7398.0,4.7,5.0,2024-05-22,2024-05-27,2024-06-01,Air,728,90,2711.9,244071.0,Rainy,South,Yes,74.3,DHL,Traffic,0,0,1
6240,3905.0,3.1,9.0,2024-10-20,2024-10-29,2024-11-01,Sea,1433,19,1564.26,29720.94,Cloudy,South,No,96.4,FedEx,Operational,0,1,0
6241,7070.0,2.7,4.0,2024-04-03,2024-04-07,2024-04-06,Road,1345,5,4190.05,20950.25,Rainy,East,Yes,93.2,Delhivery,Weather,1,0,1
6242,1914.0,3.6,3.0,2024-06-16,2024-06-19,2024-06-21,Sea,940,80,866.54,69323.2,Rainy,Central,No,93.2,DHL,Weather,0,1,0
6243,8911.0,3.1,4.0,2024-04-28,2024-05-02,2024-05-01,Road,1150,54,228.87,12358.98,Storm,South,No,95.2,EcomExpress,Traffic,1,1,1
6244,4539.0,4.6,2.0,2024-01-23,2024-01-25,2024-01-27,Sea,918,79,159.56,12605.24,Cloudy,South,No,72.8,DHL,,0,0,1
6245,1873.0,2.8,7.0,2024-08-04,2024-08-11,2024-08-10,Road,201,62,4390.78,272228.36,Clear,Central,Yes,87.5,BlueDart,Operational,1,1,1
6246,6602.0,4.8,2.0,2024-10-06,2024-10-08,2024-10-10,Sea,248,64,2636.49,168735.36,Rainy,West,No,98.7,EcomExpress,,0,1,0
6247,5632.0,3.7,8.0,2024-03-04,2024-03-12,2024-03-15,Air,177,64,2338.02,149633.28,Clear,North,Yes,98.6,EcomExpress,Weather,0,0,1
6248,5290.0,3.1,10.0,2024-07-13,2024-07-23,2024-07-27,Sea,748,38,860.6,32702.8,Cloudy,Central,Yes,91.1,EcomExpress,Weather,0,1,0
6249,6469.0,4.8,10.0,2024-01-04,2024-01-14,2024-01-17,Road,605,85,4881.21,414902.85,Storm,South,Yes,98.5,BlueDart,Weather,0,0,1
6250,4964.0,4.5,3.0,2024-08-07,2024-08-10,2024-08-13,Sea,1494,18,3160.2,56883.6,Rainy,West,No,91.2,FedEx,Operational,0,0,1
6251,1418.0,3.0,7.0,2024-08-24,2024-08-31,2024-09-05,Road,82,99,375.45,37169.55,Cloudy,East,Yes,84.0,DHL,Traffic,0,1,0
6252,1886.0,2.6,7.0,2024-07-06,2024-07-13,2024-07-14,Sea,265,24,800.04,19200.96,Cloudy,South,Yes,76.5,Delhivery,Operational,0,1,0
6253,,3.6,,2024-10-31,2024-11-08,2024-11-12,Road,647,29,2792.37,,Rainy,West,No,84.0,DHL,Weather,0,0,1
6254,7406.0,4.9,6.0,2024-11-09,2024-11-15,2024-11-18,Sea,752,34,3421.52,116331.68,Rainy,East,Yes,93.0,EcomExpress,Traffic,0,1,0
6255,8131.0,3.7,6.0,2024-04-26,2024-05-02,2024-05-02,Air,1492,100,2276.44,227644.0,Cloudy,Central,No,71.0,DHL,Operational,1,0,1
6256,7203.0,4.2,3.0,2024-07-22,2024-07-25,2024-07-27,Road,1397,23,3348.99,77026.77,Storm,South,No,75.6,DHL,Customs,0,0,1
6257,7968.0,3.6,7.0,2024-03-08,2024-03-15,2024-03-15,Road,1252,3,3890.12,11670.36,Rainy,East,No,80.4,Delhivery,Weather,1,0,1
6258,8750.0,4.0,6.0,2024-06-26,2024-07-02,2024-07-06,Road,427,64,4735.9,303097.6,Storm,Central,Yes,89.0,DHL,,0,0,1
6259,8226.0,4.5,7.0,2024-03-04,2024-03-11,2024-03-13,Road,1335,21,2764.81,58061.01,Rainy,West,Yes,88.5,DHL,Customs,0,0,1
6260,3753.0,2.9,4.0,2024-10-26,2024-10-30,2024-11-03,Road,538,92,889.78,81859.76,Rainy,South,Yes,89.2,BlueDart,Customs,0,1,0
6261,8984.0,4.6,7.0,2024-04-12,2024-04-19,2024-04-24,Road,1205,58,3699.31,214559.98,Storm,East,Yes,86.7,FedEx,,0,0,1
6262,1865.0,4.4,10.0,2024-05-23,2024-06-02,2024-06-03,Road,502,5,3129.46,15647.3,Storm,South,No,75.3,FedEx,Customs,0,0,1
6263,3683.0,3.8,5.0,2024-07-13,2024-07-18,2024-07-18,Air,744,71,3778.36,268263.56,Cloudy,Central,No,96.9,DHL,,1,1,1
6264,3570.0,3.1,4.0,2024-04-10,2024-04-14,2024-04-18,Air,326,76,587.87,44678.12,Storm,East,Yes,89.9,Delhivery,Traffic,0,0,1
6265,1025.0,4.2,8.0,2024-05-24,2024-06-01,2024-06-04,Sea,1093,75,3177.0,238275.0,Storm,North,No,75.4,FedEx,Customs,0,0,1
6266,4323.0,3.9,4.0,2024-03-28,2024-04-01,2024-03-31,Air,125,28,175.28,4907.84,Rainy,North,Yes,78.3,DHL,Operational,1,0,1
6267,3652.0,2.6,9.0,2024-04-07,2024-04-16,2024-04-18,Road,588,85,3350.1,284758.5,Clear,West,No,79.2,FedEx,Customs,0,1,0
6268,6279.0,4.7,6.0,2024-07-31,2024-08-06,2024-08-06,Air,1408,76,4265.69,324192.44,Clear,North,Yes,74.8,FedEx,Weather,1,0,1
6269,3668.0,4.0,6.0,2024-04-28,2024-05-04,2024-05-04,Road,744,29,3301.07,95731.03,Storm,South,Yes,94.4,DHL,Operational,1,1,1
6270,4406.0,4.2,10.0,2024-11-18,2024-11-28,2024-11-30,Sea,1278,22,787.92,17334.24,Clear,West,No,84.1,EcomExpress,Traffic,0,0,1
6271,1807.0,3.6,4.0,2024-09-26,2024-09-30,2024-10-01,Air,619,74,4140.55,306400.7,Storm,North,Yes,80.9,BlueDart,Weather,0,0,1
6272,2173.0,3.6,3.0,2024-03-19,2024-03-22,2024-03-27,Road,1062,94,161.63,15193.22,Rainy,West,No,91.1,DHL,Traffic,0,0,1
6273,8678.0,3.2,2.0,2024-05-11,2024-05-13,2024-05-13,Air,1257,23,1094.29,25168.67,Rainy,West,Yes,96.3,BlueDart,Operational,1,1,1
6274,8477.0,2.6,7.0,2024-06-26,2024-07-03,2024-07-04,Road,278,11,4998.69,54985.59,Storm,North,No,79.7,EcomExpress,,0,0,1
6275,1624.0,4.6,10.0,2024-10-18,2024-10-28,2024-10-27,Road,728,64,3548.98,227134.72,Rainy,South,Yes,97.0,DHL,Weather,1,0,1
6276,4634.0,3.5,9.0,2024-05-10,2024-05-19,2024-05-24,Sea,146,55,2406.92,132380.6,Storm,North,Yes,80.8,DHL,Operational,0,0,1
6277,6148.0,5.0,5.0,2024-07-27,2024-08-01,2024-08-05,Air,130,30,2696.37,80891.1,Cloudy,North,No,74.0,BlueDart,Customs,0,1,0
6278,9264.0,4.4,2.0,2024-08-07,2024-08-09,2024-08-08,Sea,28,33,2472.53,81593.49,Cloudy,East,No,72.6,FedEx,Weather,1,0,1
6279,8269.0,2.6,4.0,2024-10-16,2024-10-20,2024-10-21,Road,1006,85,680.12,57810.2,Clear,West,Yes,75.9,BlueDart,Operational,0,0,1
6280,3294.0,2.8,5.0,2024-06-30,2024-07-05,2024-07-05,Road,1024,70,297.52,20826.4,Storm,East,Yes,84.0,EcomExpress,,1,1,1
6281,8664.0,3.9,5.0,2024-03-17,2024-03-22,2024-03-22,Road,485,89,3420.99,304468.11,Rainy,West,No,88.8,FedEx,Operational,1,1,1
6282,3316.0,4.5,8.0,2024-08-10,2024-08-18,2024-08-21,Sea,286,1,3123.43,3123.43,Storm,Central,Yes,74.1,FedEx,Traffic,0,1,0
6283,7223.0,2.8,8.0,2024-10-28,2024-11-05,2024-11-06,Sea,951,22,3945.9,86809.8,Cloudy,North,Yes,74.2,FedEx,Operational,0,0,1
6284,7147.0,3.0,3.0,2024-05-05,2024-05-08,2024-05-13,Air,416,88,120.1,10568.8,Clear,West,Yes,93.9,DHL,,0,1,0
6285,2436.0,3.5,2.0,2024-03-10,2024-03-12,2024-03-17,Road,578,48,1677.64,80526.72,Cloudy,Central,No,99.8,Delhivery,Weather,0,1,0
6286,7474.0,4.6,8.0,2024-01-25,2024-02-02,2024-02-02,Air,999,26,1931.62,50222.12,Storm,Central,No,91.1,Delhivery,,1,0,1
6287,2747.0,2.7,9.0,2024-09-29,2024-10-08,2024-10-10,Road,1120,11,3367.83,37046.13,Clear,Central,No,73.9,BlueDart,Weather,0,1,0
6288,6924.0,3.7,10.0,2024-11-23,2024-12-03,2024-12-03,Road,966,65,3134.57,203747.05,Rainy,East,No,89.4,BlueDart,Weather,1,1,1
6289,2548.0,4.4,4.0,2024-10-05,2024-10-09,2024-10-08,Road,768,9,763.02,6867.18,Cloudy,Central,Yes,80.3,EcomExpress,Customs,1,1,1
6290,9160.0,2.8,5.0,2024-11-09,2024-11-14,2024-11-19,Air,1098,1,2370.72,2370.72,Storm,Central,No,77.6,EcomExpress,Weather,0,1,0
6291,1937.0,4.3,5.0,2024-08-21,2024-08-26,2024-08-25,Sea,221,96,363.31,34877.76,Rainy,West,Yes,89.6,BlueDart,Traffic,1,0,1
6292,7316.0,3.0,7.0,2024-10-28,2024-11-04,2024-11-05,Sea,387,88,2781.87,244804.56,Clear,East,No,73.7,DHL,Weather,0,0,1
6293,1028.0,4.2,8.0,2024-02-10,2024-02-18,2024-02-23,Road,595,7,345.22,2416.54,Rainy,North,Yes,77.6,FedEx,Customs,0,1,0
6294,9129.0,4.1,6.0,2024-08-20,2024-08-26,2024-08-26,Air,1307,17,703.21,11954.57,Cloudy,Central,Yes,70.0,FedEx,Operational,1,0,1
6295,7601.0,2.7,8.0,2024-09-02,2024-09-10,2024-09-09,Road,771,66,3316.64,218898.24,Storm,East,Yes,86.7,DHL,,1,0,1
6296,8645.0,4.8,10.0,2024-02-04,2024-02-14,2024-02-16,Road,1026,28,762.7,21355.6,Clear,North,Yes,86.8,Delhivery,Traffic,0,1,0
6297,9325.0,3.0,4.0,2024-01-28,2024-02-01,2024-02-03,Sea,250,9,3973.71,35763.39,Cloudy,East,Yes,98.8,EcomExpress,Customs,0,1,0
6298,8587.0,3.1,10.0,2024-05-05,2024-05-15,2024-05-19,Road,150,99,3139.82,310842.18,Cloudy,Central,No,82.6,Delhivery,Operational,0,1,0
6299,1139.0,4.9,8.0,2024-08-27,2024-09-04,2024-09-04,Air,270,51,4669.45,238141.95,Clear,Central,Yes,89.3,BlueDart,Operational,1,0,1
6300,8419.0,4.1,2.0,2024-06-06,2024-06-08,2024-06-13,Sea,657,51,1122.23,57233.73,Rainy,West,No,70.7,Delhivery,Weather,0,0,1
6301,5569.0,3.4,3.0,2024-02-29,2024-03-03,2024-03-06,Air,674,37,4276.09,158215.33,Cloudy,West,Yes,96.2,FedEx,Traffic,0,0,1
6302,5948.0,4.0,5.0,2024-08-13,2024-08-18,2024-08-20,Road,1098,30,4151.65,124549.5,Clear,North,Yes,78.0,DHL,,0,0,1
6303,6490.0,2.7,4.0,2024-06-30,2024-07-04,2024-07-03,Sea,490,69,3219.32,222133.08,Clear,Central,Yes,95.8,EcomExpress,Customs,1,1,1
6304,2616.0,3.7,3.0,2024-02-21,2024-02-24,2024-02-25,Air,164,93,1702.81,158361.33,Rainy,South,No,97.2,FedEx,Operational,0,0,1
6305,9026.0,3.8,6.0,2024-07-22,2024-07-28,2024-07-30,Road,74,54,2111.26,114008.04,Cloudy,North,No,76.8,EcomExpress,Weather,0,0,1
6306,4255.0,3.3,4.0,2024-02-17,2024-02-21,2024-02-22,Air,1202,42,2001.89,84079.38,Clear,South,No,87.1,BlueDart,Customs,0,1,0
6307,1596.0,3.1,9.0,2024-09-07,2024-09-16,2024-09-17,Road,33,40,1422.68,56907.2,Storm,North,Yes,80.7,DHL,Weather,0,1,0
6308,9038.0,3.5,10.0,2024-09-01,2024-09-11,2024-09-10,Road,1302,14,4032.71,56457.94,Clear,North,No,79.3,Delhivery,Weather,1,1,1
6309,6770.0,3.8,2.0,2024-01-04,2024-01-06,2024-01-08,Air,1165,40,1807.09,72283.6,Storm,South,No,90.4,FedEx,Traffic,0,0,1
6310,8943.0,4.6,6.0,2024-03-08,2024-03-14,2024-03-14,Sea,1458,27,2802.47,75666.69,Storm,East,No,81.2,BlueDart,,1,0,1
6311,2785.0,3.7,2.0,2024-06-21,2024-06-23,2024-06-23,Road,578,91,2546.37,231719.67,Rainy,North,Yes,87.2,Delhivery,Operational,1,0,1
6312,8320.0,3.0,6.0,2024-01-31,2024-02-06,2024-02-08,Sea,895,4,206.01,824.04,Rainy,North,No,71.7,BlueDart,Customs,0,0,1
6313,8234.0,4.6,4.0,2024-06-23,2024-06-27,2024-06-29,Road,838,95,3366.97,319862.15,Cloudy,Central,No,85.9,EcomExpress,Customs,0,1,0
6314,1259.0,2.8,6.0,2024-01-22,2024-01-28,2024-01-30,Air,651,9,2672.72,24054.48,Storm,Central,No,79.5,DHL,,0,0,1
6315,5193.0,4.0,6.0,2024-11-01,2024-11-07,2024-11-10,Sea,697,98,1652.03,161898.94,Rainy,Central,No,96.4,FedEx,Customs,0,0,1
6316,2629.0,4.4,10.0,2024-03-01,2024-03-11,2024-03-11,Road,1287,8,734.17,5873.36,Rainy,West,No,76.3,FedEx,Weather,1,0,1
6317,7180.0,2.9,6.0,2024-03-30,2024-04-05,2024-04-09,Road,361,11,3559.48,39154.28,Clear,South,No,89.0,BlueDart,Weather,0,1,0
6318,6189.0,4.9,2.0,2024-08-03,2024-08-05,2024-08-06,Road,101,20,2925.39,58507.8,Rainy,Central,No,95.1,Delhivery,Weather,0,1,0
6319,2605.0,3.0,10.0,2024-10-22,2024-11-01,2024-11-04,Air,74,13,3453.01,44889.13,Clear,South,Yes,90.7,Delhivery,Customs,0,0,1
6320,4148.0,3.2,8.0,2024-06-27,2024-07-05,2024-07-05,Sea,253,91,2433.13,221414.83,Storm,South,Yes,99.3,EcomExpress,Traffic,1,0,1
6321,4791.0,3.3,10.0,2024-02-18,2024-02-28,2024-02-28,Sea,610,24,258.79,6210.96,Clear,West,No,73.6,EcomExpress,Customs,1,1,1
6322,4604.0,3.8,7.0,2024-10-23,2024-10-30,2024-11-02,Air,1473,8,1428.55,11428.4,Clear,Central,Yes,82.5,EcomExpress,Traffic,0,0,1
6323,5629.0,4.4,3.0,2024-11-20,2024-11-23,2024-11-28,Road,775,50,3152.1,157605.0,Cloudy,West,No,75.2,DHL,Traffic,0,0,1
6324,2211.0,4.0,10.0,2024-09-20,2024-09-30,2024-10-02,Air,790,99,2009.41,198931.59,Storm,North,No,84.3,EcomExpress,Weather,0,0,1
6325,1560.0,3.5,6.0,2024-07-17,2024-07-23,2024-07-24,Road,1241,29,883.03,25607.87,Cloudy,South,Yes,84.5,FedEx,Operational,0,0,1
6326,6340.0,2.6,7.0,2024-04-06,2024-04-13,2024-04-16,Road,148,15,4193.33,62899.95,Cloudy,Central,No,98.4,DHL,Weather,0,1,0
6327,9497.0,4.4,8.0,2024-01-17,2024-01-25,2024-01-28,Air,1429,51,4074.0,207774.0,Storm,North,No,83.7,DHL,Operational,0,0,1
6328,1183.0,2.6,6.0,2024-03-31,2024-04-06,2024-04-11,Road,102,54,2159.99,116639.46,Cloudy,East,No,79.2,EcomExpress,Customs,0,1,0
6329,9986.0,2.6,6.0,2024-01-24,2024-01-30,2024-02-02,Road,263,38,4655.86,176922.68,Clear,East,No,87.0,Delhivery,Traffic,0,0,1
6330,3135.0,3.1,5.0,2024-11-16,2024-11-21,2024-11-22,Sea,357,69,1152.51,79523.19,Rainy,Central,No,96.9,Delhivery,,0,1,0
6331,9615.0,2.7,3.0,2024-07-29,2024-08-01,2024-07-31,Sea,266,30,4062.22,121866.6,Clear,West,No,89.8,DHL,,1,0,1
6332,1141.0,4.5,10.0,2024-02-03,2024-02-13,2024-02-16,Road,524,42,4707.74,197725.08,Storm,South,No,75.6,BlueDart,Customs,0,1,0
6333,9079.0,4.2,5.0,2024-11-06,2024-11-11,2024-11-10,Sea,791,95,4700.1,446509.5,Cloudy,Central,No,88.5,BlueDart,Customs,1,0,1
6334,3853.0,3.5,9.0,2024-11-15,2024-11-24,2024-11-26,Air,490,69,2836.69,195731.61,Clear,East,No,78.1,FedEx,Operational,0,0,1
6335,2416.0,5.0,8.0,2024-08-12,2024-08-20,2024-08-20,Sea,213,27,279.72,7552.44,Storm,South,Yes,97.3,EcomExpress,Operational,1,0,1
6336,8505.0,3.2,6.0,2024-01-15,2024-01-21,2024-01-22,Sea,911,34,576.26,19592.84,Cloudy,West,Yes,90.6,EcomExpress,Traffic,0,0,1
6337,7689.0,4.3,9.0,2024-05-06,2024-05-15,2024-05-17,Air,1342,20,4765.24,95304.8,Cloudy,West,No,79.0,BlueDart,Customs,0,0,1
6338,2981.0,3.4,3.0,2024-10-04,2024-10-07,2024-10-12,Air,136,41,3299.31,135271.71,Storm,South,Yes,81.7,Delhivery,Customs,0,0,1
6339,1178.0,4.3,8.0,2024-04-20,2024-04-28,2024-05-02,Road,57,59,2386.95,140830.05,Storm,South,Yes,79.6,Delhivery,Customs,0,1,0
6340,4881.0,3.3,5.0,2024-09-12,2024-09-17,2024-09-22,Sea,765,19,4745.49,90164.31,Clear,South,No,95.7,FedEx,,0,0,1
6341,2513.0,4.3,5.0,2024-11-02,2024-11-07,2024-11-09,Air,1310,76,1908.95,145080.2,Storm,North,No,78.0,Delhivery,,0,1,0
6342,1484.0,3.7,7.0,2024-05-10,2024-05-17,2024-05-21,Road,579,60,410.28,24616.8,Clear,East,Yes,75.9,DHL,Customs,0,0,1
6343,9613.0,4.9,5.0,2024-11-21,2024-11-26,2024-11-28,Road,1278,55,2649.42,145718.1,Rainy,Central,No,84.0,DHL,,0,0,1
6344,1523.0,4.8,4.0,2024-09-02,2024-09-06,2024-09-06,Sea,1069,45,4401.72,198077.4,Cloudy,West,Yes,96.1,DHL,Traffic,1,0,1
6345,3465.0,4.8,4.0,2024-08-15,2024-08-19,2024-08-22,Sea,114,86,417.69,35921.34,Rainy,North,No,84.5,FedEx,,0,0,1
6346,1894.0,4.2,10.0,2024-06-02,2024-06-12,2024-06-11,Sea,111,30,1745.05,52351.5,Clear,East,No,86.9,BlueDart,Customs,1,1,1
6347,4005.0,4.1,7.0,2024-02-08,2024-02-15,2024-02-18,Air,662,47,4769.86,224183.42,Storm,West,Yes,96.2,BlueDart,Operational,0,0,1
6348,8412.0,3.1,2.0,2024-11-01,2024-11-03,2024-11-02,Air,1036,60,271.71,16302.6,Rainy,West,Yes,81.7,Delhivery,,1,0,1
6349,3681.0,2.7,7.0,2024-09-10,2024-09-17,2024-09-20,Sea,1289,43,904.73,38903.39,Clear,West,Yes,74.3,BlueDart,Traffic,0,0,1
6350,2406.0,3.9,6.0,2024-06-28,2024-07-04,2024-07-09,Road,873,100,2917.66,291766.0,Clear,North,No,91.1,EcomExpress,Traffic,0,0,1
6351,5849.0,3.4,9.0,2024-03-27,2024-04-05,2024-04-10,Sea,1043,41,2543.61,104288.01,Rainy,Central,No,96.8,BlueDart,,0,0,1
6352,6056.0,3.4,6.0,2024-05-07,2024-05-13,2024-05-12,Sea,1001,39,4910.64,191514.96,Rainy,South,No,82.4,EcomExpress,Customs,1,0,1
6353,1957.0,4.6,4.0,2024-02-09,2024-02-13,2024-02-14,Air,358,64,623.5,39904.0,Storm,East,Yes,81.2,FedEx,Customs,0,0,1
6354,4450.0,3.4,10.0,2024-03-11,2024-03-21,2024-03-23,Sea,526,44,958.1,42156.4,Cloudy,Central,Yes,85.4,FedEx,Operational,0,0,1
6355,2518.0,3.2,6.0,2024-03-11,2024-03-17,2024-03-22,Road,219,71,1496.01,106216.71,Clear,East,No,84.0,Delhivery,Operational,0,0,1
6356,7985.0,3.5,8.0,2024-10-30,2024-11-07,2024-11-10,Road,23,1,3404.45,3404.45,Storm,West,Yes,88.6,Delhivery,Weather,0,0,1
6357,7265.0,3.6,5.0,2024-01-05,2024-01-10,2024-01-10,Air,1093,99,3466.27,343160.73,Storm,North,Yes,84.0,EcomExpress,Operational,1,0,1
6358,6447.0,4.2,3.0,2024-05-04,2024-05-07,2024-05-12,Sea,1361,76,1916.53,145656.28,Clear,East,Yes,94.6,EcomExpress,,0,1,0
6359,8796.0,3.3,2.0,2024-03-15,2024-03-17,2024-03-16,Sea,593,77,1018.91,78456.07,Cloudy,Central,No,82.1,EcomExpress,Traffic,1,0,1
6360,2542.0,3.8,4.0,2024-09-06,2024-09-10,2024-09-14,Air,49,81,3664.89,296856.09,Cloudy,West,Yes,85.3,Delhivery,Customs,0,0,1
6361,4626.0,4.6,2.0,2024-05-23,2024-05-25,2024-05-28,Road,273,76,4942.66,375642.16,Clear,North,No,85.7,EcomExpress,Customs,0,0,1
6362,2124.0,4.0,4.0,2024-08-11,2024-08-15,2024-08-17,Sea,371,16,2499.52,39992.32,Rainy,North,No,74.8,DHL,Operational,0,1,0
6363,1985.0,4.9,8.0,2024-07-31,2024-08-08,2024-08-12,Road,1474,31,3804.2,117930.2,Rainy,West,No,95.1,FedEx,Weather,0,0,1
6364,7674.0,4.8,2.0,2024-05-27,2024-05-29,2024-05-30,Road,451,25,279.22,6980.5,Rainy,East,Yes,96.3,Delhivery,Weather,0,0,1
6365,1992.0,3.2,6.0,2024-03-28,2024-04-03,2024-04-05,Air,1332,84,2232.38,187519.92,Clear,East,No,76.9,EcomExpress,Customs,0,0,1
6366,5797.0,3.4,8.0,2024-11-14,2024-11-22,2024-11-27,Sea,521,32,3917.37,125355.84,Rainy,North,Yes,89.2,EcomExpress,Operational,0,0,1
6367,5966.0,3.4,10.0,2024-11-19,2024-11-29,2024-11-29,Air,1413,19,3022.99,57436.81,Storm,South,No,81.3,FedEx,Weather,1,0,1
6368,2603.0,3.5,9.0,2024-06-28,2024-07-07,2024-07-07,Air,1023,33,2387.11,78774.63,Cloudy,East,No,72.8,EcomExpress,Customs,1,0,1
6369,6270.0,4.3,2.0,2024-03-26,2024-03-28,2024-04-02,Air,620,100,1345.7,134570.0,Rainy,Central,Yes,89.4,BlueDart,Customs,0,0,1
6370,2123.0,3.5,4.0,2024-07-22,2024-07-26,2024-07-30,Road,1302,35,4675.16,163630.6,Clear,West,Yes,98.7,EcomExpress,Customs,0,0,1
6371,8467.0,4.8,6.0,2024-03-14,2024-03-20,2024-03-24,Road,445,51,3614.43,184335.93,Storm,South,No,72.7,EcomExpress,Traffic,0,0,1
6372,7282.0,4.7,4.0,2024-03-18,2024-03-22,2024-03-22,Sea,320,83,1366.19,113393.77,Clear,South,Yes,92.1,FedEx,,1,0,1
6373,9330.0,4.4,2.0,2024-01-27,2024-01-29,2024-01-31,Road,359,20,1635.96,32719.2,Storm,North,Yes,96.6,DHL,Traffic,0,1,0
6374,6656.0,4.0,9.0,2024-11-22,2024-12-01,2024-12-04,Road,70,88,2231.37,196360.56,Cloudy,South,Yes,87.7,EcomExpress,Customs,0,0,1
6375,6333.0,4.8,2.0,2024-07-03,2024-07-05,2024-07-09,Sea,267,8,4326.99,34615.92,Storm,West,Yes,78.5,Delhivery,Traffic,0,0,1
6376,,2.5,,2024-09-24,2024-10-04,2024-10-03,Air,469,82,3868.37,,Cloudy,South,No,97.2,BlueDart,Customs,1,0,1
6377,7887.0,3.0,2.0,2024-01-11,2024-01-13,2024-01-12,Air,578,54,4542.59,245299.86,Rainy,East,Yes,75.5,DHL,,1,0,1
6378,8997.0,2.7,2.0,2024-06-16,2024-06-18,2024-06-17,Air,1329,84,4732.71,397547.64,Rainy,South,Yes,74.9,EcomExpress,Weather,1,1,1
6379,7642.0,4.4,10.0,2024-03-22,2024-04-01,2024-04-02,Road,1148,35,284.2,9947.0,Cloudy,Central,Yes,82.2,DHL,Weather,0,0,1
6380,8992.0,3.9,8.0,2024-05-21,2024-05-29,2024-06-03,Air,806,41,1175.44,48193.04,Cloudy,North,No,81.6,EcomExpress,,0,0,1
6381,9604.0,4.8,2.0,2024-02-05,2024-02-07,2024-02-12,Sea,296,57,4854.58,276711.06,Rainy,South,Yes,97.9,Delhivery,Weather,0,0,1
6382,7109.0,4.2,4.0,2024-11-26,2024-11-30,2024-11-30,Road,840,93,3345.62,311142.66,Clear,North,Yes,72.8,DHL,Operational,1,0,1
6383,3929.0,4.2,2.0,2024-08-01,2024-08-03,2024-08-08,Road,475,55,3658.75,201231.25,Rainy,North,Yes,90.4,BlueDart,Traffic,0,0,1
6384,3571.0,3.7,9.0,2024-07-30,2024-08-08,2024-08-12,Air,506,18,563.11,10135.98,Storm,East,No,79.4,BlueDart,Weather,0,0,1
6385,1424.0,2.9,5.0,2024-03-07,2024-03-12,2024-03-12,Air,1470,7,1061.24,7428.68,Clear,North,No,92.9,DHL,Operational,1,0,1
6386,6451.0,4.4,9.0,2024-10-10,2024-10-19,2024-10-23,Road,1288,71,3705.41,263084.11,Clear,South,Yes,87.3,FedEx,Traffic,0,0,1
6387,2768.0,3.2,7.0,2024-05-08,2024-05-15,2024-05-17,Sea,703,88,2542.16,223710.08,Rainy,Central,Yes,94.2,DHL,Weather,0,0,1
6388,8384.0,3.6,9.0,2024-11-20,2024-11-29,2024-11-30,Air,974,25,3273.63,81840.75,Cloudy,South,No,92.5,DHL,Operational,0,0,1
6389,1434.0,3.8,4.0,2024-10-14,2024-10-18,2024-10-21,Sea,455,76,208.06,15812.56,Clear,East,No,91.7,Delhivery,,0,0,1
6390,8982.0,2.9,10.0,2024-09-20,2024-09-30,2024-10-02,Sea,734,5,1724.9,8624.5,Cloudy,South,No,79.2,BlueDart,Customs,0,0,1
6391,4582.0,3.3,8.0,2024-04-24,2024-05-02,2024-05-07,Sea,19,15,1734.46,26016.9,Storm,Central,Yes,79.6,FedEx,Customs,0,0,1
6392,9345.0,4.3,10.0,2024-05-27,2024-06-06,2024-06-06,Road,1490,92,4426.57,407244.44,Rainy,East,Yes,94.5,Delhivery,,1,0,1
6393,4805.0,3.7,4.0,2024-04-20,2024-04-24,2024-04-24,Air,236,72,2015.94,145147.68,Cloudy,North,Yes,78.0,DHL,Traffic,1,1,1
6394,7705.0,3.0,6.0,2024-03-06,2024-03-12,2024-03-16,Road,1252,29,2459.41,71322.89,Rainy,West,No,91.4,BlueDart,Customs,0,0,1
6395,6006.0,3.6,10.0,2024-11-24,2024-12-04,2024-12-09,Sea,1349,75,3034.47,227585.25,Rainy,Central,No,73.5,BlueDart,Weather,0,1,0
6396,6666.0,3.8,5.0,2024-02-26,2024-03-02,2024-03-04,Sea,826,48,1287.46,61798.08,Rainy,Central,Yes,76.9,DHL,Weather,0,0,1
6397,6898.0,2.9,3.0,2024-04-07,2024-04-10,2024-04-15,Road,885,18,259.54,4671.72,Rainy,Central,Yes,99.3,EcomExpress,,0,1,0
6398,3143.0,4.6,9.0,2024-01-15,2024-01-24,2024-01-28,Air,255,94,1615.88,151892.72,Cloudy,Central,No,80.7,DHL,Traffic,0,0,1
6399,2957.0,4.5,8.0,2024-11-15,2024-11-23,2024-11-28,Road,1146,61,340.82,20790.02,Cloudy,West,Yes,79.5,Delhivery,Operational,0,0,1
6400,3381.0,3.7,9.0,2024-04-10,2024-04-19,2024-04-24,Air,1213,68,973.12,66172.16,Clear,South,Yes,71.2,Delhivery,Weather,0,0,1
6401,6078.0,2.9,6.0,2024-03-18,2024-03-24,2024-03-28,Sea,924,75,2701.93,202644.75,Storm,South,No,93.3,BlueDart,Weather,0,0,1
6402,9280.0,2.7,5.0,2024-01-08,2024-01-13,2024-01-16,Air,1133,1,3046.1,3046.1,Storm,North,No,88.0,BlueDart,Weather,0,0,1
6403,7255.0,2.8,2.0,2024-09-12,2024-09-14,2024-09-19,Road,1219,6,712.41,4274.46,Cloudy,East,No,85.0,DHL,Operational,0,0,1
6404,7094.0,4.1,8.0,2024-10-06,2024-10-14,2024-10-15,Sea,1412,51,3601.68,183685.68,Storm,West,No,98.5,DHL,,0,1,0
6405,2503.0,3.4,2.0,2024-09-07,2024-09-09,2024-09-10,Road,896,72,1681.15,121042.8,Cloudy,Central,No,76.7,FedEx,Customs,0,1,0
6406,3606.0,4.6,8.0,2024-05-03,2024-05-11,2024-05-10,Road,1037,45,4233.64,190513.8,Cloudy,East,No,90.5,EcomExpress,,1,0,1
6407,8087.0,2.8,2.0,2024-05-02,2024-05-04,2024-05-09,Air,1309,71,4613.83,327581.93,Clear,Central,No,77.8,DHL,Customs,0,0,1
6408,1549.0,3.0,8.0,2024-10-10,2024-10-18,2024-10-17,Air,1167,65,1089.62,70825.3,Clear,West,No,72.9,DHL,Traffic,1,0,1
6409,4746.0,4.3,3.0,2024-11-10,2024-11-13,2024-11-17,Sea,1274,62,2205.3,136728.6,Rainy,South,Yes,93.3,EcomExpress,Operational,0,1,0
6410,2993.0,4.7,8.0,2024-05-29,2024-06-06,2024-06-05,Air,1102,5,2049.04,10245.2,Cloudy,Central,No,75.5,EcomExpress,Traffic,1,0,1
6411,2029.0,3.9,6.0,2024-06-23,2024-06-29,2024-06-30,Road,449,80,4440.29,355223.2,Storm,North,Yes,94.8,EcomExpress,,0,1,0
6412,8119.0,2.9,5.0,2024-09-16,2024-09-21,2024-09-22,Air,797,49,2904.15,142303.35,Clear,Central,Yes,81.5,EcomExpress,Traffic,0,0,1
6413,8155.0,3.8,10.0,2024-08-26,2024-09-05,2024-09-09,Air,12,22,3262.72,71779.84,Cloudy,East,No,72.6,EcomExpress,,0,0,1
6414,4350.0,4.9,10.0,2024-11-02,2024-11-12,2024-11-11,Air,645,32,4609.96,147518.72,Storm,West,No,86.8,BlueDart,,1,1,1
6415,1625.0,3.8,10.0,2024-07-31,2024-08-10,2024-08-12,Air,674,22,2162.4,47572.8,Cloudy,North,No,76.3,FedEx,Weather,0,0,1
6416,3244.0,2.8,8.0,2024-05-06,2024-05-14,2024-05-13,Road,70,24,792.53,19020.72,Clear,South,No,73.7,FedEx,Operational,1,0,1
6417,7442.0,4.8,2.0,2024-05-11,2024-05-13,2024-05-18,Air,744,5,4275.07,21375.35,Clear,East,Yes,97.0,BlueDart,Customs,0,1,0
6418,4478.0,3.4,6.0,2024-06-01,2024-06-07,2024-06-09,Road,643,56,4222.1,236437.6,Cloudy,Central,No,92.2,EcomExpress,,0,1,0
6419,5674.0,2.9,9.0,2024-08-20,2024-08-29,2024-09-02,Sea,900,33,3033.3,100098.9,Storm,Central,No,80.5,EcomExpress,Operational,0,0,1
6420,9993.0,3.4,8.0,2024-10-15,2024-10-23,2024-10-26,Road,43,97,1124.1,109037.7,Storm,South,Yes,91.0,FedEx,Weather,0,0,1
6421,7376.0,3.5,8.0,2024-06-06,2024-06-14,2024-06-18,Road,812,32,2367.43,75757.76,Storm,South,Yes,97.0,EcomExpress,Operational,0,0,1
6422,3413.0,4.1,4.0,2024-02-23,2024-02-27,2024-02-29,Sea,208,42,3609.82,151612.44,Cloudy,East,No,98.0,FedEx,Weather,0,0,1
6423,2049.0,3.9,5.0,2024-04-10,2024-04-15,2024-04-17,Sea,56,15,1870.8,28062.0,Rainy,East,No,70.8,Delhivery,Customs,0,0,1
6424,1128.0,4.0,6.0,2024-02-08,2024-02-14,2024-02-16,Air,833,25,2071.62,51790.5,Storm,North,Yes,97.0,EcomExpress,,0,0,1
6425,3748.0,4.9,4.0,2024-05-23,2024-05-27,2024-05-29,Road,1099,8,3899.73,31197.84,Rainy,West,Yes,82.5,EcomExpress,Traffic,0,0,1
6426,6854.0,4.3,10.0,2024-04-29,2024-05-09,2024-05-10,Road,586,60,639.46,38367.6,Storm,Central,Yes,90.0,FedEx,Operational,0,0,1
6427,6218.0,4.1,7.0,2024-05-28,2024-06-04,2024-06-09,Air,751,70,2775.63,194294.1,Clear,Central,Yes,89.3,BlueDart,,0,0,1
6428,2715.0,4.6,7.0,2024-08-27,2024-09-03,2024-09-08,Air,512,10,3613.31,36133.1,Clear,South,Yes,78.5,FedEx,Customs,0,0,1
6429,4698.0,3.2,5.0,2024-07-03,2024-07-08,2024-07-08,Air,778,56,4803.29,268984.24,Cloudy,West,No,83.3,DHL,Customs,1,0,1
6430,9182.0,2.7,9.0,2024-04-07,2024-04-16,2024-04-15,Air,458,52,3117.0,162084.0,Storm,Central,Yes,87.7,DHL,,1,1,1
6431,4861.0,4.4,4.0,2024-06-01,2024-06-05,2024-06-05,Sea,939,41,941.57,38604.37,Cloudy,North,Yes,75.8,DHL,Traffic,1,1,1
6432,1103.0,4.8,3.0,2024-11-20,2024-11-23,2024-11-27,Sea,510,11,2477.49,27252.39,Cloudy,Central,Yes,85.2,Delhivery,,0,0,1
6433,6520.0,3.5,3.0,2024-03-10,2024-03-13,2024-03-15,Air,1039,67,2855.38,191310.46,Rainy,West,Yes,96.7,EcomExpress,Customs,0,1,0
6434,1998.0,4.9,6.0,2024-01-29,2024-02-04,2024-02-05,Sea,1289,17,888.07,15097.19,Clear,North,Yes,76.4,DHL,,0,0,1
6435,6640.0,4.0,7.0,2024-05-01,2024-05-08,2024-05-12,Road,1486,54,968.2,52282.8,Storm,Central,Yes,86.1,FedEx,Customs,0,0,1
6436,2079.0,2.8,7.0,2024-09-15,2024-09-22,2024-09-24,Air,1414,71,2302.3,163463.3,Cloudy,East,No,81.2,EcomExpress,Operational,0,1,0
6437,3137.0,3.4,4.0,2024-03-08,2024-03-12,2024-03-16,Air,486,1,3345.04,3345.04,Storm,Central,Yes,98.9,BlueDart,Traffic,0,0,1
6438,2911.0,3.2,10.0,2024-06-09,2024-06-19,2024-06-23,Sea,539,80,1391.67,111333.6,Rainy,North,Yes,80.6,DHL,Operational,0,1,0
6439,3146.0,3.3,4.0,2024-05-29,2024-06-02,2024-06-03,Road,1150,8,4208.8,33670.4,Cloudy,South,No,89.0,FedEx,Weather,0,0,1
6440,1574.0,4.7,7.0,2024-07-03,2024-07-10,2024-07-10,Sea,822,41,3513.41,144049.81,Clear,South,Yes,73.5,EcomExpress,Weather,1,0,1
6441,3591.0,3.7,8.0,2024-10-08,2024-10-16,2024-10-20,Air,35,55,3073.72,169054.6,Cloudy,East,No,70.3,BlueDart,Traffic,0,0,1
6442,8445.0,4.7,9.0,2024-08-15,2024-08-24,2024-08-27,Sea,423,67,2514.78,168490.26,Cloudy,East,No,78.5,DHL,Traffic,0,0,1
6443,8898.0,3.7,5.0,2024-11-05,2024-11-10,2024-11-11,Sea,1066,30,4353.4,130602.0,Rainy,South,No,85.5,Delhivery,Operational,0,0,1
6444,2988.0,4.8,4.0,2024-07-27,2024-07-31,2024-08-04,Sea,1001,45,1001.83,45082.35,Cloudy,West,Yes,71.3,EcomExpress,Traffic,0,1,0
6445,9267.0,3.7,8.0,2024-07-12,2024-07-20,2024-07-19,Road,403,21,735.28,15440.88,Cloudy,Central,Yes,98.9,DHL,Weather,1,0,1
6446,4303.0,2.9,8.0,2024-05-31,2024-06-08,2024-06-13,Air,492,39,4427.73,172681.47,Storm,Central,No,99.4,DHL,Weather,0,0,1
6447,2388.0,4.6,9.0,2024-10-23,2024-11-01,2024-10-31,Air,48,69,4994.96,344652.24,Cloudy,North,No,73.7,DHL,Operational,1,0,1
6448,4970.0,3.7,2.0,2024-07-24,2024-07-26,2024-07-25,Road,604,1,1611.15,1611.15,Rainy,North,Yes,83.5,BlueDart,Traffic,1,0,1
6449,3401.0,5.0,8.0,2024-03-25,2024-04-02,2024-04-02,Sea,49,79,1372.21,108404.59,Storm,South,No,79.0,BlueDart,,1,0,1
6450,3218.0,2.9,4.0,2024-04-05,2024-04-09,2024-04-14,Sea,788,25,1677.69,41942.25,Clear,Central,Yes,82.7,Delhivery,Operational,0,0,1
6451,3233.0,3.6,9.0,2024-04-05,2024-04-14,2024-04-16,Sea,1051,66,3867.02,255223.32,Clear,North,No,96.3,Delhivery,Operational,0,0,1
6452,3565.0,3.7,5.0,2024-06-21,2024-06-26,2024-06-29,Sea,631,43,276.33,11882.19,Clear,North,No,88.1,FedEx,Operational,0,0,1
6453,5231.0,4.6,3.0,2024-11-12,2024-11-15,2024-11-14,Air,638,60,3051.88,183112.8,Storm,West,Yes,77.9,EcomExpress,Traffic,1,0,1
6454,7110.0,3.2,7.0,2024-04-14,2024-04-21,2024-04-24,Sea,255,73,3308.86,241546.78,Cloudy,West,Yes,83.7,DHL,Customs,0,1,0
6455,2268.0,4.3,9.0,2024-01-07,2024-01-16,2024-01-18,Road,611,1,4769.19,4769.19,Storm,West,Yes,71.2,BlueDart,Weather,0,1,0
6456,6372.0,4.9,2.0,2024-03-28,2024-03-30,2024-04-03,Road,307,47,4407.79,207166.13,Storm,Central,No,77.0,Delhivery,Customs,0,0,1
6457,3828.0,3.4,10.0,2024-04-03,2024-04-13,2024-04-18,Sea,740,48,2993.9,143707.2,Storm,East,No,72.8,DHL,Customs,0,0,1
6458,8708.0,3.6,2.0,2024-10-13,2024-10-15,2024-10-20,Air,827,15,1530.68,22960.2,Clear,West,Yes,82.9,DHL,Customs,0,1,0
6459,7885.0,4.5,8.0,2024-01-17,2024-01-25,2024-01-26,Sea,1372,14,2114.84,29607.76,Cloudy,South,Yes,79.1,EcomExpress,Traffic,0,0,1
6460,3086.0,4.0,8.0,2024-04-19,2024-04-27,2024-04-29,Air,1220,85,3367.81,286263.85,Rainy,South,Yes,80.5,Delhivery,Operational,0,0,1
6461,9695.0,2.9,4.0,2024-02-17,2024-02-21,2024-02-20,Air,419,90,4610.27,414924.3,Storm,South,Yes,93.4,EcomExpress,Weather,1,1,1
6462,6518.0,3.1,4.0,2024-08-31,2024-09-04,2024-09-07,Sea,152,33,387.81,12797.73,Storm,Central,Yes,81.9,EcomExpress,Weather,0,1,0
6463,9167.0,3.2,6.0,2024-05-02,2024-05-08,2024-05-13,Road,822,54,2262.29,122163.66,Clear,West,No,95.2,Delhivery,,0,0,1
6464,4985.0,3.7,7.0,2024-10-01,2024-10-08,2024-10-08,Sea,32,67,4541.87,304305.29,Cloudy,West,No,94.2,BlueDart,Operational,1,0,1
6465,7049.0,4.8,10.0,2024-03-03,2024-03-13,2024-03-18,Road,115,15,1789.71,26845.65,Rainy,East,Yes,83.7,BlueDart,Weather,0,1,0
6466,9395.0,4.3,7.0,2024-01-23,2024-01-30,2024-02-03,Air,148,90,4441.93,399773.7,Rainy,North,No,76.2,Delhivery,,0,0,1
6467,2987.0,4.1,8.0,2024-01-11,2024-01-19,2024-01-18,Air,1280,75,1491.86,111889.5,Storm,East,No,78.7,FedEx,,1,0,1
6468,7236.0,4.6,5.0,2024-05-19,2024-05-24,2024-05-24,Road,1468,96,3154.68,302849.28,Rainy,West,No,88.1,BlueDart,Weather,1,1,1
6469,9535.0,4.1,3.0,2024-09-22,2024-09-25,2024-09-29,Sea,777,73,3896.65,284455.45,Clear,North,No,81.7,FedEx,Operational,0,1,0
6470,8628.0,2.8,3.0,2024-10-19,2024-10-22,2024-10-27,Air,894,36,2326.52,83754.72,Clear,Central,Yes,96.6,FedEx,Traffic,0,1,0
6471,8026.0,4.4,9.0,2024-10-31,2024-11-09,2024-11-13,Road,1138,5,3549.72,17748.6,Clear,South,Yes,96.5,EcomExpress,,0,0,1
6472,6164.0,3.1,2.0,2024-06-04,2024-06-06,2024-06-09,Sea,852,28,1413.84,39587.52,Cloudy,South,Yes,91.3,DHL,Customs,0,0,1
6473,6131.0,4.4,2.0,2024-10-18,2024-10-20,2024-10-20,Road,1296,23,4147.36,95389.28,Rainy,Central,No,81.0,Delhivery,Customs,1,0,1
6474,5343.0,3.2,2.0,2024-01-05,2024-01-07,2024-01-06,Sea,711,75,4806.31,360473.25,Clear,West,Yes,89.6,EcomExpress,Weather,1,0,1
6475,8128.0,4.3,7.0,2024-01-07,2024-01-14,2024-01-15,Road,737,28,790.4,22131.2,Rainy,South,No,73.7,Delhivery,,0,1,0
6476,5803.0,3.0,10.0,2024-02-14,2024-02-24,2024-02-29,Sea,716,21,339.49,7129.29,Clear,East,No,78.5,DHL,,0,0,1
6477,3196.0,4.1,7.0,2024-02-05,2024-02-12,2024-02-12,Air,1159,26,3085.83,80231.58,Clear,West,No,72.8,FedEx,Traffic,1,0,1
6478,6266.0,2.9,6.0,2024-07-13,2024-07-19,2024-07-18,Road,26,81,4196.35,339904.35,Storm,West,No,73.8,EcomExpress,Operational,1,1,1
6479,1432.0,4.0,7.0,2024-08-17,2024-08-24,2024-08-28,Road,563,20,769.15,15383.0,Clear,West,No,98.7,Delhivery,Traffic,0,1,0
6480,5311.0,3.1,3.0,2024-01-12,2024-01-15,2024-01-17,Air,890,6,1771.3,10627.8,Rainy,Central,No,81.7,Delhivery,Operational,0,0,1
6481,3806.0,2.8,9.0,2024-07-16,2024-07-25,2024-07-30,Sea,156,61,2720.27,165936.47,Rainy,South,No,80.9,DHL,Weather,0,0,1
6482,2680.0,3.6,8.0,2024-08-15,2024-08-23,2024-08-28,Sea,613,48,1729.56,83018.88,Clear,West,No,86.0,EcomExpress,Customs,0,0,1
6483,6935.0,2.8,9.0,2024-03-30,2024-04-08,2024-04-09,Sea,1269,86,3586.1,308404.6,Cloudy,Central,No,70.0,EcomExpress,Operational,0,1,0
6484,4556.0,4.7,6.0,2024-11-20,2024-11-26,2024-11-28,Sea,1465,15,4251.17,63767.55,Cloudy,Central,No,96.4,FedEx,,0,0,1
6485,5215.0,2.7,10.0,2024-04-21,2024-05-01,2024-05-05,Road,800,29,2708.81,78555.49,Storm,South,No,98.6,DHL,Traffic,0,1,0
6486,6503.0,4.6,8.0,2024-03-03,2024-03-11,2024-03-16,Sea,149,88,1626.26,143110.88,Cloudy,Central,Yes,93.7,FedEx,Operational,0,1,0
6487,3985.0,5.0,3.0,2024-04-19,2024-04-22,2024-04-22,Road,977,51,1024.48,52248.48,Clear,East,Yes,76.4,DHL,Customs,1,0,1
6488,9159.0,3.2,6.0,2024-01-08,2024-01-14,2024-01-18,Road,1061,36,3104.78,111772.08,Storm,West,Yes,70.7,Delhivery,Operational,0,0,1
6489,3678.0,4.9,2.0,2024-01-16,2024-01-18,2024-01-23,Air,982,73,201.63,14718.99,Storm,Central,Yes,99.7,BlueDart,Operational,0,0,1
6490,5695.0,4.1,4.0,2024-08-27,2024-08-31,2024-09-05,Air,623,34,751.37,25546.58,Clear,West,Yes,82.4,Delhivery,Traffic,0,0,1
6491,4131.0,4.6,5.0,2024-11-03,2024-11-08,2024-11-13,Road,1352,18,1681.73,30271.14,Storm,East,Yes,70.3,DHL,Weather,0,1,0
6492,5047.0,5.0,9.0,2024-03-20,2024-03-29,2024-03-29,Road,568,32,864.73,27671.36,Rainy,South,Yes,72.5,BlueDart,Customs,1,0,1
6493,1860.0,3.9,3.0,2024-03-08,2024-03-11,2024-03-10,Road,1224,64,1665.2,106572.8,Clear,West,No,76.8,Delhivery,,1,0,1
6494,9912.0,4.3,6.0,2024-04-10,2024-04-16,2024-04-18,Air,240,8,3095.36,24762.88,Rainy,East,No,95.0,BlueDart,Traffic,0,0,1
6495,4320.0,3.3,8.0,2024-01-20,2024-01-28,2024-01-28,Road,1431,74,2698.32,199675.68,Storm,West,Yes,78.7,FedEx,Operational,1,1,1
6496,9193.0,3.1,8.0,2024-05-25,2024-06-02,2024-06-05,Road,635,35,2543.23,89013.05,Rainy,Central,No,72.8,FedEx,Operational,0,1,0
6497,8047.0,4.9,5.0,2024-06-21,2024-06-26,2024-06-25,Sea,191,81,2187.42,177181.02,Cloudy,West,Yes,78.7,BlueDart,Customs,1,0,1
6498,6882.0,4.0,10.0,2024-09-16,2024-09-26,2024-09-30,Sea,1436,43,942.25,40516.75,Rainy,East,No,80.3,Delhivery,Traffic,0,0,1
6499,3483.0,3.6,3.0,2024-06-08,2024-06-11,2024-06-13,Road,530,46,3421.01,157366.46,Storm,West,No,81.3,Delhivery,,0,1,0
6500,9399.0,3.8,6.0,2024-05-04,2024-05-10,2024-05-13,Sea,1404,26,1094.29,28451.54,Cloudy,North,No,70.3,EcomExpress,Weather,0,1,0
6501,9266.0,3.2,8.0,2024-04-17,2024-04-25,2024-04-28,Air,1441,62,1125.3,69768.6,Rainy,East,No,94.4,DHL,Traffic,0,0,1
6502,9243.0,4.1,3.0,2024-04-08,2024-04-11,2024-04-12,Sea,1185,11,869.7,9566.7,Clear,East,No,79.7,DHL,Weather,0,0,1
6503,7099.0,2.9,9.0,2024-02-18,2024-02-27,2024-02-26,Air,355,71,3695.07,262349.97,Cloudy,Central,No,86.6,DHL,Weather,1,1,1
6504,1768.0,3.2,6.0,2024-04-21,2024-04-27,2024-04-27,Air,1364,64,662.34,42389.76,Cloudy,East,Yes,72.8,BlueDart,Operational,1,1,1
6505,2427.0,3.2,9.0,2024-02-27,2024-03-07,2024-03-11,Air,97,8,2924.59,23396.72,Clear,North,No,73.8,Delhivery,,0,0,1
6506,1120.0,4.7,9.0,2024-07-17,2024-07-26,2024-07-25,Air,654,48,4864.75,233508.0,Rainy,South,No,76.1,Delhivery,Operational,1,0,1
6507,4692.0,4.7,5.0,2024-02-09,2024-02-14,2024-02-15,Road,1391,62,4852.12,300831.44,Clear,North,Yes,85.7,BlueDart,Traffic,0,0,1
6508,9939.0,3.9,9.0,2024-11-09,2024-11-18,2024-11-23,Road,869,40,3974.66,158986.4,Clear,West,Yes,96.9,FedEx,,0,1,0
6509,3693.0,4.1,8.0,2024-10-21,2024-10-29,2024-10-30,Air,1025,85,3205.81,272493.85,Clear,North,No,89.7,FedEx,,0,0,1
6510,2015.0,4.0,5.0,2024-06-22,2024-06-27,2024-07-02,Road,1446,100,4929.27,492927.0,Rainy,Central,Yes,88.1,BlueDart,Weather,0,1,0
6511,5353.0,2.5,3.0,2024-10-14,2024-10-17,2024-10-18,Air,837,60,3983.01,238980.6,Clear,Central,Yes,77.7,Delhivery,Customs,0,0,1
6512,4495.0,3.2,9.0,2024-07-15,2024-07-24,2024-07-26,Air,846,56,200.59,11233.04,Rainy,South,Yes,99.7,FedEx,Operational,0,0,1
6513,7417.0,3.4,4.0,2024-06-14,2024-06-18,2024-06-23,Sea,1378,42,4983.06,209288.52,Rainy,Central,No,85.6,Delhivery,,0,0,1
6514,7801.0,4.7,10.0,2024-03-15,2024-03-25,2024-03-26,Sea,1145,53,1835.11,97260.83,Clear,Central,Yes,71.8,Delhivery,Customs,0,0,1
6515,1058.0,3.6,5.0,2024-07-09,2024-07-14,2024-07-15,Air,621,50,876.31,43815.5,Cloudy,North,No,85.5,Delhivery,Weather,0,0,1
6516,3230.0,3.1,9.0,2024-02-07,2024-02-16,2024-02-21,Sea,203,92,939.15,86401.8,Storm,Central,Yes,78.2,FedEx,Weather,0,0,1
6517,6592.0,3.4,3.0,2024-05-24,2024-05-27,2024-06-01,Sea,570,3,320.24,960.72,Rainy,Central,Yes,89.5,FedEx,Customs,0,0,1
6518,7403.0,2.5,10.0,2024-05-04,2024-05-14,2024-05-18,Air,17,39,751.33,29301.87,Clear,East,No,78.6,Delhivery,Traffic,0,1,0
6519,5945.0,4.9,2.0,2024-03-12,2024-03-14,2024-03-19,Road,427,79,3333.69,263361.51,Rainy,West,No,81.8,BlueDart,Weather,0,0,1
6520,9480.0,3.3,2.0,2024-06-12,2024-06-14,2024-06-16,Road,1399,64,2833.77,181361.28,Clear,South,No,74.3,EcomExpress,Traffic,0,0,1
6521,3413.0,3.3,2.0,2024-11-25,2024-11-27,2024-11-28,Air,1030,28,1165.73,32640.44,Cloudy,South,No,74.0,DHL,Traffic,0,0,1
6522,9504.0,4.7,5.0,2024-06-22,2024-06-27,2024-06-27,Air,517,19,2547.34,48399.46,Clear,West,Yes,98.5,EcomExpress,,1,1,1
6523,3797.0,3.7,4.0,2024-08-22,2024-08-26,2024-08-31,Road,1110,21,4929.91,103528.11,Rainy,North,Yes,91.9,EcomExpress,Operational,0,0,1
6524,6774.0,3.7,7.0,2024-02-28,2024-03-06,2024-03-10,Sea,456,8,103.98,831.84,Rainy,East,Yes,83.6,DHL,Weather,0,0,1
6525,1157.0,3.1,10.0,2024-09-01,2024-09-11,2024-09-11,Road,1375,65,2998.85,194925.25,Rainy,North,Yes,97.7,Delhivery,Operational,1,1,1
6526,5824.0,3.9,5.0,2024-04-19,2024-04-24,2024-04-28,Sea,84,16,878.95,14063.2,Clear,East,No,84.0,Delhivery,Operational,0,0,1
6527,8891.0,4.7,7.0,2024-04-16,2024-04-23,2024-04-22,Road,725,41,522.94,21440.54,Storm,West,No,94.7,DHL,Traffic,1,0,1
6528,5433.0,3.1,4.0,2024-08-06,2024-08-10,2024-08-15,Air,649,100,4639.35,463935.0,Clear,West,Yes,74.6,Delhivery,,0,0,1
6529,5151.0,5.0,3.0,2024-02-26,2024-02-29,2024-02-28,Air,1436,46,391.54,18010.84,Storm,East,No,94.2,FedEx,Traffic,1,0,1
6530,8911.0,4.2,7.0,2024-09-02,2024-09-09,2024-09-10,Air,582,88,3899.12,343122.56,Storm,North,No,93.3,BlueDart,Weather,0,0,1
6531,9877.0,4.3,3.0,2024-09-21,2024-09-24,2024-09-28,Sea,1188,68,4714.64,320595.52,Cloudy,East,No,88.5,DHL,Weather,0,1,0
6532,7551.0,2.8,4.0,2024-08-18,2024-08-22,2024-08-25,Air,452,81,3108.91,251821.71,Storm,North,Yes,88.6,EcomExpress,Operational,0,1,0
6533,2043.0,4.2,7.0,2024-06-25,2024-07-02,2024-07-07,Air,418,84,2881.19,242019.96,Rainy,South,No,71.8,EcomExpress,Operational,0,0,1
6534,4864.0,4.7,4.0,2024-08-13,2024-08-17,2024-08-18,Road,1009,20,3337.9,66758.0,Rainy,Central,No,78.0,DHL,Weather,0,0,1
6535,1348.0,3.6,6.0,2024-02-11,2024-02-17,2024-02-17,Road,1263,75,4309.35,323201.25,Rainy,Central,Yes,72.9,Delhivery,Weather,1,1,1
6536,8385.0,4.0,2.0,2024-11-11,2024-11-13,2024-11-14,Road,922,25,2879.12,71978.0,Clear,West,No,75.2,EcomExpress,Customs,0,0,1
6537,6964.0,2.5,5.0,2024-10-31,2024-11-05,2024-11-04,Road,1226,51,147.38,7516.38,Clear,North,No,88.2,BlueDart,,1,0,1
6538,9806.0,3.7,3.0,2024-07-14,2024-07-17,2024-07-20,Road,816,26,227.55,5916.3,Cloudy,South,No,85.5,DHL,Weather,0,1,0
6539,1003.0,3.4,7.0,2024-06-21,2024-06-28,2024-06-29,Air,107,7,2946.13,20622.91,Rainy,East,Yes,95.8,Delhivery,Operational,0,0,1
6540,5191.0,3.7,7.0,2024-09-02,2024-09-09,2024-09-10,Sea,1318,70,1291.35,90394.5,Storm,West,Yes,89.4,Delhivery,Operational,0,0,1
6541,5273.0,3.6,7.0,2024-05-14,2024-05-21,2024-05-21,Sea,1095,76,901.06,68480.56,Rainy,West,No,85.3,EcomExpress,Operational,1,0,1
6542,2510.0,4.5,10.0,2024-03-22,2024-04-01,2024-04-05,Air,519,96,194.21,18644.16,Rainy,South,Yes,73.0,Delhivery,Weather,0,0,1
6543,6990.0,3.3,6.0,2024-11-24,2024-11-30,2024-11-30,Sea,1380,81,1823.2,147679.2,Clear,Central,Yes,97.9,BlueDart,Operational,1,1,1
6544,2366.0,4.3,10.0,2024-03-23,2024-04-02,2024-04-05,Sea,689,26,581.88,15128.88,Clear,Central,No,81.2,EcomExpress,Customs,0,1,0
6545,6827.0,2.5,7.0,2024-11-17,2024-11-24,2024-11-23,Sea,94,75,2185.14,163885.5,Clear,Central,Yes,98.4,BlueDart,Traffic,1,1,1
6546,8052.0,4.1,2.0,2024-11-10,2024-11-12,2024-11-15,Air,252,62,4005.12,248317.44,Storm,South,Yes,72.6,EcomExpress,Traffic,0,1,0
6547,9007.0,3.3,8.0,2024-02-26,2024-03-05,2024-03-05,Sea,1436,50,779.4,38970.0,Storm,Central,No,93.8,FedEx,Traffic,1,0,1
6548,4763.0,3.2,3.0,2024-08-16,2024-08-19,2024-08-21,Road,1126,42,2764.97,116128.74,Storm,North,No,92.9,BlueDart,Traffic,0,0,1
6549,9708.0,3.4,5.0,2024-06-19,2024-06-24,2024-06-27,Sea,470,25,358.06,8951.5,Storm,East,Yes,84.4,FedEx,Operational,0,0,1
6550,4097.0,3.5,4.0,2024-06-15,2024-06-19,2024-06-21,Road,1318,65,4201.27,273082.55,Storm,South,No,76.8,Delhivery,Weather,0,1,0
6551,6130.0,4.0,5.0,2024-01-28,2024-02-02,2024-02-07,Air,895,62,3868.26,239832.12,Cloudy,West,Yes,70.8,FedEx,,0,1,0
6552,7180.0,4.0,7.0,2024-02-18,2024-02-25,2024-02-26,Air,277,93,1668.52,155172.36,Cloudy,West,No,72.2,EcomExpress,Customs,0,1,0
6553,1464.0,4.8,10.0,2024-07-04,2024-07-14,2024-07-18,Air,1139,5,2691.5,13457.5,Clear,West,Yes,86.9,Delhivery,Traffic,0,0,1
6554,5441.0,3.7,2.0,2024-02-11,2024-02-13,2024-02-16,Road,830,87,738.73,64269.51,Storm,East,Yes,92.7,FedEx,Traffic,0,1,0
6555,4052.0,3.2,7.0,2024-08-07,2024-08-14,2024-08-14,Sea,673,56,2541.82,142341.92,Cloudy,North,Yes,78.2,DHL,Traffic,1,0,1
6556,5572.0,3.6,4.0,2024-02-01,2024-02-05,2024-02-06,Air,631,58,291.75,16921.5,Clear,North,No,97.0,DHL,Operational,0,0,1
6557,9443.0,2.8,2.0,2024-11-26,2024-11-28,2024-11-27,Sea,1038,96,739.44,70986.24,Rainy,West,Yes,94.6,FedEx,Customs,1,0,1
6558,9374.0,3.3,5.0,2024-06-18,2024-06-23,2024-06-23,Air,361,3,2740.98,8222.94,Storm,South,Yes,88.0,FedEx,,1,0,1
6559,3148.0,3.2,7.0,2024-05-04,2024-05-11,2024-05-14,Sea,187,57,2870.43,163614.51,Rainy,West,Yes,89.0,FedEx,Weather,0,1,0
6560,8793.0,5.0,2.0,2024-11-04,2024-11-06,2024-11-11,Air,1414,3,3957.41,11872.23,Rainy,West,No,93.0,FedEx,Customs,0,0,1
6561,9914.0,2.5,9.0,2024-08-19,2024-08-28,2024-08-29,Air,1220,89,1240.5,110404.5,Clear,Central,Yes,81.4,BlueDart,Customs,0,0,1
6562,3403.0,3.8,3.0,2024-10-04,2024-10-07,2024-10-06,Air,75,7,581.06,4067.42,Storm,South,Yes,83.2,DHL,Customs,1,0,1
6563,4427.0,3.0,4.0,2024-03-07,2024-03-11,2024-03-13,Road,1408,88,4783.59,420955.92,Rainy,East,Yes,87.1,FedEx,Weather,0,0,1
6564,8506.0,4.0,2.0,2024-05-23,2024-05-25,2024-05-24,Road,1077,100,2383.72,238372.0,Cloudy,North,No,73.6,Delhivery,Operational,1,0,1
6565,5708.0,2.9,5.0,2024-06-04,2024-06-09,2024-06-12,Air,1024,29,612.25,17755.25,Clear,West,Yes,90.4,BlueDart,,0,0,1
6566,3873.0,3.0,7.0,2024-02-18,2024-02-25,2024-02-24,Road,670,16,4112.07,65793.12,Storm,East,Yes,84.9,FedEx,,1,1,1
6567,7823.0,4.0,10.0,2024-04-09,2024-04-19,2024-04-18,Sea,1292,54,345.6,18662.4,Cloudy,North,Yes,70.2,FedEx,,1,0,1
6568,8716.0,3.9,4.0,2024-03-02,2024-03-06,2024-03-06,Road,778,23,3522.64,81020.72,Storm,South,Yes,93.3,BlueDart,Operational,1,1,1
6569,8063.0,3.4,10.0,2024-02-19,2024-02-29,2024-02-29,Air,1456,98,3235.66,317094.68,Clear,Central,No,96.0,BlueDart,Traffic,1,0,1
6570,5689.0,2.8,5.0,2024-06-22,2024-06-27,2024-06-27,Road,407,53,1590.57,84300.21,Storm,South,No,94.0,EcomExpress,Weather,1,1,1
6571,4141.0,4.7,9.0,2024-05-25,2024-06-03,2024-06-03,Sea,973,91,164.24,14945.84,Cloudy,North,No,82.9,FedEx,Customs,1,1,1
6572,4140.0,3.0,2.0,2024-02-04,2024-02-06,2024-02-07,Sea,45,50,3404.14,170207.0,Clear,West,Yes,76.6,Delhivery,Operational,0,1,0
6573,2534.0,3.1,5.0,2024-07-25,2024-07-30,2024-08-02,Sea,518,21,4881.62,102514.02,Cloudy,South,No,89.9,BlueDart,Traffic,0,0,1
6574,9900.0,4.0,4.0,2024-07-03,2024-07-07,2024-07-06,Air,1161,70,1928.9,135023.0,Storm,South,Yes,86.0,FedEx,,1,0,1
6575,3074.0,3.9,2.0,2024-01-06,2024-01-08,2024-01-09,Sea,528,91,103.4,9409.4,Rainy,Central,Yes,90.0,DHL,Operational,0,1,0
6576,5998.0,4.8,9.0,2024-09-29,2024-10-08,2024-10-08,Sea,1259,44,4507.57,198333.08,Cloudy,West,No,83.9,DHL,,1,1,1
6577,3209.0,3.4,5.0,2024-03-20,2024-03-25,2024-03-24,Road,609,33,4791.58,158122.14,Storm,West,No,98.4,BlueDart,Traffic,1,0,1
6578,6172.0,4.3,4.0,2024-09-16,2024-09-20,2024-09-20,Air,112,90,4611.12,415000.8,Cloudy,North,No,97.0,DHL,Traffic,1,0,1
6579,8216.0,4.8,9.0,2024-09-24,2024-10-03,2024-10-02,Road,260,55,3844.57,211451.35,Cloudy,Central,Yes,91.2,EcomExpress,Weather,1,0,1
6580,1759.0,4.3,4.0,2024-06-12,2024-06-16,2024-06-20,Sea,381,51,1278.0,65178.0,Clear,South,No,71.9,FedEx,Customs,0,0,1
6581,9946.0,4.5,7.0,2024-05-04,2024-05-11,2024-05-10,Sea,701,91,4072.85,370629.35,Clear,South,Yes,93.4,Delhivery,Operational,1,1,1
6582,3338.0,4.4,2.0,2024-02-13,2024-02-15,2024-02-16,Road,947,54,909.01,49086.54,Rainy,North,No,79.1,Delhivery,,0,0,1
6583,3230.0,3.6,8.0,2024-08-17,2024-08-25,2024-08-26,Air,47,25,2348.33,58708.25,Clear,Central,No,85.6,Delhivery,Customs,0,1,0
6584,8354.0,4.8,10.0,2024-06-29,2024-07-09,2024-07-10,Road,371,27,4655.15,125689.05,Clear,Central,Yes,72.9,FedEx,Customs,0,1,0
6585,5135.0,2.6,2.0,2024-07-22,2024-07-24,2024-07-29,Road,617,1,1044.35,1044.35,Cloudy,South,Yes,70.2,DHL,Weather,0,0,1
6586,1706.0,4.3,3.0,2024-01-18,2024-01-21,2024-01-20,Air,243,73,723.72,52831.56,Cloudy,South,Yes,82.0,BlueDart,Customs,1,0,1
6587,3387.0,2.6,3.0,2024-08-09,2024-08-12,2024-08-14,Road,810,99,2629.07,260277.93,Rainy,South,No,99.6,BlueDart,,0,0,1
6588,8022.0,3.4,2.0,2024-11-18,2024-11-20,2024-11-24,Sea,656,50,1631.7,81585.0,Rainy,Central,No,88.9,FedEx,Customs,0,0,1
6589,9779.0,2.9,10.0,2024-09-27,2024-10-07,2024-10-07,Road,430,64,4243.08,271557.12,Cloudy,West,Yes,95.1,BlueDart,Traffic,1,0,1
6590,8690.0,4.3,10.0,2024-07-04,2024-07-14,2024-07-18,Road,1136,70,3247.84,227348.8,Rainy,North,Yes,89.8,Delhivery,Customs,0,0,1
6591,4819.0,4.6,9.0,2024-04-14,2024-04-23,2024-04-28,Sea,1468,45,2329.35,104820.75,Rainy,South,Yes,92.7,BlueDart,,0,1,0
6592,2735.0,3.5,8.0,2024-05-30,2024-06-07,2024-06-09,Road,739,75,4615.68,346176.0,Rainy,East,Yes,80.3,DHL,Operational,0,0,1
6593,3966.0,3.7,3.0,2024-01-28,2024-01-31,2024-02-05,Sea,130,19,4979.37,94608.03,Clear,West,No,71.3,BlueDart,Operational,0,1,0
6594,5947.0,3.9,5.0,2024-11-12,2024-11-17,2024-11-20,Air,255,10,2293.22,22932.2,Rainy,West,No,86.0,EcomExpress,Traffic,0,0,1
6595,8024.0,2.8,9.0,2024-05-15,2024-05-24,2024-05-29,Air,203,34,2945.9,100160.6,Rainy,South,Yes,99.2,FedEx,Weather,0,0,1
6596,9381.0,3.8,10.0,2024-04-22,2024-05-02,2024-05-06,Road,495,16,4959.76,79356.16,Rainy,South,No,72.7,BlueDart,,0,0,1
6597,4714.0,4.1,3.0,2024-10-05,2024-10-08,2024-10-13,Road,697,89,2039.42,181508.38,Rainy,East,No,79.7,EcomExpress,Customs,0,1,0
6598,8902.0,3.7,9.0,2024-03-26,2024-04-04,2024-04-07,Road,625,50,2945.74,147287.0,Storm,North,No,73.1,Delhivery,Customs,0,0,1
6599,1012.0,3.9,10.0,2024-09-10,2024-09-20,2024-09-22,Sea,1158,89,4320.26,384503.14,Storm,South,Yes,71.8,EcomExpress,,0,0,1
6600,2847.0,4.2,6.0,2024-06-01,2024-06-07,2024-06-09,Air,986,24,4017.79,96426.96,Clear,East,Yes,78.5,EcomExpress,Traffic,0,1,0
6601,9196.0,4.4,7.0,2024-09-10,2024-09-17,2024-09-16,Air,564,65,3108.13,202028.45,Clear,West,No,75.7,FedEx,Traffic,1,0,1
6602,1800.0,4.1,9.0,2024-09-13,2024-09-22,2024-09-24,Air,646,61,1799.7,109781.7,Storm,West,No,73.4,Delhivery,,0,0,1
6603,2449.0,3.4,2.0,2024-03-07,2024-03-09,2024-03-12,Air,1475,88,3863.53,339990.64,Storm,South,Yes,86.5,BlueDart,Customs,0,0,1
6604,7563.0,4.9,9.0,2024-03-12,2024-03-21,2024-03-21,Sea,479,3,1944.36,5833.08,Rainy,East,No,84.7,EcomExpress,Customs,1,0,1
6605,5664.0,4.3,3.0,2024-06-09,2024-06-12,2024-06-16,Air,789,59,965.42,56959.78,Cloudy,West,Yes,72.5,DHL,Weather,0,1,0
6606,8555.0,4.8,3.0,2024-08-17,2024-08-20,2024-08-20,Sea,1465,98,1848.72,181174.56,Storm,West,Yes,82.1,BlueDart,Customs,1,1,1
6607,8602.0,4.7,4.0,2024-04-04,2024-04-08,2024-04-13,Sea,836,79,1986.97,156970.63,Clear,West,Yes,90.5,BlueDart,Operational,0,0,1
6608,2750.0,3.1,3.0,2024-06-15,2024-06-18,2024-06-19,Road,575,61,3159.97,192758.17,Clear,North,No,99.9,FedEx,Weather,0,1,0
6609,5515.0,3.5,10.0,2024-08-28,2024-09-07,2024-09-12,Road,1478,64,3145.93,201339.52,Clear,East,No,85.0,DHL,Traffic,0,0,1
6610,6927.0,4.2,2.0,2024-08-18,2024-08-20,2024-08-22,Sea,983,10,2710.78,27107.8,Storm,South,Yes,75.6,BlueDart,Operational,0,1,0
6611,8141.0,3.8,6.0,2024-04-04,2024-04-10,2024-04-12,Road,1002,80,556.46,44516.8,Storm,Central,No,76.2,DHL,,0,0,1
6612,6495.0,3.1,6.0,2024-10-06,2024-10-12,2024-10-15,Road,391,51,4444.32,226660.32,Rainy,West,Yes,95.8,Delhivery,,0,1,0
6613,7609.0,4.6,9.0,2024-03-10,2024-03-19,2024-03-22,Air,135,10,4050.79,40507.9,Cloudy,East,Yes,77.9,BlueDart,Traffic,0,1,0
6614,7737.0,2.7,6.0,2024-08-10,2024-08-16,2024-08-18,Road,104,92,4452.03,409586.76,Clear,East,No,88.9,EcomExpress,Weather,0,1,0
6615,8734.0,3.2,2.0,2024-10-02,2024-10-04,2024-10-09,Air,1232,62,1074.52,66620.24,Rainy,North,No,74.3,Delhivery,Customs,0,0,1
6616,6367.0,3.4,4.0,2024-05-01,2024-05-05,2024-05-05,Road,94,47,2284.53,107372.91,Clear,Central,Yes,75.1,FedEx,Weather,1,0,1
6617,2682.0,2.8,6.0,2024-01-05,2024-01-11,2024-01-14,Road,1435,80,2642.3,211384.0,Storm,South,No,95.5,FedEx,Weather,0,0,1
6618,8087.0,3.8,3.0,2024-01-10,2024-01-13,2024-01-16,Sea,241,82,2330.68,191115.76,Clear,Central,Yes,72.0,Delhivery,Traffic,0,0,1
6619,3767.0,2.6,4.0,2024-01-29,2024-02-02,2024-02-04,Sea,1058,96,2520.04,241923.84,Cloudy,West,Yes,99.6,BlueDart,Operational,0,0,1
6620,6578.0,4.4,10.0,2024-05-01,2024-05-11,2024-05-10,Road,1454,10,4429.71,44297.1,Clear,South,Yes,87.6,EcomExpress,Weather,1,0,1
6621,5337.0,4.2,5.0,2024-03-18,2024-03-23,2024-03-22,Sea,1487,64,1759.87,112631.68,Storm,South,Yes,76.6,Delhivery,Customs,1,0,1
6622,6555.0,4.9,3.0,2024-06-23,2024-06-26,2024-06-25,Road,19,35,3556.31,124470.85,Rainy,East,Yes,82.5,EcomExpress,Operational,1,1,1
6623,4140.0,3.0,2.0,2024-08-12,2024-08-14,2024-08-16,Air,744,23,3936.76,90545.48,Cloudy,Central,Yes,88.0,EcomExpress,,0,0,1
6624,3633.0,3.0,7.0,2024-03-11,2024-03-18,2024-03-23,Sea,586,16,139.49,2231.84,Rainy,West,Yes,84.6,EcomExpress,Traffic,0,0,1
6625,9176.0,3.1,3.0,2024-01-15,2024-01-18,2024-01-21,Road,621,4,2218.1,8872.4,Cloudy,Central,Yes,94.9,DHL,Operational,0,0,1
6626,7474.0,4.2,5.0,2024-01-06,2024-01-11,2024-01-11,Road,616,54,871.64,47068.56,Storm,East,Yes,91.1,DHL,Traffic,1,1,1
6627,5188.0,4.8,7.0,2024-08-12,2024-08-19,2024-08-19,Air,1259,24,1430.66,34335.84,Storm,Central,No,73.9,BlueDart,Customs,1,0,1
6628,7778.0,4.1,5.0,2024-07-08,2024-07-13,2024-07-18,Air,1034,80,1944.52,155561.6,Clear,West,No,81.0,EcomExpress,Traffic,0,0,1
6629,5106.0,3.0,2.0,2024-01-19,2024-01-21,2024-01-26,Road,650,83,4829.29,400831.07,Rainy,North,Yes,70.0,BlueDart,,0,0,1
6630,3726.0,3.0,2.0,2024-09-23,2024-09-25,2024-09-25,Sea,1133,31,3549.04,110020.24,Storm,North,No,86.6,BlueDart,Weather,1,0,1
6631,2248.0,4.7,8.0,2024-09-22,2024-09-30,2024-10-03,Air,1206,18,1283.51,23103.18,Storm,West,Yes,73.2,FedEx,Traffic,0,1,0
6632,7388.0,5.0,6.0,2024-11-11,2024-11-17,2024-11-17,Road,1225,51,2429.41,123899.91,Rainy,West,Yes,71.4,BlueDart,Weather,1,0,1
6633,6457.0,3.6,5.0,2024-09-30,2024-10-05,2024-10-08,Air,592,40,3781.18,151247.2,Storm,North,Yes,76.0,FedEx,Customs,0,0,1
6634,8249.0,3.1,4.0,2024-10-21,2024-10-25,2024-10-25,Sea,854,10,204.57,2045.7,Rainy,Central,No,72.4,FedEx,Operational,1,0,1
6635,9595.0,3.2,6.0,2024-05-21,2024-05-27,2024-05-30,Air,544,71,2042.02,144983.42,Rainy,West,Yes,96.6,FedEx,Traffic,0,0,1
6636,4337.0,3.1,4.0,2024-10-11,2024-10-15,2024-10-19,Sea,716,67,1798.91,120526.97,Rainy,North,No,98.1,BlueDart,Customs,0,0,1
6637,1072.0,4.7,5.0,2024-09-02,2024-09-07,2024-09-10,Road,1001,4,2960.08,11840.32,Storm,East,No,92.3,EcomExpress,Weather,0,0,1
6638,8547.0,3.3,4.0,2024-07-03,2024-07-07,2024-07-09,Road,1474,89,105.77,9413.53,Clear,Central,No,97.9,BlueDart,Operational,0,0,1
6639,9359.0,3.1,7.0,2024-05-21,2024-05-28,2024-05-31,Sea,743,78,3284.58,256197.24,Clear,West,Yes,83.1,EcomExpress,,0,0,1
6640,2557.0,4.8,5.0,2024-10-02,2024-10-07,2024-10-06,Air,1197,58,3448.9,200036.2,Rainy,West,No,99.3,BlueDart,,1,0,1
6641,7501.0,4.0,7.0,2024-08-16,2024-08-23,2024-08-24,Road,502,1,4038.15,4038.15,Storm,East,No,88.1,DHL,Operational,0,0,1
6642,2210.0,4.9,9.0,2024-03-30,2024-04-08,2024-04-12,Air,1215,39,171.71,6696.69,Clear,West,Yes,86.2,BlueDart,Traffic,0,1,0
6643,2940.0,3.0,4.0,2024-08-13,2024-08-17,2024-08-19,Air,737,65,2502.87,162686.55,Rainy,Central,No,71.1,BlueDart,Weather,0,0,1
6644,6644.0,4.5,3.0,2024-10-01,2024-10-04,2024-10-04,Sea,1067,96,2437.43,233993.28,Storm,North,No,83.9,Delhivery,Traffic,1,0,1
6645,7925.0,4.6,3.0,2024-05-26,2024-05-29,2024-05-31,Road,526,53,971.25,51476.25,Storm,West,No,86.1,Delhivery,Operational,0,1,0
6646,3287.0,4.0,7.0,2024-05-22,2024-05-29,2024-05-31,Road,1310,93,2306.63,214516.59,Clear,East,Yes,78.5,BlueDart,Operational,0,0,1
6647,1260.0,4.5,3.0,2024-11-25,2024-11-28,2024-11-29,Road,1066,63,1552.59,97813.17,Storm,South,No,81.0,DHL,Traffic,0,0,1
6648,4840.0,3.2,6.0,2024-04-05,2024-04-11,2024-04-15,Road,34,99,4904.32,485527.68,Clear,West,Yes,90.9,BlueDart,Traffic,0,0,1
6649,2662.0,2.8,6.0,2024-08-16,2024-08-22,2024-08-27,Road,78,83,2253.71,187057.93,Cloudy,South,Yes,99.3,DHL,Weather,0,0,1
6650,1156.0,3.1,9.0,2024-09-16,2024-09-25,2024-09-29,Sea,1231,59,4112.57,242641.63,Storm,Central,No,87.3,EcomExpress,Operational,0,0,1
6651,9620.0,3.7,7.0,2024-10-29,2024-11-05,2024-11-10,Sea,356,14,2499.15,34988.1,Storm,South,No,96.0,DHL,Customs,0,0,1
6652,2484.0,4.8,10.0,2024-06-13,2024-06-23,2024-06-27,Air,1100,98,3695.17,362126.66,Storm,North,Yes,79.2,DHL,Weather,0,0,1
6653,2010.0,4.0,8.0,2024-11-05,2024-11-13,2024-11-15,Road,1225,66,676.56,44652.96,Cloudy,East,Yes,94.7,DHL,Customs,0,0,1
6654,1843.0,4.1,5.0,2024-11-08,2024-11-13,2024-11-12,Road,608,92,221.52,20379.84,Rainy,West,Yes,92.4,DHL,,1,0,1
6655,9469.0,2.7,3.0,2024-02-15,2024-02-18,2024-02-17,Road,1242,12,2858.81,34305.72,Storm,West,Yes,78.2,BlueDart,Traffic,1,0,1
6656,3950.0,4.4,10.0,2024-01-09,2024-01-19,2024-01-23,Sea,102,52,2106.26,109525.52,Cloudy,North,No,87.1,BlueDart,Weather,0,0,1
6657,3212.0,2.8,9.0,2024-02-04,2024-02-13,2024-02-16,Sea,1347,45,1307.13,58820.85,Cloudy,North,No,77.1,DHL,Customs,0,1,0
6658,8344.0,3.1,7.0,2024-09-03,2024-09-10,2024-09-14,Sea,457,12,3325.65,39907.8,Rainy,West,Yes,76.0,EcomExpress,,0,0,1
6659,2890.0,2.7,2.0,2024-04-04,2024-04-06,2024-04-10,Road,880,81,1608.19,130263.39,Clear,North,No,90.4,DHL,Customs,0,0,1
6660,2634.0,3.9,8.0,2024-10-07,2024-10-15,2024-10-19,Air,307,13,3142.12,40847.56,Rainy,West,Yes,87.9,BlueDart,Weather,0,0,1
6661,6576.0,2.6,7.0,2024-03-09,2024-03-16,2024-03-21,Road,958,7,3166.29,22164.03,Storm,North,No,98.0,EcomExpress,Traffic,0,1,0
6662,7836.0,3.9,4.0,2024-03-25,2024-03-29,2024-04-03,Road,537,8,2350.69,18805.52,Cloudy,North,No,71.9,DHL,Operational,0,0,1
6663,6777.0,4.0,4.0,2024-02-08,2024-02-12,2024-02-17,Sea,853,61,2040.6,124476.6,Cloudy,East,Yes,86.6,DHL,,0,0,1
6664,5005.0,2.7,5.0,2024-03-25,2024-03-30,2024-04-04,Sea,91,57,908.46,51782.22,Clear,North,Yes,71.4,FedEx,Traffic,0,0,1
6665,2752.0,3.5,8.0,2024-10-20,2024-10-28,2024-10-31,Sea,859,32,2400.37,76811.84,Cloudy,West,No,84.0,EcomExpress,Operational,0,1,0
6666,5363.0,2.9,5.0,2024-05-26,2024-05-31,2024-06-05,Air,390,94,1276.52,119992.88,Cloudy,West,No,99.0,EcomExpress,Weather,0,1,0
6667,1356.0,3.8,5.0,2024-08-17,2024-08-22,2024-08-21,Sea,1361,22,209.58,4610.76,Cloudy,North,No,99.8,FedEx,,1,1,1
6668,4366.0,3.7,2.0,2024-02-22,2024-02-24,2024-02-27,Air,286,58,1889.49,109590.42,Rainy,East,Yes,96.9,EcomExpress,Weather,0,0,1
6669,5264.0,3.9,8.0,2024-09-18,2024-09-26,2024-10-01,Road,1369,80,3429.39,274351.2,Storm,North,No,85.8,Delhivery,,0,0,1
6670,9543.0,4.9,6.0,2024-11-09,2024-11-15,2024-11-14,Air,619,70,2960.81,207256.7,Clear,West,Yes,73.8,FedEx,Operational,1,1,1
6671,9033.0,4.5,6.0,2024-07-27,2024-08-02,2024-08-06,Road,964,33,2953.52,97466.16,Clear,West,Yes,71.9,FedEx,Customs,0,1,0
6672,2334.0,2.8,7.0,2024-05-21,2024-05-28,2024-05-27,Air,1381,23,4023.42,92538.66,Rainy,North,Yes,77.9,DHL,Customs,1,0,1
6673,8650.0,3.3,5.0,2024-06-08,2024-06-13,2024-06-14,Road,296,100,2858.69,285869.0,Storm,Central,No,74.9,EcomExpress,Weather,0,1,0
6674,6516.0,3.9,3.0,2024-08-18,2024-08-21,2024-08-25,Sea,521,20,1633.54,32670.8,Storm,East,Yes,74.7,Delhivery,,0,1,0
6675,4383.0,4.9,7.0,2024-11-18,2024-11-25,2024-11-27,Air,196,22,4802.05,105645.1,Clear,East,Yes,87.1,FedEx,Weather,0,0,1
6676,5676.0,2.9,7.0,2024-04-03,2024-04-10,2024-04-09,Sea,900,82,3099.31,254143.42,Cloudy,East,No,72.8,DHL,Weather,1,0,1
6677,5784.0,3.8,6.0,2024-08-07,2024-08-13,2024-08-14,Air,1121,91,2568.26,233711.66,Clear,North,No,90.7,BlueDart,Customs,0,0,1
6678,8320.0,4.5,7.0,2024-07-26,2024-08-02,2024-08-05,Sea,1486,22,4386.4,96500.8,Rainy,South,Yes,76.6,FedEx,Traffic,0,0,1
6679,2022.0,3.5,5.0,2024-03-06,2024-03-11,2024-03-15,Road,1439,40,4419.74,176789.6,Rainy,Central,No,85.8,FedEx,Weather,0,0,1
6680,9518.0,2.7,5.0,2024-02-11,2024-02-16,2024-02-21,Sea,149,87,1728.35,150366.45,Cloudy,North,No,94.3,FedEx,,0,1,0
6681,1828.0,4.3,2.0,2024-02-12,2024-02-14,2024-02-16,Road,745,22,4801.35,105629.7,Cloudy,East,Yes,98.6,FedEx,,0,0,1
6682,1183.0,4.3,4.0,2024-01-26,2024-01-30,2024-02-04,Sea,915,56,1313.48,73554.88,Rainy,East,No,94.9,Delhivery,Customs,0,0,1
6683,7827.0,4.8,3.0,2024-11-21,2024-11-24,2024-11-27,Road,714,33,4402.91,145296.03,Clear,West,No,82.8,EcomExpress,Operational,0,0,1
6684,4098.0,3.1,6.0,2024-04-22,2024-04-28,2024-04-29,Road,1384,11,2508.87,27597.57,Rainy,North,No,81.2,BlueDart,Customs,0,0,1
6685,1849.0,4.1,10.0,2024-01-24,2024-02-03,2024-02-07,Air,1016,74,1305.41,96600.34,Clear,East,Yes,97.1,BlueDart,Traffic,0,0,1
6686,3964.0,3.9,9.0,2024-08-11,2024-08-20,2024-08-22,Sea,1067,18,4695.52,84519.36,Clear,South,No,78.0,BlueDart,Weather,0,1,0
6687,4550.0,4.4,2.0,2024-02-09,2024-02-11,2024-02-14,Road,824,62,4041.38,250565.56,Storm,Central,No,88.7,Delhivery,Customs,0,0,1
6688,3380.0,3.2,3.0,2024-07-04,2024-07-07,2024-07-06,Sea,323,62,4252.08,263628.96,Rainy,South,No,90.5,BlueDart,Operational,1,0,1
6689,2025.0,3.2,8.0,2024-04-06,2024-04-14,2024-04-16,Sea,1005,75,773.61,58020.75,Cloudy,Central,No,80.7,BlueDart,,0,1,0
6690,7651.0,3.6,9.0,2024-08-26,2024-09-04,2024-09-04,Sea,1411,26,1946.31,50604.06,Cloudy,North,Yes,84.9,DHL,Traffic,1,0,1
6691,2101.0,4.9,5.0,2024-06-27,2024-07-02,2024-07-01,Sea,1390,52,4901.16,254860.32,Rainy,North,Yes,89.8,Delhivery,Operational,1,0,1
6692,2235.0,2.9,7.0,2024-08-22,2024-08-29,2024-09-02,Air,16,75,2733.17,204987.75,Rainy,South,No,99.8,DHL,Operational,0,0,1
6693,6688.0,4.5,3.0,2024-09-18,2024-09-21,2024-09-24,Road,191,70,4533.22,317325.4,Cloudy,West,Yes,86.3,Delhivery,Operational,0,0,1
6694,8923.0,3.7,10.0,2024-10-14,2024-10-24,2024-10-25,Air,454,79,3654.62,288714.98,Storm,South,No,74.6,DHL,Operational,0,0,1
6695,6425.0,4.4,3.0,2024-03-13,2024-03-16,2024-03-20,Air,498,94,3250.88,305582.72,Storm,South,No,76.8,FedEx,,0,0,1
6696,7293.0,4.3,3.0,2024-04-26,2024-04-29,2024-05-01,Road,344,72,606.52,43669.44,Rainy,Central,Yes,92.7,BlueDart,Customs,0,0,1
6697,2161.0,4.9,10.0,2024-04-15,2024-04-25,2024-04-26,Sea,981,22,2889.6,63571.2,Cloudy,North,Yes,73.1,EcomExpress,Operational,0,0,1
6698,6505.0,3.4,6.0,2024-04-21,2024-04-27,2024-04-26,Sea,733,97,1912.28,185491.16,Storm,Central,Yes,74.3,FedEx,Traffic,1,1,1
6699,2295.0,3.0,9.0,2024-04-16,2024-04-25,2024-04-29,Air,548,5,3405.91,17029.55,Storm,South,No,71.2,DHL,Operational,0,0,1
6700,9232.0,2.6,4.0,2024-09-07,2024-09-11,2024-09-13,Road,982,63,2794.23,176036.49,Rainy,Central,No,98.3,Delhivery,Customs,0,1,0
6701,7699.0,3.6,10.0,2024-10-29,2024-11-08,2024-11-08,Road,798,61,2542.12,155069.32,Storm,East,Yes,76.4,Delhivery,Operational,1,0,1
6702,5114.0,3.6,3.0,2024-07-09,2024-07-12,2024-07-11,Road,18,38,1398.2,53131.6,Storm,West,Yes,88.0,Delhivery,Operational,1,0,1
6703,7675.0,3.3,5.0,2024-08-10,2024-08-15,2024-08-14,Air,1375,35,1751.45,61300.75,Rainy,East,Yes,88.8,BlueDart,Traffic,1,1,1
6704,7345.0,3.5,10.0,2024-04-24,2024-05-04,2024-05-06,Sea,533,64,1690.99,108223.36,Rainy,Central,Yes,95.8,EcomExpress,Operational,0,0,1
6705,9844.0,2.6,3.0,2024-04-07,2024-04-10,2024-04-13,Air,647,98,4503.26,441319.48,Storm,North,No,73.6,DHL,,0,1,0
6706,7833.0,3.8,7.0,2024-07-05,2024-07-12,2024-07-13,Sea,1078,4,558.07,2232.28,Cloudy,West,No,88.5,DHL,,0,0,1
6707,5382.0,3.4,10.0,2024-05-06,2024-05-16,2024-05-17,Road,1377,69,1638.74,113073.06,Cloudy,East,No,88.9,EcomExpress,Traffic,0,0,1
6708,6405.0,3.3,9.0,2024-05-23,2024-06-01,2024-05-31,Sea,1036,50,1337.63,66881.5,Storm,South,No,83.4,FedEx,,1,0,1
6709,4607.0,2.8,3.0,2024-03-29,2024-04-01,2024-04-05,Air,81,22,3994.43,87877.46,Clear,East,Yes,91.2,Delhivery,Operational,0,0,1
6710,3968.0,3.5,7.0,2024-08-03,2024-08-10,2024-08-13,Sea,953,83,2335.47,193844.01,Cloudy,West,Yes,92.8,EcomExpress,,0,1,0
6711,2421.0,3.6,4.0,2024-05-05,2024-05-09,2024-05-13,Air,1437,71,2177.77,154621.67,Cloudy,East,Yes,91.0,EcomExpress,Customs,0,1,0
6712,4274.0,4.7,9.0,2024-06-13,2024-06-22,2024-06-23,Sea,509,26,2999.49,77986.74,Clear,Central,Yes,92.8,EcomExpress,Traffic,0,0,1
6713,3385.0,4.2,4.0,2024-02-14,2024-02-18,2024-02-18,Road,509,70,367.44,25720.8,Storm,South,No,93.3,Delhivery,Customs,1,0,1
6714,5448.0,4.5,7.0,2024-08-09,2024-08-16,2024-08-16,Sea,767,8,124.16,993.28,Rainy,East,No,81.8,DHL,Operational,1,0,1
6715,5156.0,4.2,3.0,2024-03-25,2024-03-28,2024-03-30,Sea,961,5,4391.22,21956.1,Cloudy,Central,No,92.7,BlueDart,,0,0,1
6716,3231.0,4.7,6.0,2024-04-27,2024-05-03,2024-05-05,Road,734,35,1406.73,49235.55,Clear,South,Yes,98.0,FedEx,,0,1,0
6717,9047.0,4.4,4.0,2024-06-29,2024-07-03,2024-07-03,Air,80,24,3198.21,76757.04,Clear,South,Yes,86.3,Delhivery,Customs,1,1,1
6718,9964.0,4.0,8.0,2024-02-16,2024-02-24,2024-02-24,Road,971,78,4776.18,372542.04,Clear,East,No,83.4,BlueDart,Traffic,1,0,1
6719,5885.0,4.0,10.0,2024-05-30,2024-06-09,2024-06-13,Sea,1015,91,1846.29,168012.39,Clear,East,No,71.9,EcomExpress,Operational,0,0,1
6720,5593.0,3.7,4.0,2024-01-21,2024-01-25,2024-01-24,Air,857,40,4085.82,163432.8,Rainy,East,No,94.8,EcomExpress,,1,1,1
6721,5651.0,4.6,3.0,2024-09-25,2024-09-28,2024-10-03,Sea,172,66,3012.71,198838.86,Clear,North,No,89.5,BlueDart,Traffic,0,0,1
6722,9938.0,3.1,10.0,2024-10-04,2024-10-14,2024-10-14,Sea,432,10,2937.3,29373.0,Storm,North,Yes,74.8,EcomExpress,Operational,1,0,1
6723,6455.0,4.2,7.0,2024-04-03,2024-04-10,2024-04-11,Sea,1327,66,4263.38,281383.08,Rainy,West,Yes,84.9,DHL,Weather,0,0,1
6724,9260.0,3.0,6.0,2024-11-08,2024-11-14,2024-11-19,Road,931,59,4127.06,243496.54,Rainy,Central,Yes,77.0,FedEx,Weather,0,0,1
6725,4514.0,3.8,9.0,2024-06-09,2024-06-18,2024-06-20,Road,876,72,1559.14,112258.08,Clear,East,Yes,84.5,EcomExpress,,0,1,0
6726,2884.0,4.8,3.0,2024-07-08,2024-07-11,2024-07-14,Sea,319,27,2108.31,56924.37,Clear,South,No,78.6,Delhivery,Weather,0,0,1
6727,8455.0,3.8,6.0,2024-03-12,2024-03-18,2024-03-21,Road,249,43,4470.61,192236.23,Clear,North,No,72.4,DHL,Customs,0,0,1
6728,3472.0,2.5,3.0,2024-04-04,2024-04-07,2024-04-06,Air,918,93,436.57,40601.01,Cloudy,North,No,77.9,DHL,Operational,1,0,1
6729,2221.0,3.1,8.0,2024-01-27,2024-02-04,2024-02-06,Air,544,84,1365.6,114710.4,Clear,South,No,86.6,Delhivery,Customs,0,1,0
6730,9604.0,4.0,3.0,2024-10-25,2024-10-28,2024-10-31,Road,1209,99,4438.93,439454.07,Storm,North,No,98.3,Delhivery,Weather,0,0,1
6731,4064.0,4.6,8.0,2024-11-14,2024-11-22,2024-11-27,Air,604,78,3225.56,251593.68,Cloudy,West,Yes,89.7,BlueDart,Operational,0,0,1
6732,7995.0,4.2,7.0,2024-07-13,2024-07-20,2024-07-23,Road,452,95,1154.78,109704.1,Rainy,Central,Yes,72.0,BlueDart,Weather,0,1,0
6733,4683.0,4.6,8.0,2024-10-11,2024-10-19,2024-10-20,Air,1018,61,2925.51,178456.11,Clear,North,Yes,82.5,DHL,,0,0,1
6734,5448.0,4.1,10.0,2024-06-16,2024-06-26,2024-06-25,Sea,346,47,1319.56,62019.32,Rainy,South,No,96.9,Delhivery,,1,1,1
6735,4906.0,3.7,3.0,2024-11-12,2024-11-15,2024-11-17,Road,279,56,2677.64,149947.84,Clear,Central,Yes,84.4,DHL,Operational,0,0,1
6736,1283.0,3.5,9.0,2024-05-19,2024-05-28,2024-06-02,Road,516,81,4855.17,393268.77,Cloudy,South,Yes,70.3,DHL,Traffic,0,1,0
6737,7250.0,4.4,2.0,2024-10-25,2024-10-27,2024-10-26,Sea,355,89,4378.5,389686.5,Rainy,Central,Yes,89.2,FedEx,Operational,1,0,1
6738,7194.0,3.9,4.0,2024-02-29,2024-03-04,2024-03-05,Air,588,35,1277.04,44696.4,Cloudy,North,Yes,94.1,DHL,Operational,0,0,1
6739,4733.0,3.3,4.0,2024-03-12,2024-03-16,2024-03-15,Air,936,24,4141.37,99392.88,Rainy,West,No,88.7,FedEx,Operational,1,0,1
6740,9035.0,2.6,4.0,2024-01-02,2024-01-06,2024-01-08,Road,598,96,4690.96,450332.16,Clear,South,No,72.7,FedEx,Operational,0,0,1
6741,2151.0,3.2,6.0,2024-06-27,2024-07-03,2024-07-02,Road,1172,72,4307.65,310150.8,Clear,South,Yes,87.2,Delhivery,Weather,1,0,1
6742,2492.0,3.7,6.0,2024-07-07,2024-07-13,2024-07-16,Air,1183,99,4876.21,482744.79,Storm,South,No,91.6,BlueDart,Weather,0,1,0
6743,4746.0,4.1,7.0,2024-06-12,2024-06-19,2024-06-18,Air,477,22,1672.02,36784.44,Clear,South,Yes,93.2,FedEx,Customs,1,0,1
6744,3848.0,3.6,3.0,2024-05-27,2024-05-30,2024-06-04,Sea,937,62,4212.97,261204.14,Rainy,North,Yes,94.3,EcomExpress,Weather,0,0,1
6745,5364.0,2.7,10.0,2024-07-08,2024-07-18,2024-07-22,Road,68,36,3494.18,125790.48,Storm,North,No,95.6,EcomExpress,,0,0,1
6746,7534.0,4.2,5.0,2024-09-10,2024-09-15,2024-09-18,Sea,670,86,4454.29,383068.94,Storm,Central,Yes,71.5,DHL,Weather,0,0,1
6747,2042.0,3.1,2.0,2024-10-20,2024-10-22,2024-10-23,Sea,1162,34,4122.45,140163.3,Clear,South,Yes,90.2,Delhivery,Weather,0,1,0
6748,6448.0,4.0,9.0,2024-03-09,2024-03-18,2024-03-21,Road,628,58,1036.72,60129.76,Storm,Central,No,99.4,Delhivery,Weather,0,1,0
6749,1430.0,4.7,6.0,2024-06-15,2024-06-21,2024-06-23,Road,1273,82,3918.64,321328.48,Clear,East,Yes,85.0,DHL,Customs,0,1,0
6750,8608.0,4.5,8.0,2024-07-08,2024-07-16,2024-07-21,Sea,73,9,2420.99,21788.91,Storm,North,Yes,90.5,FedEx,Weather,0,0,1
6751,8539.0,2.6,8.0,2024-01-23,2024-01-31,2024-01-31,Air,954,59,2676.28,157900.52,Cloudy,West,Yes,87.2,DHL,Weather,1,0,1
6752,4023.0,4.9,2.0,2024-06-10,2024-06-12,2024-06-14,Air,1094,54,1078.6,58244.4,Storm,West,Yes,97.7,DHL,Customs,0,0,1
6753,3545.0,3.7,8.0,2024-10-17,2024-10-25,2024-10-25,Road,1008,58,2606.97,151204.26,Clear,West,No,90.7,Delhivery,Traffic,1,0,1
6754,2746.0,3.0,7.0,2024-01-27,2024-02-03,2024-02-07,Air,630,32,2045.31,65449.92,Cloudy,West,No,87.9,BlueDart,,0,1,0
6755,2044.0,2.9,10.0,2024-06-01,2024-06-11,2024-06-15,Sea,758,96,3134.02,300865.92,Rainy,East,Yes,72.2,EcomExpress,Weather,0,1,0
6756,2847.0,2.9,9.0,2024-02-03,2024-02-12,2024-02-17,Sea,804,64,3810.31,243859.84,Cloudy,East,No,70.8,BlueDart,Traffic,0,1,0
6757,8601.0,2.9,10.0,2024-07-02,2024-07-12,2024-07-17,Sea,1244,40,3703.35,148134.0,Cloudy,North,Yes,82.1,DHL,,0,0,1
6758,1861.0,3.1,6.0,2024-08-10,2024-08-16,2024-08-20,Sea,1294,99,1310.74,129763.26,Rainy,South,Yes,96.3,DHL,Customs,0,1,0
6759,5328.0,4.9,5.0,2024-05-19,2024-05-24,2024-05-26,Sea,1364,65,4860.37,315924.05,Cloudy,West,Yes,90.3,DHL,Weather,0,1,0
6760,8724.0,3.7,4.0,2024-08-21,2024-08-25,2024-08-27,Road,308,97,1315.97,127649.09,Clear,South,Yes,95.9,DHL,Traffic,0,0,1
6761,4046.0,3.8,3.0,2024-04-11,2024-04-14,2024-04-15,Road,492,96,2515.85,241521.6,Rainy,North,No,82.4,DHL,Weather,0,0,1
6762,6094.0,3.8,6.0,2024-11-10,2024-11-16,2024-11-16,Sea,1451,84,3188.36,267822.24,Storm,East,No,83.9,Delhivery,,1,1,1
6763,1428.0,4.3,8.0,2024-04-19,2024-04-27,2024-05-02,Sea,1244,25,3871.1,96777.5,Clear,North,Yes,77.0,EcomExpress,Customs,0,0,1
6764,3781.0,2.8,9.0,2024-11-19,2024-11-28,2024-11-28,Road,974,72,3060.61,220363.92,Clear,Central,No,81.9,DHL,Operational,1,0,1
6765,1301.0,2.7,3.0,2024-09-21,2024-09-24,2024-09-24,Road,208,7,1727.96,12095.72,Storm,Central,Yes,96.0,DHL,Traffic,1,1,1
6766,6693.0,3.4,6.0,2024-11-15,2024-11-21,2024-11-22,Sea,238,49,3418.71,167516.79,Rainy,East,Yes,95.0,DHL,,0,0,1
6767,9041.0,4.7,4.0,2024-11-07,2024-11-11,2024-11-13,Air,690,83,510.44,42366.52,Cloudy,East,No,84.9,EcomExpress,Traffic,0,0,1
6768,1726.0,3.4,7.0,2024-01-16,2024-01-23,2024-01-25,Air,1352,51,3904.64,199136.64,Clear,North,No,91.3,Delhivery,,0,0,1
6769,8839.0,3.1,2.0,2024-01-02,2024-01-04,2024-01-05,Air,1309,2,2005.77,4011.54,Storm,East,Yes,84.5,Delhivery,Operational,0,0,1
6770,9744.0,4.8,8.0,2024-02-13,2024-02-21,2024-02-26,Road,788,69,420.39,29006.91,Rainy,Central,No,99.5,DHL,Operational,0,0,1
6771,4142.0,2.6,7.0,2024-05-22,2024-05-29,2024-05-28,Sea,96,90,3011.7,271053.0,Clear,West,Yes,88.6,FedEx,Traffic,1,0,1
6772,1221.0,4.4,7.0,2024-03-30,2024-04-06,2024-04-11,Sea,648,51,4667.61,238048.11,Storm,Central,No,78.7,BlueDart,Operational,0,1,0
6773,7662.0,3.0,10.0,2024-01-06,2024-01-16,2024-01-20,Sea,1483,60,4753.64,285218.4,Storm,North,No,76.5,DHL,Customs,0,1,0
6774,4614.0,4.4,3.0,2024-06-03,2024-06-06,2024-06-07,Road,459,16,289.28,4628.48,Rainy,West,Yes,76.7,BlueDart,Operational,0,0,1
6775,5713.0,4.8,7.0,2024-07-17,2024-07-24,2024-07-24,Road,1071,50,4447.53,222376.5,Rainy,East,Yes,86.0,Delhivery,Traffic,1,0,1
6776,3955.0,3.7,8.0,2024-04-05,2024-04-13,2024-04-12,Road,581,75,3178.71,238403.25,Clear,South,No,87.3,FedEx,Operational,1,0,1
6777,3730.0,3.5,8.0,2024-03-20,2024-03-28,2024-03-29,Road,446,9,1531.62,13784.58,Rainy,North,No,75.2,EcomExpress,Traffic,0,0,1
6778,9305.0,2.8,10.0,2024-04-12,2024-04-22,2024-04-22,Sea,1171,31,883.32,27382.92,Clear,North,Yes,97.2,BlueDart,Weather,1,0,1
6779,6730.0,3.9,5.0,2024-02-22,2024-02-27,2024-02-26,Sea,584,76,1838.94,139759.44,Rainy,West,Yes,71.2,EcomExpress,Customs,1,0,1
6780,1488.0,4.8,9.0,2024-05-08,2024-05-17,2024-05-20,Sea,447,78,171.32,13362.96,Clear,West,Yes,98.8,FedEx,Weather,0,0,1
6781,1703.0,4.6,2.0,2024-09-11,2024-09-13,2024-09-18,Sea,751,40,2061.17,82446.8,Clear,West,No,88.5,EcomExpress,Customs,0,0,1
6782,4806.0,3.3,9.0,2024-06-26,2024-07-05,2024-07-07,Road,192,2,4496.2,8992.4,Cloudy,South,Yes,89.1,Delhivery,,0,0,1
6783,4748.0,3.5,9.0,2024-06-18,2024-06-27,2024-06-27,Air,1382,48,1159.83,55671.84,Rainy,North,No,87.3,DHL,Weather,1,0,1
6784,1727.0,3.1,2.0,2024-05-01,2024-05-03,2024-05-04,Sea,1065,72,1917.18,138036.96,Rainy,Central,No,88.2,EcomExpress,Weather,0,0,1
6785,3695.0,4.2,10.0,2024-11-11,2024-11-21,2024-11-24,Road,1140,21,815.32,17121.72,Cloudy,West,Yes,73.6,FedEx,Traffic,0,0,1
6786,8383.0,3.1,3.0,2024-07-01,2024-07-04,2024-07-08,Road,901,34,4075.46,138565.64,Cloudy,Central,Yes,91.1,EcomExpress,Customs,0,0,1
6787,8975.0,3.5,6.0,2024-02-09,2024-02-15,2024-02-15,Sea,1286,56,1137.03,63673.68,Cloudy,West,Yes,75.6,EcomExpress,Customs,1,0,1
6788,9972.0,3.1,4.0,2024-08-16,2024-08-20,2024-08-21,Air,638,100,840.79,84079.0,Clear,West,Yes,75.7,BlueDart,,0,0,1
6789,6554.0,3.6,5.0,2024-10-12,2024-10-17,2024-10-21,Road,1177,80,341.46,27316.8,Storm,Central,No,83.1,EcomExpress,Operational,0,1,0
6790,5844.0,4.6,10.0,2024-06-05,2024-06-15,2024-06-20,Sea,992,78,2908.82,226887.96,Clear,West,Yes,74.1,DHL,Weather,0,0,1
6791,4533.0,4.0,3.0,2024-04-03,2024-04-06,2024-04-07,Sea,618,39,4651.99,181427.61,Storm,North,No,72.6,BlueDart,Weather,0,0,1
6792,7467.0,4.7,6.0,2024-11-05,2024-11-11,2024-11-12,Road,624,62,873.85,54178.7,Storm,East,No,79.1,BlueDart,Weather,0,0,1
6793,8070.0,3.6,9.0,2024-11-15,2024-11-24,2024-11-26,Air,937,52,2225.3,115715.6,Rainy,North,No,81.2,DHL,,0,0,1
6794,6464.0,2.6,2.0,2024-05-23,2024-05-25,2024-05-30,Sea,1146,88,4790.41,421556.08,Cloudy,West,No,92.6,EcomExpress,Customs,0,0,1
6795,2455.0,3.2,8.0,2024-09-02,2024-09-10,2024-09-12,Road,956,65,2585.72,168071.8,Cloudy,East,Yes,77.6,EcomExpress,Customs,0,0,1
6796,9648.0,4.4,3.0,2024-09-29,2024-10-02,2024-10-01,Air,983,34,4628.39,157365.26,Cloudy,North,No,98.4,FedEx,Customs,1,1,1
6797,1652.0,4.5,7.0,2024-10-21,2024-10-28,2024-10-31,Road,295,20,178.14,3562.8,Clear,North,No,89.7,DHL,Traffic,0,0,1
6798,8882.0,4.9,6.0,2024-09-18,2024-09-24,2024-09-27,Sea,270,74,886.33,65588.42,Cloudy,East,No,88.2,DHL,Traffic,0,0,1
6799,3648.0,3.5,4.0,2024-02-28,2024-03-03,2024-03-08,Road,1149,57,4694.27,267573.39,Cloudy,South,No,97.7,FedEx,Customs,0,0,1
6800,7399.0,3.3,3.0,2024-11-26,2024-11-29,2024-11-30,Sea,888,5,1593.68,7968.4,Clear,South,Yes,83.6,EcomExpress,Weather,0,0,1
6801,6945.0,2.8,5.0,2024-10-21,2024-10-26,2024-10-30,Sea,608,60,547.47,32848.2,Clear,North,No,81.1,Delhivery,Customs,0,0,1
6802,2201.0,3.3,9.0,2024-08-15,2024-08-24,2024-08-25,Sea,162,30,4722.38,141671.4,Clear,East,Yes,98.5,BlueDart,Customs,0,0,1
6803,1977.0,3.6,5.0,2024-02-13,2024-02-18,2024-02-22,Road,976,61,271.41,16556.01,Rainy,East,No,77.1,FedEx,,0,0,1
6804,4964.0,4.6,9.0,2024-04-09,2024-04-18,2024-04-17,Road,191,43,4120.87,177197.41,Cloudy,South,Yes,71.7,FedEx,Operational,1,0,1
6805,9410.0,2.8,2.0,2024-04-16,2024-04-18,2024-04-23,Sea,407,25,2230.41,55760.25,Storm,West,Yes,80.0,Delhivery,Operational,0,0,1
6806,7312.0,2.6,8.0,2024-10-09,2024-10-17,2024-10-20,Sea,466,66,2112.36,139415.76,Storm,West,Yes,74.7,BlueDart,Customs,0,0,1
6807,2414.0,4.1,3.0,2024-10-27,2024-10-30,2024-11-03,Sea,843,80,2752.73,220218.4,Cloudy,Central,No,74.5,BlueDart,Operational,0,1,0
6808,2062.0,2.8,5.0,2024-03-02,2024-03-07,2024-03-09,Road,284,33,2912.36,96107.88,Storm,East,No,70.1,BlueDart,Operational,0,1,0
6809,2768.0,3.5,4.0,2024-02-06,2024-02-10,2024-02-14,Air,91,39,673.52,26267.28,Cloudy,Central,Yes,70.6,EcomExpress,,0,0,1
6810,1793.0,2.9,2.0,2024-10-25,2024-10-27,2024-10-26,Road,78,8,3958.4,31667.2,Clear,South,No,81.7,Delhivery,Traffic,1,0,1
6811,5039.0,3.5,7.0,2024-04-19,2024-04-26,2024-04-28,Sea,196,36,3665.56,131960.16,Cloudy,North,Yes,91.0,BlueDart,Weather,0,0,1
6812,4228.0,3.3,4.0,2024-06-16,2024-06-20,2024-06-25,Air,678,65,1271.41,82641.65,Clear,West,Yes,96.3,Delhivery,Operational,0,1,0
6813,3941.0,4.1,6.0,2024-09-19,2024-09-25,2024-09-25,Sea,55,15,4135.44,62031.6,Clear,South,No,71.6,Delhivery,Operational,1,0,1
6814,3913.0,3.3,10.0,2024-09-01,2024-09-11,2024-09-11,Air,481,2,3102.37,6204.74,Cloudy,Central,Yes,85.8,EcomExpress,,1,1,1
6815,9645.0,3.7,10.0,2024-05-17,2024-05-27,2024-05-27,Sea,753,80,4406.74,352539.2,Cloudy,North,Yes,92.4,EcomExpress,Traffic,1,0,1
6816,6868.0,4.6,2.0,2024-03-10,2024-03-12,2024-03-15,Sea,812,99,661.82,65520.18,Rainy,South,No,96.8,BlueDart,Operational,0,1,0
6817,3116.0,4.1,3.0,2024-08-06,2024-08-09,2024-08-12,Air,1251,89,1983.67,176546.63,Rainy,Central,No,86.8,FedEx,Customs,0,0,1
6818,7346.0,4.5,3.0,2024-06-06,2024-06-09,2024-06-14,Air,700,35,1251.02,43785.7,Cloudy,West,No,77.9,DHL,Customs,0,0,1
6819,2166.0,2.8,3.0,2024-08-26,2024-08-29,2024-09-02,Air,498,12,3413.27,40959.24,Clear,South,No,96.4,EcomExpress,,0,0,1
6820,6387.0,4.2,6.0,2024-09-10,2024-09-16,2024-09-17,Road,1119,86,2128.72,183069.92,Rainy,South,No,97.6,DHL,Weather,0,0,1
6821,5936.0,4.4,7.0,2024-07-31,2024-08-07,2024-08-06,Sea,859,98,4911.67,481343.66,Clear,Central,Yes,93.4,DHL,Customs,1,0,1
6822,5723.0,4.3,10.0,2024-01-10,2024-01-20,2024-01-22,Air,905,84,3172.53,266492.52,Rainy,South,Yes,73.2,FedEx,Traffic,0,0,1
6823,3768.0,3.2,8.0,2024-04-29,2024-05-07,2024-05-11,Air,190,48,1608.04,77185.92,Storm,North,Yes,83.5,BlueDart,Weather,0,0,1
6824,3459.0,4.8,4.0,2024-08-30,2024-09-03,2024-09-02,Road,1049,12,1170.15,14041.8,Rainy,South,No,78.4,DHL,Operational,1,0,1
6825,1832.0,3.6,6.0,2024-03-31,2024-04-06,2024-04-06,Sea,1205,35,1235.97,43258.95,Cloudy,South,Yes,81.5,FedEx,Weather,1,1,1
6826,7409.0,3.4,2.0,2024-06-09,2024-06-11,2024-06-10,Air,57,19,1458.77,27716.63,Cloudy,Central,No,96.6,EcomExpress,Weather,1,1,1
6827,8891.0,5.0,7.0,2024-02-09,2024-02-16,2024-02-18,Air,596,7,1431.95,10023.65,Cloudy,North,No,83.7,EcomExpress,Weather,0,0,1
6828,1495.0,2.5,8.0,2024-03-18,2024-03-26,2024-03-26,Sea,1466,42,790.84,33215.28,Rainy,North,Yes,97.7,FedEx,Weather,1,0,1
6829,2510.0,3.1,5.0,2024-02-22,2024-02-27,2024-02-26,Sea,835,4,4778.63,19114.52,Rainy,East,No,96.6,FedEx,Operational,1,0,1
6830,6677.0,2.9,4.0,2024-01-20,2024-01-24,2024-01-28,Road,999,85,2402.65,204225.25,Rainy,East,Yes,74.4,DHL,,0,1,0
6831,2377.0,4.7,3.0,2024-07-12,2024-07-15,2024-07-20,Road,230,83,1431.9,118847.7,Storm,East,No,71.5,DHL,Operational,0,0,1
6832,6994.0,4.5,2.0,2024-04-13,2024-04-15,2024-04-20,Sea,704,23,1087.13,25003.99,Storm,East,No,94.4,BlueDart,Customs,0,1,0
6833,4270.0,4.9,9.0,2024-05-04,2024-05-13,2024-05-17,Air,1417,71,2703.86,191974.06,Storm,South,Yes,89.8,Delhivery,,0,1,0
6834,8030.0,4.9,8.0,2024-03-02,2024-03-10,2024-03-15,Sea,1217,9,3901.57,35114.13,Clear,West,Yes,93.2,Delhivery,Customs,0,1,0
6835,7547.0,3.5,7.0,2024-09-05,2024-09-12,2024-09-15,Road,42,34,2943.14,100066.76,Clear,South,Yes,83.5,FedEx,Customs,0,0,1
6836,8915.0,3.2,3.0,2024-10-05,2024-10-08,2024-10-12,Sea,460,29,1973.54,57232.66,Clear,East,No,87.8,FedEx,Operational,0,1,0
6837,8501.0,4.6,6.0,2024-04-13,2024-04-19,2024-04-20,Road,1355,95,4540.58,431355.1,Storm,East,Yes,92.2,Delhivery,,0,1,0
6838,5046.0,2.6,7.0,2024-10-23,2024-10-30,2024-11-02,Air,394,51,3362.74,171499.74,Cloudy,West,No,98.1,Delhivery,Operational,0,0,1
6839,7007.0,3.4,7.0,2024-05-25,2024-06-01,2024-06-06,Sea,16,86,3868.89,332724.54,Clear,Central,No,96.3,DHL,,0,1,0
6840,9968.0,3.9,4.0,2024-03-12,2024-03-16,2024-03-19,Sea,369,4,1625.87,6503.48,Cloudy,Central,No,85.9,EcomExpress,Traffic,0,0,1
6841,9684.0,4.5,5.0,2024-11-02,2024-11-07,2024-11-08,Air,394,20,4555.43,91108.6,Storm,Central,Yes,74.7,DHL,Weather,0,1,0
6842,4428.0,4.3,4.0,2024-05-10,2024-05-14,2024-05-15,Air,1339,7,2511.55,17580.85,Rainy,East,No,81.0,FedEx,Traffic,0,0,1
6843,8880.0,3.4,9.0,2024-03-18,2024-03-27,2024-03-29,Road,579,82,4128.01,338496.82,Storm,South,No,91.8,FedEx,Traffic,0,0,1
6844,2507.0,4.0,9.0,2024-09-05,2024-09-14,2024-09-13,Sea,680,32,822.28,26312.96,Rainy,East,Yes,73.6,Delhivery,Customs,1,0,1
6845,1469.0,3.4,7.0,2024-04-02,2024-04-09,2024-04-12,Road,1161,24,715.01,17160.24,Clear,East,Yes,76.5,Delhivery,Traffic,0,0,1
6846,5851.0,3.2,9.0,2024-08-08,2024-08-17,2024-08-18,Sea,894,40,4044.16,161766.4,Rainy,Central,No,98.4,BlueDart,Customs,0,0,1
6847,1008.0,3.1,4.0,2024-09-12,2024-09-16,2024-09-15,Sea,143,73,4590.57,335111.61,Rainy,East,Yes,88.3,FedEx,Weather,1,0,1
6848,3316.0,3.0,7.0,2024-11-16,2024-11-23,2024-11-25,Air,1456,22,4099.7,90193.4,Clear,North,No,79.4,DHL,Traffic,0,1,0
6849,9750.0,3.2,3.0,2024-05-16,2024-05-19,2024-05-19,Sea,338,29,4391.41,127350.89,Rainy,South,Yes,97.5,EcomExpress,Weather,1,0,1
6850,8241.0,3.7,3.0,2024-03-05,2024-03-08,2024-03-11,Air,538,6,2387.48,14324.88,Clear,North,Yes,91.3,FedEx,Customs,0,0,1
6851,3834.0,4.6,5.0,2024-03-17,2024-03-22,2024-03-26,Air,923,4,3975.32,15901.28,Rainy,Central,No,91.8,FedEx,Customs,0,1,0
6852,6668.0,5.0,2.0,2024-08-08,2024-08-10,2024-08-11,Air,831,33,3430.63,113210.79,Rainy,North,No,82.9,FedEx,Traffic,0,0,1
6853,5743.0,4.1,9.0,2024-06-11,2024-06-20,2024-06-19,Air,679,82,4416.8,362177.6,Rainy,West,Yes,77.2,EcomExpress,Customs,1,0,1
6854,2112.0,2.8,3.0,2024-04-15,2024-04-18,2024-04-22,Sea,590,70,1046.54,73257.8,Rainy,West,Yes,88.7,FedEx,Operational,0,0,1
6855,7934.0,4.6,8.0,2024-01-17,2024-01-25,2024-01-27,Sea,980,30,809.75,24292.5,Cloudy,West,No,99.9,BlueDart,Traffic,0,0,1
6856,2590.0,3.0,6.0,2024-09-28,2024-10-04,2024-10-08,Air,839,73,2793.82,203948.86,Cloudy,West,No,93.9,Delhivery,Traffic,0,1,0
6857,4519.0,2.9,4.0,2024-02-19,2024-02-23,2024-02-24,Road,473,26,3570.17,92824.42,Rainy,South,Yes,70.3,BlueDart,Operational,0,0,1
6858,3271.0,3.1,8.0,2024-03-17,2024-03-25,2024-03-29,Air,233,77,4490.24,345748.48,Cloudy,West,Yes,75.4,DHL,Operational,0,1,0
6859,9139.0,4.8,2.0,2024-01-28,2024-01-30,2024-02-03,Road,1422,49,1807.14,88549.86,Cloudy,West,Yes,88.5,BlueDart,Customs,0,1,0
6860,4411.0,5.0,9.0,2024-06-05,2024-06-14,2024-06-18,Road,326,19,333.87,6343.53,Clear,North,Yes,72.5,Delhivery,Traffic,0,0,1
6861,7381.0,3.3,3.0,2024-04-28,2024-05-01,2024-05-02,Air,159,86,1405.29,120854.94,Clear,South,Yes,83.6,EcomExpress,Weather,0,1,0
6862,9139.0,3.9,10.0,2024-08-23,2024-09-02,2024-09-03,Air,480,73,4292.31,313338.63,Rainy,South,No,95.8,EcomExpress,Operational,0,0,1
6863,8053.0,3.0,8.0,2024-01-12,2024-01-20,2024-01-25,Sea,243,4,1579.37,6317.48,Clear,West,Yes,73.8,BlueDart,Traffic,0,0,1
6864,9603.0,2.7,8.0,2024-10-28,2024-11-05,2024-11-05,Air,59,28,1028.4,28795.2,Rainy,East,No,95.6,BlueDart,Traffic,1,0,1
6865,9606.0,2.8,6.0,2024-11-06,2024-11-12,2024-11-13,Sea,226,83,3608.02,299465.66,Clear,West,No,71.3,BlueDart,,0,0,1
6866,3042.0,4.4,9.0,2024-05-13,2024-05-22,2024-05-26,Sea,88,69,461.07,31813.83,Cloudy,East,No,75.3,FedEx,Traffic,0,0,1
6867,5613.0,3.0,3.0,2024-08-11,2024-08-14,2024-08-13,Air,1097,95,2702.67,256753.65,Cloudy,West,Yes,99.6,EcomExpress,Customs,1,1,1
6868,6444.0,3.6,5.0,2024-11-22,2024-11-27,2024-11-28,Sea,1437,23,2359.9,54277.7,Rainy,North,Yes,76.9,EcomExpress,Customs,0,0,1
6869,5708.0,4.5,9.0,2024-07-09,2024-07-18,2024-07-18,Road,396,59,830.63,49007.17,Cloudy,South,Yes,93.4,FedEx,Traffic,1,0,1
6870,6961.0,3.7,3.0,2024-04-20,2024-04-23,2024-04-28,Air,21,58,4047.8,234772.4,Clear,East,Yes,91.4,Delhivery,,0,1,0
6871,8260.0,2.9,9.0,2024-10-28,2024-11-06,2024-11-05,Air,1280,14,1814.44,25402.16,Rainy,East,No,87.3,BlueDart,Operational,1,0,1
6872,2098.0,4.1,10.0,2024-04-07,2024-04-17,2024-04-22,Road,1133,82,2389.26,195919.32,Cloudy,South,Yes,72.2,Delhivery,Customs,0,1,0
6873,1712.0,2.5,10.0,2024-04-18,2024-04-28,2024-05-02,Sea,221,45,2503.91,112675.95,Rainy,East,No,93.7,BlueDart,,0,0,1
6874,8546.0,3.6,4.0,2024-09-16,2024-09-20,2024-09-21,Road,954,41,1168.47,47907.27,Storm,East,No,87.4,BlueDart,Weather,0,0,1
6875,2275.0,2.8,7.0,2024-10-01,2024-10-08,2024-10-13,Sea,1360,69,2365.73,163235.37,Storm,West,Yes,85.2,Delhivery,Operational,0,0,1
6876,7672.0,2.8,2.0,2024-07-04,2024-07-06,2024-07-07,Air,121,33,4971.81,164069.73,Storm,North,Yes,72.3,DHL,Operational,0,0,1
6877,9640.0,4.8,6.0,2024-06-25,2024-07-01,2024-07-01,Road,1437,77,1302.08,100260.16,Clear,West,No,71.7,BlueDart,,1,0,1
6878,9614.0,4.7,8.0,2024-06-21,2024-06-29,2024-07-04,Road,537,21,1102.15,23145.15,Storm,East,Yes,81.4,Delhivery,,0,0,1
6879,6578.0,2.8,6.0,2024-02-24,2024-03-01,2024-03-05,Sea,515,61,2294.38,139957.18,Clear,West,Yes,81.3,Delhivery,Traffic,0,1,0
6880,5835.0,2.8,4.0,2024-10-06,2024-10-10,2024-10-12,Sea,853,51,330.94,16877.94,Cloudy,South,Yes,97.9,EcomExpress,,0,1,0
6881,7753.0,3.5,7.0,2024-05-26,2024-06-02,2024-06-02,Sea,845,99,2933.03,290369.97,Clear,Central,Yes,82.3,BlueDart,Customs,1,1,1
6882,7641.0,4.5,4.0,2024-08-13,2024-08-17,2024-08-21,Road,30,7,3514.59,24602.13,Clear,West,No,74.9,BlueDart,,0,0,1
6883,6737.0,2.5,6.0,2024-10-12,2024-10-18,2024-10-22,Air,1025,11,4386.37,48250.07,Rainy,Central,No,78.4,FedEx,Operational,0,1,0
6884,9895.0,4.7,2.0,2024-06-04,2024-06-06,2024-06-07,Sea,261,96,3061.92,293944.32,Storm,Central,No,77.8,BlueDart,,0,0,1
6885,3982.0,3.9,3.0,2024-02-18,2024-02-21,2024-02-24,Sea,1032,44,3746.49,164845.56,Cloudy,West,Yes,71.6,DHL,Operational,0,1,0
6886,8849.0,3.1,5.0,2024-08-26,2024-08-31,2024-09-01,Air,1086,16,316.45,5063.2,Cloudy,West,No,74.2,Delhivery,Operational,0,0,1
6887,2847.0,3.0,3.0,2024-06-19,2024-06-22,2024-06-25,Air,379,56,3616.89,202545.84,Rainy,South,No,86.4,Delhivery,Traffic,0,0,1
6888,9917.0,3.8,9.0,2024-04-21,2024-04-30,2024-05-03,Sea,636,74,842.91,62375.34,Storm,Central,No,83.4,EcomExpress,Weather,0,1,0
6889,4267.0,3.5,5.0,2024-09-22,2024-09-27,2024-10-02,Sea,850,31,2395.7,74266.7,Clear,Central,Yes,88.8,BlueDart,Traffic,0,1,0
6890,1970.0,4.3,8.0,2024-08-10,2024-08-18,2024-08-20,Road,1448,35,619.29,21675.15,Storm,Central,No,79.0,FedEx,Traffic,0,1,0
6891,4748.0,4.7,5.0,2024-03-04,2024-03-09,2024-03-09,Air,680,34,2467.72,83902.48,Rainy,North,Yes,87.8,Delhivery,Operational,1,0,1
6892,1473.0,4.3,3.0,2024-07-01,2024-07-04,2024-07-03,Road,350,38,4296.31,163259.78,Clear,Central,No,90.0,FedEx,Traffic,1,0,1
6893,1383.0,5.0,10.0,2024-03-24,2024-04-03,2024-04-07,Road,912,82,2788.12,228625.84,Storm,North,Yes,82.4,EcomExpress,Operational,0,1,0
6894,9783.0,3.8,3.0,2024-01-11,2024-01-14,2024-01-18,Sea,530,63,4633.28,291896.64,Cloudy,South,Yes,94.9,DHL,Weather,0,0,1
6895,9286.0,3.5,4.0,2024-01-14,2024-01-18,2024-01-18,Road,1246,50,2845.26,142263.0,Rainy,Central,No,96.8,DHL,Operational,1,1,1
6896,1307.0,4.0,2.0,2024-10-06,2024-10-08,2024-10-10,Road,833,55,783.21,43076.55,Clear,South,No,72.4,DHL,Traffic,0,1,0
6897,3184.0,3.9,9.0,2024-01-23,2024-02-01,2024-01-31,Road,95,81,799.21,64736.01,Cloudy,South,Yes,77.8,EcomExpress,Operational,1,0,1
6898,3684.0,3.2,3.0,2024-05-11,2024-05-14,2024-05-14,Sea,917,46,1611.54,74130.84,Rainy,South,No,86.6,DHL,Operational,1,1,1
6899,2885.0,4.0,8.0,2024-02-01,2024-02-09,2024-02-09,Air,1413,55,4102.64,225645.2,Clear,South,No,79.0,FedEx,Traffic,1,0,1
6900,2341.0,4.8,3.0,2024-06-26,2024-06-29,2024-07-03,Road,105,41,222.17,9108.97,Rainy,North,No,89.0,Delhivery,,0,0,1
6901,1265.0,4.6,5.0,2024-08-10,2024-08-15,2024-08-19,Road,956,59,866.04,51096.36,Clear,West,Yes,84.8,FedEx,Operational,0,1,0
6902,3540.0,3.9,4.0,2024-07-05,2024-07-09,2024-07-14,Sea,1102,72,2753.85,198277.2,Storm,East,No,99.1,FedEx,Weather,0,0,1
6903,6404.0,3.4,4.0,2024-08-24,2024-08-28,2024-08-31,Road,464,84,895.56,75227.04,Storm,East,No,89.4,Delhivery,,0,1,0
6904,1192.0,3.7,7.0,2024-04-08,2024-04-15,2024-04-18,Road,1071,67,1620.31,108560.77,Storm,West,Yes,74.4,EcomExpress,Operational,0,0,1
6905,8568.0,3.1,7.0,2024-09-05,2024-09-12,2024-09-15,Sea,627,21,2219.56,46610.76,Clear,South,No,90.6,DHL,Customs,0,0,1
6906,2496.0,3.8,6.0,2024-10-02,2024-10-08,2024-10-13,Sea,1076,77,1292.03,99486.31,Cloudy,Central,Yes,92.3,EcomExpress,Operational,0,0,1
6907,6044.0,3.8,8.0,2024-08-21,2024-08-29,2024-09-01,Road,929,3,4946.94,14840.82,Clear,West,Yes,74.9,DHL,,0,0,1
6908,8251.0,4.1,2.0,2024-01-06,2024-01-08,2024-01-11,Sea,612,58,1261.57,73171.06,Cloudy,East,No,75.3,FedEx,Traffic,0,1,0
6909,1591.0,3.9,10.0,2024-07-18,2024-07-28,2024-07-31,Air,616,24,1450.45,34810.8,Cloudy,South,Yes,78.2,Delhivery,Operational,0,0,1
6910,1137.0,4.1,3.0,2024-01-23,2024-01-26,2024-01-27,Road,1084,18,3526.25,63472.5,Cloudy,East,Yes,71.7,DHL,,0,0,1
6911,7259.0,3.1,4.0,2024-06-15,2024-06-19,2024-06-18,Sea,743,75,3089.99,231749.25,Rainy,North,Yes,82.4,FedEx,Weather,1,1,1
6912,8379.0,3.5,8.0,2024-05-22,2024-05-30,2024-06-04,Air,732,48,4717.78,226453.44,Rainy,Central,No,77.7,FedEx,Customs,0,0,1
6913,7783.0,2.6,3.0,2024-01-05,2024-01-08,2024-01-07,Sea,837,38,756.25,28737.5,Clear,South,No,93.7,Delhivery,Weather,1,0,1
6914,8395.0,3.0,6.0,2024-02-12,2024-02-18,2024-02-21,Sea,798,29,2219.44,64363.76,Rainy,South,No,71.9,EcomExpress,,0,0,1
6915,9056.0,4.4,8.0,2024-07-22,2024-07-30,2024-07-30,Sea,1119,34,3511.29,119383.86,Rainy,West,Yes,85.5,EcomExpress,,1,0,1
6916,3353.0,4.5,10.0,2024-11-17,2024-11-27,2024-11-28,Sea,618,96,4263.91,409335.36,Clear,West,No,77.9,Delhivery,Operational,0,1,0
6917,6773.0,3.1,6.0,2024-10-27,2024-11-02,2024-11-05,Air,796,54,1282.65,69263.1,Rainy,North,No,73.6,FedEx,Weather,0,1,0
6918,9328.0,2.9,8.0,2024-09-16,2024-09-24,2024-09-24,Road,875,26,305.86,7952.36,Storm,South,Yes,85.0,DHL,Customs,1,0,1
6919,6523.0,4.0,6.0,2024-11-16,2024-11-22,2024-11-21,Sea,189,9,4072.12,36649.08,Clear,Central,Yes,94.9,DHL,Traffic,1,1,1
6920,6933.0,4.0,7.0,2024-08-25,2024-09-01,2024-08-31,Sea,112,8,3915.15,31321.2,Rainy,North,Yes,89.7,FedEx,,1,1,1
6921,2092.0,3.0,7.0,2024-01-21,2024-01-28,2024-01-31,Sea,786,50,3089.54,154477.0,Storm,East,No,72.6,FedEx,Weather,0,1,0
6922,5903.0,3.0,10.0,2024-04-02,2024-04-12,2024-04-16,Sea,101,70,4473.69,313158.3,Clear,North,Yes,86.7,FedEx,Traffic,0,0,1
6923,2754.0,3.7,3.0,2024-04-20,2024-04-23,2024-04-27,Sea,15,20,766.01,15320.2,Storm,Central,No,78.5,EcomExpress,Customs,0,1,0
6924,9230.0,3.7,3.0,2024-06-21,2024-06-24,2024-06-26,Sea,910,63,3255.99,205127.37,Cloudy,West,No,79.1,Delhivery,Traffic,0,0,1
6925,4012.0,3.0,3.0,2024-06-05,2024-06-08,2024-06-13,Air,789,90,4332.57,389931.3,Cloudy,East,Yes,80.8,FedEx,,0,0,1
6926,9956.0,3.9,2.0,2024-09-21,2024-09-23,2024-09-25,Air,1426,35,2299.28,80474.8,Cloudy,North,Yes,88.5,BlueDart,Traffic,0,1,0
6927,7153.0,4.3,5.0,2024-08-25,2024-08-30,2024-09-01,Road,1381,76,3942.7,299645.2,Storm,North,No,71.9,FedEx,,0,1,0
6928,9524.0,4.9,7.0,2024-05-12,2024-05-19,2024-05-21,Sea,645,48,327.79,15733.92,Rainy,North,No,76.2,EcomExpress,Customs,0,1,0
6929,7356.0,2.7,10.0,2024-10-16,2024-10-26,2024-10-31,Sea,183,18,3909.49,70370.82,Clear,West,Yes,82.1,EcomExpress,Weather,0,0,1
6930,2507.0,3.9,6.0,2024-02-09,2024-02-15,2024-02-17,Road,1254,80,4664.11,373128.8,Cloudy,West,No,73.9,Delhivery,Traffic,0,0,1
6931,7726.0,4.7,10.0,2024-06-06,2024-06-16,2024-06-18,Road,779,59,4264.51,251606.09,Cloudy,East,No,74.4,EcomExpress,Traffic,0,0,1
6932,8545.0,3.7,2.0,2024-06-12,2024-06-14,2024-06-18,Air,1427,64,3696.19,236556.16,Clear,East,Yes,86.0,EcomExpress,Operational,0,0,1
6933,3562.0,2.8,4.0,2024-07-31,2024-08-04,2024-08-04,Air,307,85,2560.69,217658.65,Rainy,East,No,92.4,EcomExpress,Operational,1,0,1
6934,4226.0,4.9,7.0,2024-03-04,2024-03-11,2024-03-13,Sea,843,58,1284.74,74514.92,Cloudy,East,No,75.9,BlueDart,Operational,0,0,1
6935,7845.0,3.2,8.0,2024-04-20,2024-04-28,2024-04-27,Air,18,8,4657.07,37256.56,Clear,South,Yes,76.6,EcomExpress,Operational,1,1,1
6936,7953.0,3.4,3.0,2024-01-14,2024-01-17,2024-01-19,Sea,152,83,2313.03,191981.49,Clear,East,Yes,94.1,FedEx,Customs,0,1,0
6937,5180.0,3.7,7.0,2024-06-13,2024-06-20,2024-06-20,Sea,1304,7,4084.77,28593.39,Rainy,East,Yes,80.2,EcomExpress,Customs,1,0,1
6938,3128.0,4.0,9.0,2024-03-22,2024-03-31,2024-03-31,Sea,1050,27,2864.55,77342.85,Rainy,East,Yes,72.9,EcomExpress,Customs,1,0,1
6939,5763.0,2.7,2.0,2024-06-19,2024-06-21,2024-06-20,Road,1461,79,2729.56,215635.24,Clear,East,Yes,82.5,FedEx,Customs,1,0,1
6940,6033.0,4.2,9.0,2024-06-21,2024-06-30,2024-06-29,Air,432,18,3398.2,61167.6,Cloudy,Central,Yes,90.9,EcomExpress,Customs,1,0,1
6941,1846.0,4.5,6.0,2024-11-26,2024-12-02,2024-12-03,Road,1069,56,4837.19,270882.64,Rainy,South,Yes,83.2,BlueDart,Operational,0,0,1
6942,4115.0,4.6,5.0,2024-11-04,2024-11-09,2024-11-08,Road,653,43,1021.44,43921.92,Storm,Central,Yes,71.9,BlueDart,Operational,1,0,1
6943,2403.0,2.7,6.0,2024-05-27,2024-06-02,2024-06-07,Air,1406,84,1565.34,131488.56,Rainy,West,No,91.7,DHL,Traffic,0,0,1
6944,5415.0,5.0,4.0,2024-03-21,2024-03-25,2024-03-25,Sea,750,81,1754.66,142127.46,Cloudy,West,Yes,73.6,BlueDart,,1,0,1
6945,3523.0,2.8,10.0,2024-08-25,2024-09-04,2024-09-08,Air,665,65,4233.81,275197.65,Clear,South,No,98.1,DHL,,0,1,0
6946,1063.0,3.9,3.0,2024-05-03,2024-05-06,2024-05-06,Sea,1054,75,679.0,50925.0,Storm,South,Yes,72.0,BlueDart,Traffic,1,0,1
6947,1894.0,4.0,5.0,2024-10-27,2024-11-01,2024-11-04,Road,708,47,3892.61,182952.67,Storm,South,Yes,94.6,BlueDart,Operational,0,1,0
6948,8760.0,2.9,5.0,2024-06-29,2024-07-04,2024-07-03,Sea,520,63,2805.16,176725.08,Storm,Central,Yes,91.4,BlueDart,,1,1,1
6949,2632.0,3.1,4.0,2024-04-04,2024-04-08,2024-04-08,Air,834,8,3521.04,28168.32,Cloudy,North,Yes,91.4,Delhivery,Operational,1,0,1
6950,2795.0,3.7,6.0,2024-07-08,2024-07-14,2024-07-13,Road,310,54,3769.22,203537.88,Cloudy,East,No,81.0,FedEx,Weather,1,0,1
6951,2067.0,4.0,5.0,2024-09-14,2024-09-19,2024-09-22,Road,1342,12,1062.62,12751.44,Clear,South,No,83.9,Delhivery,Weather,0,1,0
6952,4064.0,3.2,2.0,2024-07-14,2024-07-16,2024-07-15,Air,1115,92,1980.52,182207.84,Storm,East,No,72.6,EcomExpress,Traffic,1,1,1
6953,6671.0,2.9,9.0,2024-09-25,2024-10-04,2024-10-09,Air,145,59,2930.92,172924.28,Rainy,East,Yes,78.6,EcomExpress,Traffic,0,0,1
6954,5908.0,2.7,7.0,2024-01-27,2024-02-03,2024-02-04,Sea,856,40,285.88,11435.2,Storm,North,Yes,94.8,FedEx,,0,1,0
6955,3102.0,4.6,5.0,2024-02-22,2024-02-27,2024-02-28,Sea,714,54,1086.62,58677.48,Rainy,Central,Yes,78.8,FedEx,Weather,0,0,1
6956,2022.0,4.3,6.0,2024-04-02,2024-04-08,2024-04-11,Air,298,76,3953.29,300450.04,Cloudy,South,Yes,92.6,EcomExpress,Operational,0,0,1
6957,3539.0,3.1,2.0,2024-04-09,2024-04-11,2024-04-16,Road,498,61,2321.82,141631.02,Clear,North,No,85.7,FedEx,Operational,0,0,1
6958,2533.0,2.7,3.0,2024-02-18,2024-02-21,2024-02-22,Sea,1351,23,4086.81,93996.63,Cloudy,South,No,84.6,FedEx,Weather,0,1,0
6959,8972.0,4.4,7.0,2024-05-25,2024-06-01,2024-06-05,Air,79,35,4529.93,158547.55,Clear,South,Yes,78.4,DHL,Customs,0,1,0
6960,2534.0,2.7,10.0,2024-05-09,2024-05-19,2024-05-18,Road,1168,9,3449.57,31046.13,Cloudy,East,No,74.4,BlueDart,Weather,1,0,1
6961,2123.0,4.5,6.0,2024-04-05,2024-04-11,2024-04-13,Road,683,28,1557.88,43620.64,Cloudy,North,Yes,95.9,EcomExpress,Operational,0,0,1
6962,3695.0,4.3,8.0,2024-10-16,2024-10-24,2024-10-29,Air,495,38,3863.56,146815.28,Clear,North,Yes,89.0,DHL,Operational,0,0,1
6963,8992.0,3.8,3.0,2024-11-08,2024-11-11,2024-11-12,Sea,430,68,1089.06,74056.08,Clear,Central,Yes,87.4,FedEx,Customs,0,0,1
6964,9318.0,3.2,7.0,2024-02-01,2024-02-08,2024-02-11,Road,1264,67,4696.75,314682.25,Clear,Central,Yes,84.9,Delhivery,,0,0,1
6965,6730.0,4.6,4.0,2024-03-22,2024-03-26,2024-03-30,Air,1368,64,722.23,46222.72,Clear,West,Yes,94.2,DHL,Weather,0,0,1
6966,,2.7,,2024-10-11,2024-10-13,2024-10-15,Road,149,43,562.43,,Rainy,West,Yes,92.0,DHL,Weather,0,0,1
6967,3504.0,4.5,5.0,2024-09-28,2024-10-03,2024-10-04,Sea,265,50,4297.74,214887.0,Cloudy,Central,No,70.8,FedEx,Traffic,0,1,0
6968,6418.0,2.9,7.0,2024-07-06,2024-07-13,2024-07-12,Air,779,34,3905.4,132783.6,Clear,Central,No,77.8,Delhivery,Customs,1,1,1
6969,4295.0,4.7,9.0,2024-11-22,2024-12-01,2024-12-02,Sea,562,13,1434.66,18650.58,Clear,Central,Yes,92.9,DHL,Customs,0,0,1
6970,2740.0,3.6,2.0,2024-07-11,2024-07-13,2024-07-17,Road,846,18,2034.55,36621.9,Storm,West,No,99.4,FedEx,,0,0,1
6971,2976.0,3.1,7.0,2024-03-12,2024-03-19,2024-03-19,Sea,1219,66,1613.15,106467.9,Clear,Central,No,78.4,BlueDart,Weather,1,0,1
6972,1296.0,3.4,6.0,2024-02-12,2024-02-18,2024-02-22,Air,440,4,875.44,3501.76,Storm,West,Yes,86.8,FedEx,Operational,0,0,1
6973,9698.0,4.3,10.0,2024-02-05,2024-02-15,2024-02-19,Road,434,66,1564.4,103250.4,Clear,Central,No,76.1,DHL,,0,0,1
6974,4751.0,4.1,6.0,2024-02-23,2024-02-29,2024-03-03,Road,22,46,3600.43,165619.78,Cloudy,South,No,77.9,Delhivery,,0,0,1
6975,4183.0,2.9,7.0,2024-10-01,2024-10-08,2024-10-11,Air,984,20,4063.31,81266.2,Rainy,South,Yes,73.2,Delhivery,,0,0,1
6976,5403.0,3.2,9.0,2024-05-24,2024-06-02,2024-06-07,Road,243,26,2303.85,59900.1,Clear,South,No,90.9,DHL,Weather,0,0,1
6977,5718.0,2.7,4.0,2024-01-07,2024-01-11,2024-01-12,Road,472,52,2959.37,153887.24,Rainy,East,No,76.4,EcomExpress,,0,1,0
6978,1216.0,4.9,4.0,2024-10-24,2024-10-28,2024-10-27,Air,1146,63,3099.77,195285.51,Cloudy,Central,Yes,86.0,BlueDart,Operational,1,0,1
6979,8214.0,2.5,4.0,2024-04-23,2024-04-27,2024-05-02,Sea,427,77,4639.78,357263.06,Cloudy,West,Yes,80.6,Delhivery,,0,0,1
6980,6580.0,3.7,9.0,2024-02-06,2024-02-15,2024-02-18,Road,196,29,4059.08,117713.32,Cloudy,West,Yes,73.3,FedEx,Traffic,0,0,1
6981,3635.0,3.2,6.0,2024-04-26,2024-05-02,2024-05-06,Sea,736,40,2141.34,85653.6,Cloudy,North,Yes,82.8,Delhivery,,0,0,1
6982,9611.0,3.1,4.0,2024-04-16,2024-04-20,2024-04-24,Air,1477,16,3290.99,52655.84,Clear,West,No,99.1,Delhivery,Weather,0,0,1
6983,3327.0,3.5,3.0,2024-01-07,2024-01-10,2024-01-13,Road,1495,1,1660.13,1660.13,Cloudy,North,Yes,96.2,DHL,Traffic,0,1,0
6984,8600.0,4.1,8.0,2024-07-14,2024-07-22,2024-07-25,Sea,1327,94,4944.12,464747.28,Clear,Central,No,86.8,EcomExpress,Customs,0,1,0
6985,5510.0,4.5,9.0,2024-11-24,2024-12-03,2024-12-07,Sea,1371,6,523.77,3142.62,Clear,West,No,78.1,BlueDart,Customs,0,1,0
6986,2899.0,4.9,9.0,2024-10-06,2024-10-15,2024-10-20,Air,408,17,1971.83,33521.11,Clear,East,Yes,78.4,EcomExpress,Weather,0,1,0
6987,6349.0,4.9,3.0,2024-06-12,2024-06-15,2024-06-15,Air,689,50,285.5,14275.0,Cloudy,Central,No,77.8,DHL,Weather,1,0,1
6988,2343.0,2.5,4.0,2024-06-07,2024-06-11,2024-06-12,Road,835,5,2729.34,13646.7,Clear,East,No,86.6,FedEx,Customs,0,0,1
6989,4796.0,4.9,4.0,2024-06-13,2024-06-17,2024-06-17,Air,725,29,3278.17,95066.93,Storm,South,No,74.9,DHL,Operational,1,0,1
6990,1481.0,2.8,6.0,2024-02-06,2024-02-12,2024-02-15,Sea,260,51,2911.61,148492.11,Rainy,Central,No,87.8,EcomExpress,Traffic,0,0,1
6991,3114.0,4.6,7.0,2024-11-03,2024-11-10,2024-11-13,Air,915,22,919.71,20233.62,Storm,North,No,89.4,BlueDart,Operational,0,1,0
6992,5081.0,2.7,4.0,2024-09-14,2024-09-18,2024-09-17,Air,63,22,571.34,12569.48,Cloudy,North,Yes,70.4,EcomExpress,,1,1,1
6993,8003.0,5.0,2.0,2024-08-14,2024-08-16,2024-08-15,Air,1109,18,1162.37,20922.66,Storm,South,No,88.5,DHL,Traffic,1,0,1
6994,9855.0,3.2,8.0,2024-07-06,2024-07-14,2024-07-15,Air,743,31,656.23,20343.13,Cloudy,West,No,97.4,Delhivery,Traffic,0,1,0
6995,8247.0,2.9,4.0,2024-08-11,2024-08-15,2024-08-20,Air,607,34,3243.93,110293.62,Clear,West,No,99.7,BlueDart,Customs,0,1,0
6996,6228.0,2.9,9.0,2024-04-29,2024-05-08,2024-05-09,Road,1467,65,3169.04,205987.6,Storm,East,Yes,92.4,EcomExpress,Operational,0,0,1
6997,2900.0,4.3,3.0,2024-08-28,2024-08-31,2024-09-05,Air,1090,21,2981.43,62610.03,Rainy,East,Yes,80.0,EcomExpress,Weather,0,0,1
6998,9730.0,3.2,2.0,2024-10-16,2024-10-18,2024-10-20,Air,309,55,554.92,30520.6,Storm,Central,No,93.8,BlueDart,Weather,0,0,1
6999,1343.0,3.6,6.0,2024-05-14,2024-05-20,2024-05-21,Sea,471,87,3094.03,269180.61,Cloudy,West,Yes,88.0,Delhivery,Operational,0,0,1
7000,2136.0,2.9,4.0,2024-03-20,2024-03-24,2024-03-23,Air,840,60,4747.9,284874.0,Clear,North,No,94.5,Delhivery,Customs,1,0,1
7001,3483.0,4.2,4.0,2024-03-15,2024-03-19,2024-03-21,Air,365,53,3910.98,207281.94,Clear,South,No,93.3,Delhivery,Traffic,0,0,1
7002,3882.0,4.9,3.0,2024-07-06,2024-07-09,2024-07-08,Sea,722,89,3300.86,293776.54,Storm,East,Yes,90.6,BlueDart,,1,1,1
7003,2037.0,3.2,2.0,2024-05-09,2024-05-11,2024-05-12,Air,377,23,4833.57,111172.11,Cloudy,Central,No,83.9,Delhivery,Customs,0,0,1
7004,8778.0,3.2,2.0,2024-01-08,2024-01-10,2024-01-13,Sea,373,20,261.34,5226.8,Clear,East,No,99.6,BlueDart,Operational,0,0,1
7005,6059.0,4.2,6.0,2024-08-02,2024-08-08,2024-08-07,Sea,442,52,4098.43,213118.36,Clear,East,No,85.9,DHL,Traffic,1,0,1
7006,4435.0,3.8,7.0,2024-08-15,2024-08-22,2024-08-23,Road,1385,60,730.95,43857.0,Cloudy,West,No,93.4,FedEx,Customs,0,0,1
7007,5048.0,3.5,5.0,2024-02-28,2024-03-04,2024-03-06,Road,424,84,2153.75,180915.0,Cloudy,North,Yes,74.7,DHL,,0,0,1
7008,3088.0,2.5,6.0,2024-09-07,2024-09-13,2024-09-15,Air,644,73,4234.46,309115.58,Rainy,Central,Yes,74.8,Delhivery,Customs,0,1,0
7009,8920.0,3.2,2.0,2024-04-18,2024-04-20,2024-04-20,Sea,1238,40,3100.65,124026.0,Rainy,East,Yes,97.9,Delhivery,,1,0,1
7010,,4.7,,2024-10-01,2024-10-08,2024-10-09,Road,540,28,2173.63,,Storm,North,Yes,89.7,Delhivery,Operational,0,0,1
7011,1706.0,4.4,3.0,2024-07-21,2024-07-24,2024-07-25,Sea,734,75,1087.64,81573.0,Storm,South,Yes,85.8,DHL,Operational,0,1,0
7012,2276.0,3.4,6.0,2024-09-15,2024-09-21,2024-09-22,Road,100,97,4050.9,392937.3,Rainy,North,No,95.5,EcomExpress,Operational,0,1,0
7013,8534.0,3.6,4.0,2024-08-01,2024-08-05,2024-08-06,Sea,72,53,4173.32,221185.96,Cloudy,South,No,92.9,FedEx,,0,0,1
7014,9000.0,4.6,7.0,2024-08-05,2024-08-12,2024-08-15,Air,634,93,3910.7,363695.1,Clear,North,Yes,71.1,EcomExpress,Operational,0,0,1
7015,3247.0,4.0,7.0,2024-02-25,2024-03-03,2024-03-04,Sea,1005,25,3109.51,77737.75,Clear,North,No,96.4,DHL,Customs,0,1,0
7016,1702.0,3.8,2.0,2024-10-27,2024-10-29,2024-11-03,Air,1361,12,1981.11,23773.32,Storm,North,Yes,79.8,FedEx,Traffic,0,1,0
7017,3612.0,4.1,7.0,2024-06-12,2024-06-19,2024-06-23,Road,70,55,2075.81,114169.55,Rainy,South,Yes,99.7,EcomExpress,Operational,0,0,1
7018,4816.0,4.8,8.0,2024-10-03,2024-10-11,2024-10-13,Air,359,41,3705.74,151935.34,Rainy,West,Yes,74.6,BlueDart,Traffic,0,0,1
7019,4937.0,4.3,5.0,2024-10-15,2024-10-20,2024-10-20,Air,275,4,2558.58,10234.32,Clear,East,No,83.8,EcomExpress,Customs,1,0,1
7020,9022.0,4.8,4.0,2024-06-13,2024-06-17,2024-06-18,Sea,172,36,4264.9,153536.4,Cloudy,North,No,90.1,FedEx,Traffic,0,0,1
7021,4247.0,4.0,7.0,2024-04-20,2024-04-27,2024-04-27,Sea,33,58,4809.99,278979.42,Storm,South,Yes,88.2,Delhivery,Customs,1,1,1
7022,9195.0,3.3,5.0,2024-03-23,2024-03-28,2024-03-28,Air,964,96,4379.85,420465.6,Rainy,South,No,99.2,Delhivery,Weather,1,1,1
7023,8537.0,2.7,10.0,2024-11-23,2024-12-03,2024-12-05,Air,77,73,3968.17,289676.41,Cloudy,South,No,83.5,FedEx,Customs,0,1,0
7024,3968.0,4.2,10.0,2024-08-28,2024-09-07,2024-09-09,Road,1235,8,3693.25,29546.0,Cloudy,Central,Yes,72.8,FedEx,,0,0,1
7025,3067.0,4.2,5.0,2024-04-28,2024-05-03,2024-05-07,Road,1010,64,305.1,19526.4,Clear,West,No,75.7,Delhivery,Customs,0,1,0
7026,3573.0,2.7,5.0,2024-03-01,2024-03-06,2024-03-06,Sea,615,67,4673.81,313145.27,Cloudy,North,No,78.4,EcomExpress,Weather,1,0,1
7027,9424.0,4.9,7.0,2024-01-24,2024-01-31,2024-02-04,Road,1427,89,235.22,20934.58,Rainy,North,Yes,92.7,Delhivery,Traffic,0,0,1
7028,7749.0,4.7,2.0,2024-09-05,2024-09-07,2024-09-11,Air,859,31,4425.4,137187.4,Cloudy,West,No,81.4,EcomExpress,Operational,0,0,1
7029,7936.0,4.7,4.0,2024-06-24,2024-06-28,2024-06-28,Road,518,6,1060.5,6363.0,Storm,North,Yes,93.4,EcomExpress,Customs,1,0,1
7030,1029.0,3.5,5.0,2024-10-22,2024-10-27,2024-10-30,Sea,633,75,3612.32,270924.0,Rainy,North,No,75.5,Delhivery,,0,0,1
7031,9887.0,2.6,4.0,2024-01-03,2024-01-07,2024-01-12,Air,494,27,453.34,12240.18,Storm,Central,Yes,97.0,DHL,Traffic,0,0,1
7032,7539.0,3.0,2.0,2024-06-13,2024-06-15,2024-06-19,Road,1161,38,523.03,19875.14,Clear,Central,Yes,96.7,Delhivery,Customs,0,0,1
7033,3923.0,3.0,6.0,2024-08-31,2024-09-06,2024-09-07,Sea,1402,57,396.97,22627.29,Clear,North,No,90.9,EcomExpress,Traffic,0,1,0
7034,3240.0,2.9,9.0,2024-08-08,2024-08-17,2024-08-21,Air,26,70,1470.95,102966.5,Rainy,West,No,76.6,DHL,Customs,0,0,1
7035,7967.0,3.6,2.0,2024-09-03,2024-09-05,2024-09-04,Road,400,63,1100.21,69313.23,Clear,North,Yes,75.1,DHL,Operational,1,0,1
7036,7918.0,4.9,4.0,2024-01-07,2024-01-11,2024-01-15,Sea,618,42,4972.35,208838.7,Cloudy,South,No,90.4,BlueDart,Traffic,0,1,0
7037,9920.0,3.9,5.0,2024-04-29,2024-05-04,2024-05-08,Road,1132,54,2646.57,142914.78,Cloudy,West,Yes,92.4,DHL,Weather,0,0,1
7038,8896.0,3.2,3.0,2024-09-15,2024-09-18,2024-09-19,Air,1326,74,1233.56,91283.44,Storm,North,Yes,86.4,EcomExpress,Customs,0,1,0
7039,2557.0,3.1,7.0,2024-01-31,2024-02-07,2024-02-11,Road,519,72,3172.49,228419.28,Rainy,North,Yes,75.7,DHL,Customs,0,0,1
7040,3326.0,4.5,6.0,2024-08-05,2024-08-11,2024-08-11,Air,1018,61,641.48,39130.28,Clear,North,Yes,82.8,FedEx,Traffic,1,0,1
7041,7807.0,3.4,7.0,2024-06-10,2024-06-17,2024-06-20,Road,1332,97,625.83,60705.51,Cloudy,West,No,81.8,Delhivery,Operational,0,0,1
7042,6933.0,4.8,2.0,2024-10-15,2024-10-17,2024-10-16,Sea,103,29,2761.82,80092.78,Storm,South,No,86.4,BlueDart,Operational,1,0,1
7043,8501.0,4.4,5.0,2024-02-10,2024-02-15,2024-02-14,Sea,487,13,3590.07,46670.91,Storm,North,Yes,94.0,Delhivery,Operational,1,1,1
7044,5325.0,3.6,5.0,2024-03-31,2024-04-05,2024-04-05,Road,246,77,705.14,54295.78,Rainy,North,Yes,78.2,FedEx,Weather,1,1,1
7045,8445.0,4.5,3.0,2024-11-11,2024-11-14,2024-11-15,Road,1472,78,2784.01,217152.78,Rainy,East,No,86.9,BlueDart,Traffic,0,0,1
7046,1358.0,4.3,8.0,2024-01-29,2024-02-06,2024-02-06,Air,337,31,2953.41,91555.71,Storm,South,Yes,92.8,DHL,,1,0,1
7047,7501.0,4.0,2.0,2024-11-12,2024-11-14,2024-11-13,Air,687,51,795.1,40550.1,Storm,Central,No,99.4,DHL,Customs,1,0,1
7048,7976.0,3.2,5.0,2024-11-11,2024-11-16,2024-11-15,Road,1186,69,2293.73,158267.37,Cloudy,South,No,92.6,DHL,,1,0,1
7049,8241.0,4.2,2.0,2024-10-17,2024-10-19,2024-10-21,Sea,835,69,677.82,46769.58,Clear,East,No,99.2,FedEx,Traffic,0,0,1
7050,4700.0,4.2,2.0,2024-02-27,2024-02-29,2024-02-29,Air,1373,50,2673.02,133651.0,Clear,West,No,91.9,EcomExpress,Weather,1,0,1
7051,7628.0,3.1,2.0,2024-06-12,2024-06-14,2024-06-14,Sea,497,46,2397.54,110286.84,Storm,East,Yes,99.7,FedEx,,1,0,1
7052,2290.0,3.8,5.0,2024-10-26,2024-10-31,2024-10-30,Air,996,68,3358.77,228396.36,Cloudy,West,Yes,96.5,DHL,,1,1,1
7053,3363.0,3.1,3.0,2024-09-16,2024-09-19,2024-09-20,Road,949,33,3053.79,100775.07,Storm,East,No,99.2,FedEx,Operational,0,0,1
7054,1184.0,4.2,10.0,2024-05-24,2024-06-03,2024-06-08,Air,933,43,4382.0,188426.0,Storm,Central,No,80.5,EcomExpress,,0,0,1
7055,6632.0,3.4,6.0,2024-01-16,2024-01-22,2024-01-25,Road,744,45,4189.02,188505.9,Storm,West,Yes,89.2,Delhivery,Weather,0,0,1
7056,5636.0,4.6,3.0,2024-09-29,2024-10-02,2024-10-05,Road,808,67,1513.86,101428.62,Rainy,North,Yes,99.8,EcomExpress,Operational,0,1,0
7057,2789.0,4.6,2.0,2024-09-27,2024-09-29,2024-09-29,Road,114,89,2340.95,208344.55,Storm,South,No,93.2,DHL,Operational,1,0,1
7058,2342.0,4.5,5.0,2024-07-20,2024-07-25,2024-07-27,Sea,1455,30,2510.96,75328.8,Rainy,North,No,70.1,EcomExpress,Customs,0,1,0
7059,1309.0,4.2,8.0,2024-01-20,2024-01-28,2024-01-30,Air,259,94,985.44,92631.36,Clear,South,Yes,83.2,BlueDart,,0,1,0
7060,3193.0,3.8,5.0,2024-09-03,2024-09-08,2024-09-11,Road,395,52,2483.54,129144.08,Storm,South,No,81.4,BlueDart,Weather,0,0,1
7061,7367.0,4.8,8.0,2024-08-10,2024-08-18,2024-08-20,Air,1102,99,4548.39,450290.61,Clear,Central,No,97.5,DHL,,0,1,0
7062,9029.0,3.0,7.0,2024-03-29,2024-04-05,2024-04-09,Sea,1213,27,1395.79,37686.33,Cloudy,West,Yes,87.3,FedEx,,0,0,1
7063,1187.0,4.7,8.0,2024-05-24,2024-06-01,2024-06-06,Sea,136,81,3001.42,243115.02,Rainy,North,No,71.6,DHL,Traffic,0,0,1
7064,4328.0,3.7,9.0,2024-04-19,2024-04-28,2024-04-28,Air,1043,68,1144.94,77855.92,Rainy,West,No,72.4,BlueDart,,1,0,1
7065,6044.0,3.2,5.0,2024-03-24,2024-03-29,2024-03-30,Road,498,82,4235.36,347299.52,Clear,East,No,92.4,EcomExpress,Customs,0,1,0
7066,4704.0,2.7,8.0,2024-08-18,2024-08-26,2024-08-26,Sea,937,37,3389.15,125398.55,Cloudy,West,Yes,87.0,EcomExpress,Customs,1,1,1
7067,3724.0,5.0,7.0,2024-01-19,2024-01-26,2024-01-31,Sea,1382,1,2689.11,2689.11,Cloudy,East,No,90.3,FedEx,Weather,0,0,1
7068,2029.0,3.9,8.0,2024-05-31,2024-06-08,2024-06-07,Air,788,57,1092.47,62270.79,Storm,East,No,94.4,Delhivery,Traffic,1,0,1
7069,8359.0,3.1,7.0,2024-03-23,2024-03-30,2024-04-04,Sea,460,43,726.05,31220.15,Cloudy,South,Yes,81.1,FedEx,Weather,0,1,0
7070,4009.0,4.1,10.0,2024-01-12,2024-01-22,2024-01-24,Road,897,81,101.97,8259.57,Clear,East,No,98.0,EcomExpress,Traffic,0,0,1
7071,2116.0,2.7,8.0,2024-06-15,2024-06-23,2024-06-26,Sea,1277,5,3511.88,17559.4,Rainy,East,No,85.7,BlueDart,Customs,0,1,0
7072,9411.0,2.9,3.0,2024-01-27,2024-01-30,2024-02-04,Air,346,65,2945.21,191438.65,Clear,West,Yes,88.3,DHL,Customs,0,1,0
7073,3867.0,4.1,9.0,2024-02-03,2024-02-12,2024-02-14,Sea,117,65,2035.39,132300.35,Rainy,North,Yes,96.3,EcomExpress,Traffic,0,1,0
7074,3072.0,3.6,9.0,2024-11-19,2024-11-28,2024-12-01,Air,105,16,4380.35,70085.6,Cloudy,West,Yes,73.6,DHL,Operational,0,0,1
7075,2562.0,2.9,2.0,2024-03-13,2024-03-15,2024-03-19,Air,1225,9,1926.64,17339.76,Storm,Central,Yes,71.8,BlueDart,Customs,0,0,1
7076,8873.0,3.1,2.0,2024-04-13,2024-04-15,2024-04-16,Road,100,13,3728.98,48476.74,Cloudy,East,Yes,97.4,EcomExpress,Weather,0,1,0
7077,3263.0,3.7,6.0,2024-11-19,2024-11-25,2024-11-28,Air,984,20,547.53,10950.6,Clear,West,No,92.1,EcomExpress,Customs,0,0,1
7078,9969.0,4.3,10.0,2024-07-27,2024-08-06,2024-08-10,Sea,1233,44,1389.01,61116.44,Cloudy,East,No,80.6,BlueDart,Operational,0,1,0
7079,9642.0,4.5,5.0,2024-07-08,2024-07-13,2024-07-17,Sea,287,46,1932.66,88902.36,Clear,West,Yes,80.5,EcomExpress,Traffic,0,0,1
7080,5336.0,3.7,9.0,2024-10-03,2024-10-12,2024-10-17,Road,604,65,4406.52,286423.8,Clear,South,Yes,98.7,FedEx,Weather,0,0,1
7081,6166.0,3.4,8.0,2024-03-04,2024-03-12,2024-03-15,Sea,185,53,2070.99,109762.47,Rainy,Central,Yes,82.1,EcomExpress,Customs,0,0,1
7082,6542.0,2.8,7.0,2024-11-24,2024-12-01,2024-12-02,Air,507,69,3801.61,262311.09,Clear,North,Yes,72.7,BlueDart,Traffic,0,1,0
7083,7559.0,3.8,9.0,2024-09-13,2024-09-22,2024-09-21,Sea,1462,94,547.58,51472.52,Storm,West,No,96.5,EcomExpress,Customs,1,0,1
7084,5027.0,3.3,10.0,2024-09-19,2024-09-29,2024-10-03,Road,1206,61,302.65,18461.65,Storm,East,Yes,97.6,BlueDart,,0,0,1
7085,8731.0,2.9,4.0,2024-08-02,2024-08-06,2024-08-05,Air,775,63,3943.52,248441.76,Clear,Central,No,91.6,BlueDart,Operational,1,0,1
7086,7150.0,3.0,4.0,2024-01-11,2024-01-15,2024-01-15,Sea,498,32,4599.55,147185.6,Rainy,North,No,91.4,Delhivery,Weather,1,0,1
7087,2555.0,3.6,4.0,2024-05-04,2024-05-08,2024-05-09,Sea,186,8,492.67,3941.36,Clear,Central,No,79.2,FedEx,Operational,0,1,0
7088,8385.0,4.7,3.0,2024-07-26,2024-07-29,2024-08-03,Road,547,38,705.93,26825.34,Clear,Central,No,74.9,BlueDart,Operational,0,0,1
7089,8135.0,4.1,7.0,2024-05-04,2024-05-11,2024-05-14,Road,1086,79,1572.12,124197.48,Rainy,East,No,80.4,DHL,Weather,0,1,0
7090,5766.0,2.8,3.0,2024-05-18,2024-05-21,2024-05-24,Sea,636,63,1138.9,71750.7,Rainy,West,No,89.7,EcomExpress,,0,1,0
7091,3592.0,3.1,5.0,2024-02-03,2024-02-08,2024-02-08,Sea,481,35,3196.79,111887.65,Storm,East,No,85.0,DHL,Weather,1,1,1
7092,1998.0,2.8,3.0,2024-10-29,2024-11-01,2024-11-02,Sea,910,16,2020.54,32328.64,Rainy,South,Yes,82.8,BlueDart,Weather,0,0,1
7093,6589.0,3.2,5.0,2024-07-26,2024-07-31,2024-08-01,Sea,547,49,2496.34,122320.66,Rainy,East,No,89.4,DHL,Traffic,0,0,1
7094,5175.0,3.5,4.0,2024-03-26,2024-03-30,2024-04-04,Air,653,86,2564.86,220577.96,Cloudy,Central,Yes,92.7,EcomExpress,Traffic,0,0,1
7095,9427.0,4.7,7.0,2024-05-13,2024-05-20,2024-05-21,Road,23,5,3097.53,15487.65,Rainy,Central,No,91.5,DHL,Weather,0,0,1
7096,5138.0,4.2,9.0,2024-05-11,2024-05-20,2024-05-22,Air,1409,43,1119.75,48149.25,Storm,Central,Yes,96.1,DHL,Traffic,0,1,0
7097,8919.0,3.2,2.0,2024-02-16,2024-02-18,2024-02-18,Air,658,61,1489.45,90856.45,Clear,East,No,75.3,BlueDart,Operational,1,0,1
7098,1595.0,4.4,10.0,2024-09-20,2024-09-30,2024-09-29,Air,291,93,1257.53,116950.29,Rainy,East,Yes,92.9,Delhivery,,1,0,1
7099,2599.0,2.7,3.0,2024-02-16,2024-02-19,2024-02-23,Road,1489,64,2425.12,155207.68,Cloudy,North,Yes,71.3,FedEx,Operational,0,0,1
7100,1949.0,4.4,9.0,2024-08-19,2024-08-28,2024-08-29,Sea,570,31,2328.48,72182.88,Storm,North,No,98.3,BlueDart,,0,0,1
7101,8742.0,3.4,10.0,2024-09-22,2024-10-02,2024-10-01,Sea,1094,37,1333.85,49352.45,Rainy,North,Yes,88.6,BlueDart,Weather,1,1,1
7102,2933.0,3.3,3.0,2024-09-02,2024-09-05,2024-09-07,Road,210,41,1881.24,77130.84,Rainy,North,Yes,88.1,BlueDart,Customs,0,0,1
7103,6629.0,3.4,8.0,2024-08-05,2024-08-13,2024-08-17,Road,854,67,4452.99,298350.33,Clear,East,No,99.3,EcomExpress,Customs,0,0,1
7104,9774.0,3.2,4.0,2024-10-19,2024-10-23,2024-10-23,Road,249,77,3142.46,241969.42,Rainy,Central,No,84.4,Delhivery,Traffic,1,1,1
7105,4194.0,4.9,2.0,2024-09-04,2024-09-06,2024-09-11,Air,1414,59,1803.22,106389.98,Rainy,North,No,86.5,EcomExpress,,0,0,1
7106,1195.0,2.9,2.0,2024-03-02,2024-03-04,2024-03-09,Air,681,31,893.62,27702.22,Clear,South,No,72.7,BlueDart,Traffic,0,1,0
7107,3748.0,3.2,9.0,2024-06-22,2024-07-01,2024-07-06,Air,415,8,560.32,4482.56,Cloudy,South,No,99.5,DHL,Customs,0,1,0
7108,9545.0,4.4,8.0,2024-03-14,2024-03-22,2024-03-22,Sea,194,15,3732.07,55981.05,Cloudy,South,No,80.6,Delhivery,Operational,1,0,1
7109,7627.0,3.4,7.0,2024-05-13,2024-05-20,2024-05-24,Air,1046,42,758.21,31844.82,Clear,North,Yes,70.5,EcomExpress,Weather,0,0,1
7110,1393.0,4.4,3.0,2024-05-12,2024-05-15,2024-05-16,Road,128,35,2640.61,92421.35,Clear,East,Yes,98.1,Delhivery,Traffic,0,1,0
7111,6039.0,4.5,2.0,2024-01-19,2024-01-21,2024-01-21,Sea,903,61,1036.87,63249.07,Clear,South,Yes,91.3,DHL,Traffic,1,0,1
7112,7529.0,2.9,9.0,2024-06-29,2024-07-08,2024-07-13,Air,56,92,4379.66,402928.72,Storm,West,No,87.8,FedEx,Weather,0,1,0
7113,2423.0,2.8,2.0,2024-02-10,2024-02-12,2024-02-11,Road,656,100,2819.46,281946.0,Storm,Central,No,95.8,Delhivery,Customs,1,1,1
7114,9268.0,3.1,10.0,2024-07-28,2024-08-07,2024-08-10,Air,147,90,2890.81,260172.9,Storm,South,No,87.9,BlueDart,Customs,0,1,0
7115,8067.0,4.6,2.0,2024-02-20,2024-02-22,2024-02-27,Sea,206,26,3156.69,82073.94,Clear,North,Yes,96.4,Delhivery,Customs,0,0,1
7116,7594.0,4.4,10.0,2024-06-01,2024-06-11,2024-06-10,Air,47,63,629.51,39659.13,Storm,West,No,80.1,EcomExpress,Traffic,1,1,1
7117,7150.0,4.6,10.0,2024-07-13,2024-07-23,2024-07-24,Air,224,32,4342.57,138962.24,Cloudy,North,No,76.9,FedEx,Operational,0,1,0
7118,4079.0,4.0,10.0,2024-03-31,2024-04-10,2024-04-12,Road,1276,44,2041.21,89813.24,Storm,Central,Yes,75.7,DHL,,0,1,0
7119,7174.0,2.8,6.0,2024-02-23,2024-02-29,2024-02-28,Air,948,33,4861.55,160431.15,Cloudy,East,No,73.4,FedEx,Operational,1,0,1
7120,7856.0,2.9,7.0,2024-06-16,2024-06-23,2024-06-27,Sea,358,36,2329.67,83868.12,Clear,North,Yes,97.2,EcomExpress,Customs,0,1,0
7121,1865.0,4.8,5.0,2024-06-12,2024-06-17,2024-06-20,Road,815,5,4425.93,22129.65,Rainy,Central,Yes,89.4,Delhivery,Operational,0,0,1
7122,7626.0,4.8,9.0,2024-02-04,2024-02-13,2024-02-12,Air,453,75,3198.14,239860.5,Rainy,West,Yes,87.8,Delhivery,Operational,1,1,1
7123,6079.0,3.8,9.0,2024-05-26,2024-06-04,2024-06-07,Road,106,12,2034.78,24417.36,Clear,West,Yes,89.1,FedEx,Customs,0,1,0
7124,8443.0,4.4,6.0,2024-06-28,2024-07-04,2024-07-07,Sea,203,18,1339.83,24116.94,Cloudy,South,Yes,85.2,EcomExpress,Operational,0,0,1
7125,1264.0,4.2,10.0,2024-06-25,2024-07-05,2024-07-10,Sea,1079,8,428.72,3429.76,Clear,South,No,84.5,EcomExpress,Operational,0,0,1
7126,8683.0,3.4,6.0,2024-04-15,2024-04-21,2024-04-24,Road,129,41,4565.09,187168.69,Clear,Central,No,94.0,BlueDart,Operational,0,0,1
7127,3693.0,4.4,5.0,2024-10-27,2024-11-01,2024-11-05,Air,1233,73,239.78,17503.94,Storm,Central,Yes,92.7,BlueDart,Weather,0,1,0
7128,5980.0,3.9,8.0,2024-04-09,2024-04-17,2024-04-19,Road,1081,39,3281.11,127963.29,Cloudy,Central,Yes,71.9,Delhivery,Operational,0,0,1
7129,4144.0,2.9,3.0,2024-01-04,2024-01-07,2024-01-11,Sea,1341,49,138.01,6762.49,Cloudy,West,No,91.1,FedEx,Traffic,0,0,1
7130,8171.0,4.5,5.0,2024-10-28,2024-11-02,2024-11-04,Road,1476,34,2457.37,83550.58,Clear,West,No,84.4,FedEx,Traffic,0,0,1
7131,4277.0,4.8,3.0,2024-09-04,2024-09-07,2024-09-09,Road,360,38,3929.94,149337.72,Rainy,South,No,87.0,BlueDart,Weather,0,0,1
7132,8801.0,2.9,7.0,2024-04-26,2024-05-03,2024-05-07,Air,867,4,4835.16,19340.64,Cloudy,West,Yes,76.6,BlueDart,Operational,0,0,1
7133,9197.0,4.4,3.0,2024-04-29,2024-05-02,2024-05-01,Road,1265,89,1288.83,114705.87,Storm,Central,Yes,72.2,DHL,Customs,1,0,1
7134,3486.0,4.1,5.0,2024-08-30,2024-09-04,2024-09-09,Sea,849,52,2195.2,114150.4,Cloudy,West,Yes,99.7,Delhivery,Operational,0,0,1
7135,3726.0,4.4,5.0,2024-06-01,2024-06-06,2024-06-06,Road,760,20,4333.15,86663.0,Rainy,East,Yes,95.7,EcomExpress,Customs,1,1,1
7136,7130.0,4.1,10.0,2024-06-10,2024-06-20,2024-06-24,Air,984,51,4666.74,238003.74,Rainy,South,Yes,73.9,BlueDart,Weather,0,0,1
7137,6993.0,4.5,6.0,2024-01-07,2024-01-13,2024-01-12,Road,355,12,4400.29,52803.48,Clear,Central,Yes,75.2,FedEx,Customs,1,1,1
7138,5218.0,4.1,2.0,2024-07-11,2024-07-13,2024-07-15,Road,387,48,1835.44,88101.12,Rainy,West,No,91.0,EcomExpress,Traffic,0,0,1
7139,9927.0,3.7,4.0,2024-06-06,2024-06-10,2024-06-15,Road,1198,78,4009.42,312734.76,Cloudy,West,No,86.2,Delhivery,Traffic,0,0,1
7140,2975.0,4.2,7.0,2024-10-14,2024-10-21,2024-10-23,Road,1128,78,3212.29,250558.62,Rainy,West,No,95.3,DHL,Operational,0,0,1
7141,3447.0,4.0,10.0,2024-01-28,2024-02-07,2024-02-06,Road,1124,55,2992.66,164596.3,Rainy,East,Yes,98.3,DHL,,1,1,1
7142,9084.0,2.6,4.0,2024-07-05,2024-07-09,2024-07-08,Sea,314,100,2938.24,293824.0,Cloudy,East,Yes,71.0,EcomExpress,Weather,1,0,1
7143,2352.0,4.6,8.0,2024-09-24,2024-10-02,2024-10-04,Sea,271,70,712.1,49847.0,Cloudy,West,Yes,95.9,BlueDart,,0,0,1
7144,3602.0,2.7,7.0,2024-09-18,2024-09-25,2024-09-26,Air,1358,54,4219.53,227854.62,Clear,East,No,94.8,BlueDart,Traffic,0,0,1
7145,1778.0,4.1,4.0,2024-02-21,2024-02-25,2024-02-27,Road,1268,70,1773.29,124130.3,Clear,South,No,79.3,FedEx,Traffic,0,0,1
7146,8143.0,4.0,8.0,2024-10-21,2024-10-29,2024-11-01,Sea,1296,86,3654.05,314248.3,Cloudy,South,No,84.2,DHL,Operational,0,0,1
7147,6844.0,2.9,4.0,2024-03-25,2024-03-29,2024-04-01,Sea,584,61,1699.25,103654.25,Storm,North,No,95.9,BlueDart,Weather,0,0,1
7148,6202.0,3.7,2.0,2024-07-28,2024-07-30,2024-07-30,Sea,1444,31,2246.77,69649.87,Cloudy,Central,Yes,84.6,FedEx,Weather,1,1,1
7149,9067.0,4.2,3.0,2024-03-08,2024-03-11,2024-03-13,Road,693,99,3151.74,312022.26,Clear,West,No,71.2,FedEx,Traffic,0,0,1
7150,5328.0,4.7,10.0,2024-06-17,2024-06-27,2024-06-29,Air,637,33,539.24,17794.92,Clear,South,Yes,98.9,BlueDart,Traffic,0,0,1
7151,8973.0,3.2,3.0,2024-07-02,2024-07-05,2024-07-09,Air,1215,53,868.39,46024.67,Rainy,Central,Yes,70.1,BlueDart,Operational,0,0,1
7152,8009.0,2.9,7.0,2024-02-14,2024-02-21,2024-02-23,Road,761,51,523.49,26697.99,Storm,West,Yes,95.3,Delhivery,Weather,0,0,1
7153,5828.0,3.0,4.0,2024-07-08,2024-07-12,2024-07-13,Road,1427,29,2552.11,74011.19,Rainy,West,Yes,78.0,BlueDart,Traffic,0,0,1
7154,5102.0,2.8,10.0,2024-03-23,2024-04-02,2024-04-05,Road,146,92,988.39,90931.88,Storm,West,No,94.2,Delhivery,,0,1,0
7155,1643.0,3.2,8.0,2024-05-07,2024-05-15,2024-05-15,Air,301,11,3734.89,41083.79,Storm,East,No,95.4,FedEx,,1,0,1
7156,3992.0,3.4,7.0,2024-07-03,2024-07-10,2024-07-09,Sea,1157,31,2161.18,66996.58,Rainy,North,Yes,78.6,BlueDart,,1,0,1
7157,8039.0,2.8,9.0,2024-05-02,2024-05-11,2024-05-10,Air,25,30,4656.99,139709.7,Cloudy,South,No,88.7,Delhivery,Operational,1,0,1
7158,1839.0,4.2,10.0,2024-08-13,2024-08-23,2024-08-25,Road,807,78,4940.88,385388.64,Clear,East,Yes,92.0,FedEx,Customs,0,0,1
7159,5561.0,4.6,7.0,2024-05-18,2024-05-25,2024-05-24,Road,1375,91,1172.25,106674.75,Storm,East,No,99.7,EcomExpress,,1,1,1
7160,6513.0,4.7,4.0,2024-07-04,2024-07-08,2024-07-11,Air,693,97,2296.81,222790.57,Clear,East,No,93.6,Delhivery,Traffic,0,0,1
7161,3325.0,3.1,6.0,2024-02-06,2024-02-12,2024-02-11,Sea,691,70,3392.5,237475.0,Cloudy,West,No,73.2,FedEx,Customs,1,0,1
7162,3441.0,3.0,3.0,2024-04-16,2024-04-19,2024-04-23,Air,1481,18,3172.46,57104.28,Cloudy,North,No,73.5,EcomExpress,Traffic,0,0,1
7163,2574.0,2.6,2.0,2024-04-13,2024-04-15,2024-04-18,Road,1173,25,4990.77,124769.25,Clear,North,Yes,91.6,DHL,Traffic,0,1,0
7164,4031.0,4.9,3.0,2024-11-10,2024-11-13,2024-11-12,Sea,780,89,4124.49,367079.61,Clear,East,Yes,84.1,FedEx,Weather,1,1,1
7165,3013.0,3.6,2.0,2024-05-08,2024-05-10,2024-05-15,Air,913,89,3344.28,297640.92,Rainy,West,No,93.3,BlueDart,Traffic,0,0,1
7166,9950.0,3.4,7.0,2024-04-02,2024-04-09,2024-04-08,Sea,914,2,775.79,1551.58,Rainy,West,Yes,92.2,FedEx,Traffic,1,0,1
7167,9088.0,4.6,8.0,2024-10-29,2024-11-06,2024-11-06,Air,118,72,2944.67,212016.24,Cloudy,West,No,77.7,Delhivery,Traffic,1,0,1
7168,1731.0,4.0,10.0,2024-06-30,2024-07-10,2024-07-12,Road,470,45,1031.7,46426.5,Rainy,West,No,96.0,FedEx,Weather,0,1,0
7169,3665.0,3.4,2.0,2024-09-17,2024-09-19,2024-09-22,Road,276,98,1244.75,121985.5,Clear,Central,No,96.3,DHL,Weather,0,0,1
7170,4647.0,4.9,6.0,2024-05-02,2024-05-08,2024-05-13,Sea,1054,26,743.8,19338.8,Storm,East,No,98.1,DHL,Traffic,0,0,1
7171,5525.0,4.7,5.0,2024-05-16,2024-05-21,2024-05-26,Road,608,14,2269.79,31777.06,Rainy,South,Yes,86.5,EcomExpress,Traffic,0,0,1
7172,3167.0,4.2,6.0,2024-10-18,2024-10-24,2024-10-25,Air,1241,61,845.73,51589.53,Cloudy,Central,No,72.4,DHL,Operational,0,0,1
7173,5318.0,3.2,7.0,2024-01-17,2024-01-24,2024-01-26,Road,1242,66,1593.02,105139.32,Rainy,Central,Yes,72.3,Delhivery,Traffic,0,0,1
7174,7564.0,3.6,4.0,2024-07-30,2024-08-03,2024-08-08,Air,657,50,199.88,9994.0,Clear,East,Yes,94.2,DHL,Customs,0,0,1
7175,3614.0,3.5,9.0,2024-09-28,2024-10-07,2024-10-07,Road,623,25,2655.7,66392.5,Rainy,South,Yes,75.2,DHL,Traffic,1,1,1
7176,6466.0,3.5,9.0,2024-05-17,2024-05-26,2024-05-28,Air,433,17,4549.05,77333.85,Clear,West,No,79.4,EcomExpress,Weather,0,0,1
7177,6361.0,2.7,3.0,2024-06-25,2024-06-28,2024-06-30,Air,10,95,4478.49,425456.55,Storm,East,Yes,85.8,Delhivery,Operational,0,0,1
7178,4546.0,4.3,4.0,2024-03-29,2024-04-02,2024-04-01,Road,366,81,268.09,21715.29,Storm,South,Yes,86.4,Delhivery,Traffic,1,0,1
7179,9875.0,2.7,10.0,2024-10-07,2024-10-17,2024-10-16,Road,1140,44,3177.91,139828.04,Storm,South,No,89.4,Delhivery,Traffic,1,0,1
7180,6761.0,4.3,8.0,2024-02-17,2024-02-25,2024-03-01,Air,238,64,1322.48,84638.72,Clear,Central,Yes,98.5,Delhivery,,0,1,0
7181,6509.0,3.3,2.0,2024-05-17,2024-05-19,2024-05-24,Sea,207,80,3569.46,285556.8,Cloudy,South,No,86.3,DHL,Weather,0,0,1
7182,2127.0,4.0,7.0,2024-04-27,2024-05-04,2024-05-08,Road,1191,49,981.95,48115.55,Rainy,North,Yes,82.1,EcomExpress,,0,1,0
7183,3655.0,2.8,3.0,2024-02-04,2024-02-07,2024-02-06,Air,520,76,772.02,58673.52,Clear,East,Yes,75.6,FedEx,,1,1,1
7184,7515.0,4.9,8.0,2024-03-02,2024-03-10,2024-03-09,Road,188,32,4642.15,148548.8,Rainy,Central,No,90.5,FedEx,Traffic,1,1,1
7185,1545.0,4.9,10.0,2024-02-25,2024-03-06,2024-03-09,Road,947,68,4710.06,320284.08,Storm,East,No,85.5,Delhivery,,0,1,0
7186,5435.0,3.1,8.0,2024-01-13,2024-01-21,2024-01-21,Air,120,44,486.69,21414.36,Storm,West,Yes,90.0,Delhivery,Traffic,1,1,1
7187,4174.0,4.6,8.0,2024-01-28,2024-02-05,2024-02-06,Air,945,71,2674.93,189920.03,Storm,West,Yes,73.1,FedEx,Traffic,0,1,0
7188,7408.0,5.0,8.0,2024-05-11,2024-05-19,2024-05-23,Air,733,80,621.11,49688.8,Storm,West,No,72.7,DHL,,0,1,0
7189,3964.0,4.2,5.0,2024-05-26,2024-05-31,2024-06-02,Air,499,85,2052.69,174478.65,Clear,North,Yes,72.1,Delhivery,Traffic,0,1,0
7190,9744.0,3.1,2.0,2024-04-05,2024-04-07,2024-04-06,Road,1196,96,1490.06,143045.76,Storm,North,Yes,83.5,EcomExpress,Weather,1,0,1
7191,3072.0,3.0,10.0,2024-05-25,2024-06-04,2024-06-07,Road,1419,19,3885.1,73816.9,Clear,West,No,96.8,EcomExpress,,0,1,0
7192,1241.0,4.2,3.0,2024-05-04,2024-05-07,2024-05-11,Road,70,23,3381.68,77778.64,Rainy,North,No,91.3,FedEx,Weather,0,1,0
7193,9667.0,3.7,5.0,2024-01-31,2024-02-05,2024-02-06,Road,774,22,4722.58,103896.76,Rainy,Central,No,80.7,Delhivery,Traffic,0,0,1
7194,9911.0,4.5,7.0,2024-01-18,2024-01-25,2024-01-26,Road,1461,28,123.49,3457.72,Cloudy,West,No,85.4,FedEx,Operational,0,0,1
7195,9088.0,3.8,3.0,2024-08-02,2024-08-05,2024-08-10,Road,446,35,2610.18,91356.3,Rainy,North,Yes,88.3,DHL,Weather,0,0,1
7196,2908.0,3.0,7.0,2024-11-07,2024-11-14,2024-11-15,Road,1237,60,1710.76,102645.6,Rainy,North,Yes,81.5,DHL,Traffic,0,0,1
7197,2365.0,2.9,4.0,2024-05-02,2024-05-06,2024-05-07,Air,797,93,4388.41,408122.13,Cloudy,South,Yes,87.3,EcomExpress,Weather,0,0,1
7198,5758.0,2.6,8.0,2024-03-14,2024-03-22,2024-03-23,Road,983,49,4706.45,230616.05,Rainy,West,No,94.7,FedEx,,0,0,1
7199,7913.0,2.6,2.0,2024-01-31,2024-02-02,2024-02-05,Road,26,19,4392.85,83464.15,Storm,West,Yes,71.5,DHL,Operational,0,0,1
7200,7277.0,4.0,9.0,2024-08-17,2024-08-26,2024-08-26,Air,976,90,1461.84,131565.6,Storm,South,Yes,87.7,FedEx,Weather,1,1,1
7201,9665.0,4.5,5.0,2024-03-20,2024-03-25,2024-03-27,Sea,1448,36,2507.4,90266.4,Clear,Central,Yes,85.8,EcomExpress,Traffic,0,0,1
7202,8834.0,3.5,7.0,2024-07-16,2024-07-23,2024-07-22,Sea,1252,21,496.69,10430.49,Clear,East,Yes,74.6,Delhivery,Customs,1,0,1
7203,6162.0,3.0,2.0,2024-05-06,2024-05-08,2024-05-07,Air,1210,9,143.38,1290.42,Storm,South,No,80.6,FedEx,Operational,1,0,1
7204,6995.0,3.5,4.0,2024-03-02,2024-03-06,2024-03-11,Sea,1104,24,600.11,14402.64,Rainy,South,No,95.9,Delhivery,Traffic,0,1,0
7205,2033.0,3.2,6.0,2024-11-17,2024-11-23,2024-11-27,Road,240,73,1390.04,101472.92,Cloudy,Central,Yes,92.0,FedEx,Traffic,0,1,0
7206,1263.0,5.0,5.0,2024-09-02,2024-09-07,2024-09-11,Road,918,88,1918.73,168848.24,Rainy,Central,Yes,74.2,DHL,Operational,0,0,1
7207,3855.0,3.0,4.0,2024-08-02,2024-08-06,2024-08-11,Road,650,83,2639.54,219081.82,Rainy,South,Yes,90.1,DHL,Operational,0,0,1
7208,6447.0,3.0,3.0,2024-01-10,2024-01-13,2024-01-14,Road,1045,91,936.61,85231.51,Rainy,South,No,79.3,FedEx,Customs,0,0,1
7209,7351.0,2.9,10.0,2024-06-23,2024-07-03,2024-07-08,Sea,1377,56,4264.33,238802.48,Rainy,Central,No,99.6,FedEx,Customs,0,1,0
7210,5894.0,3.3,3.0,2024-08-28,2024-08-31,2024-09-01,Road,363,74,1939.85,143548.9,Rainy,South,No,85.3,DHL,Customs,0,0,1
7211,7173.0,4.9,5.0,2024-04-05,2024-04-10,2024-04-13,Sea,932,82,681.37,55872.34,Rainy,Central,Yes,91.6,BlueDart,,0,0,1
7212,2415.0,4.5,6.0,2024-01-08,2024-01-14,2024-01-18,Road,967,49,3676.71,180158.79,Cloudy,Central,Yes,96.8,FedEx,Operational,0,0,1
7213,2782.0,3.9,4.0,2024-09-26,2024-09-30,2024-09-29,Road,907,99,2983.43,295359.57,Clear,South,No,83.8,BlueDart,Weather,1,0,1
7214,2144.0,3.2,4.0,2024-07-14,2024-07-18,2024-07-20,Road,1438,93,4131.63,384241.59,Storm,Central,No,79.2,DHL,Operational,0,1,0
7215,5751.0,4.4,7.0,2024-05-07,2024-05-14,2024-05-17,Road,79,91,3798.66,345678.06,Clear,North,Yes,77.8,DHL,Customs,0,0,1
7216,4368.0,3.3,7.0,2024-07-17,2024-07-24,2024-07-25,Sea,1364,88,3572.71,314398.48,Cloudy,North,Yes,72.3,Delhivery,Customs,0,0,1
7217,7689.0,4.9,7.0,2024-08-28,2024-09-04,2024-09-03,Air,1187,68,1852.09,125942.12,Storm,North,Yes,82.5,FedEx,Customs,1,0,1
7218,7108.0,4.1,3.0,2024-02-13,2024-02-16,2024-02-20,Road,263,8,729.22,5833.76,Cloudy,East,No,89.2,Delhivery,Traffic,0,0,1
7219,7652.0,3.6,3.0,2024-03-12,2024-03-15,2024-03-17,Sea,381,9,1137.18,10234.62,Rainy,West,Yes,90.3,DHL,Weather,0,0,1
7220,8282.0,2.9,5.0,2024-02-05,2024-02-10,2024-02-15,Sea,1193,46,4298.42,197727.32,Rainy,East,No,99.7,DHL,Weather,0,0,1
7221,4379.0,3.2,10.0,2024-02-18,2024-02-28,2024-02-27,Road,505,77,3617.03,278511.31,Storm,South,No,73.9,Delhivery,Weather,1,1,1
7222,6651.0,3.4,8.0,2024-04-23,2024-05-01,2024-05-05,Sea,1380,66,4590.63,302981.58,Rainy,North,Yes,92.7,EcomExpress,Operational,0,0,1
7223,7040.0,3.0,9.0,2024-01-03,2024-01-12,2024-01-17,Road,1135,97,1483.3,143880.1,Storm,Central,No,94.8,DHL,,0,0,1
7224,6424.0,3.4,2.0,2024-08-15,2024-08-17,2024-08-18,Road,1464,84,3843.07,322817.88,Clear,East,Yes,86.4,Delhivery,Customs,0,0,1
7225,3295.0,4.8,10.0,2024-11-02,2024-11-12,2024-11-12,Road,899,59,2232.13,131695.67,Cloudy,West,No,88.4,BlueDart,Weather,1,1,1
7226,7206.0,3.5,6.0,2024-07-07,2024-07-13,2024-07-13,Air,1403,51,4327.27,220690.77,Storm,North,No,98.8,BlueDart,Weather,1,1,1
7227,9709.0,4.9,6.0,2024-03-17,2024-03-23,2024-03-28,Road,1100,94,517.81,48674.14,Cloudy,South,Yes,81.5,EcomExpress,Operational,0,1,0
7228,2029.0,3.8,3.0,2024-08-12,2024-08-15,2024-08-15,Air,619,49,1112.96,54535.04,Cloudy,North,No,71.7,Delhivery,Customs,1,0,1
7229,5558.0,3.4,10.0,2024-07-29,2024-08-08,2024-08-09,Sea,511,17,3531.5,60035.5,Rainy,South,No,71.3,Delhivery,,0,0,1
7230,1913.0,4.1,9.0,2024-05-13,2024-05-22,2024-05-26,Sea,863,21,4176.84,87713.64,Storm,North,No,92.7,EcomExpress,Customs,0,0,1
7231,6761.0,3.8,2.0,2024-11-03,2024-11-05,2024-11-10,Road,945,61,3224.51,196695.11,Storm,North,Yes,95.0,EcomExpress,Traffic,0,1,0
7232,3670.0,3.6,5.0,2024-08-26,2024-08-31,2024-09-03,Road,600,69,1694.07,116890.83,Cloudy,Central,No,92.8,BlueDart,Weather,0,0,1
7233,1981.0,2.8,5.0,2024-04-02,2024-04-07,2024-04-07,Sea,77,17,3275.7,55686.9,Clear,Central,Yes,76.1,DHL,Customs,1,0,1
7234,3082.0,2.6,8.0,2024-01-07,2024-01-15,2024-01-15,Road,1329,61,1524.66,93004.26,Rainy,West,Yes,78.0,DHL,Operational,1,1,1
7235,,3.5,,2024-08-19,2024-08-29,2024-08-28,Air,1200,23,4379.01,,Cloudy,West,No,78.3,FedEx,Weather,1,0,1
7236,7512.0,4.8,9.0,2024-03-25,2024-04-03,2024-04-08,Air,731,70,3102.17,217151.9,Storm,Central,No,73.6,DHL,Weather,0,0,1
7237,4191.0,3.9,9.0,2024-05-29,2024-06-07,2024-06-12,Air,523,58,4144.92,240405.36,Clear,East,Yes,95.1,BlueDart,Operational,0,0,1
7238,7477.0,2.8,4.0,2024-07-15,2024-07-19,2024-07-24,Air,660,49,2108.24,103303.76,Cloudy,North,No,74.6,BlueDart,Traffic,0,0,1
7239,2501.0,3.8,10.0,2024-02-19,2024-02-29,2024-03-04,Sea,1182,56,1728.95,96821.2,Rainy,South,Yes,93.0,Delhivery,Weather,0,0,1
7240,3808.0,4.8,3.0,2024-05-19,2024-05-22,2024-05-26,Road,784,36,1434.41,51638.76,Cloudy,North,Yes,81.5,DHL,,0,1,0
7241,8034.0,4.3,2.0,2024-05-16,2024-05-18,2024-05-18,Road,1455,58,2504.77,145276.66,Clear,West,No,88.6,Delhivery,Traffic,1,0,1
7242,7009.0,3.5,5.0,2024-03-02,2024-03-07,2024-03-06,Sea,242,42,2422.64,101750.88,Clear,Central,No,85.9,BlueDart,Customs,1,1,1
7243,4929.0,4.0,6.0,2024-06-09,2024-06-15,2024-06-17,Sea,28,91,663.87,60412.17,Rainy,East,Yes,94.4,BlueDart,Operational,0,1,0
7244,7456.0,4.8,4.0,2024-07-07,2024-07-11,2024-07-16,Road,703,35,1771.13,61989.55,Cloudy,North,No,80.4,BlueDart,Traffic,0,1,0
7245,6265.0,3.2,8.0,2024-07-18,2024-07-26,2024-07-27,Sea,1293,24,3442.38,82617.12,Storm,East,Yes,88.9,DHL,Traffic,0,0,1
7246,9093.0,4.7,6.0,2024-03-15,2024-03-21,2024-03-21,Road,865,13,2028.65,26372.45,Cloudy,Central,Yes,98.3,EcomExpress,Operational,1,0,1
7247,3010.0,4.0,5.0,2024-08-01,2024-08-06,2024-08-08,Sea,1439,85,1073.05,91209.25,Clear,West,Yes,75.2,DHL,Operational,0,0,1
7248,7846.0,3.7,3.0,2024-10-02,2024-10-05,2024-10-04,Road,409,50,2134.98,106749.0,Cloudy,West,Yes,76.3,FedEx,Traffic,1,0,1
7249,6155.0,2.7,10.0,2024-04-06,2024-04-16,2024-04-20,Road,748,11,4696.02,51656.22,Storm,West,Yes,97.6,BlueDart,Weather,0,1,0
7250,9712.0,2.7,4.0,2024-01-04,2024-01-08,2024-01-12,Sea,236,39,4618.68,180128.52,Rainy,South,No,95.3,FedEx,Weather,0,0,1
7251,9762.0,2.6,2.0,2024-03-30,2024-04-01,2024-04-02,Sea,119,12,932.97,11195.64,Storm,West,No,96.3,EcomExpress,Traffic,0,1,0
7252,1282.0,4.4,6.0,2024-04-22,2024-04-28,2024-04-30,Sea,543,34,1522.58,51767.72,Clear,North,Yes,92.6,Delhivery,Operational,0,0,1
7253,3639.0,3.6,8.0,2024-05-27,2024-06-04,2024-06-04,Sea,853,25,311.26,7781.5,Clear,Central,No,80.8,Delhivery,Operational,1,0,1
7254,3348.0,3.7,3.0,2024-08-28,2024-08-31,2024-09-03,Sea,277,37,2665.64,98628.68,Clear,West,Yes,89.9,DHL,Traffic,0,0,1
7255,9619.0,2.5,4.0,2024-09-16,2024-09-20,2024-09-19,Road,1258,73,173.55,12669.15,Rainy,West,No,84.4,EcomExpress,Operational,1,0,1
7256,6158.0,3.5,8.0,2024-11-04,2024-11-12,2024-11-14,Road,1462,73,1352.82,98755.86,Clear,Central,No,82.6,EcomExpress,Operational,0,0,1
7257,4777.0,4.8,9.0,2024-01-19,2024-01-28,2024-02-01,Sea,728,73,4247.25,310049.25,Rainy,West,No,88.3,Delhivery,Customs,0,0,1
7258,5534.0,4.5,5.0,2024-04-23,2024-04-28,2024-04-27,Sea,1284,50,1503.94,75197.0,Cloudy,North,No,71.3,BlueDart,Traffic,1,0,1
7259,8807.0,3.7,7.0,2024-08-21,2024-08-28,2024-08-28,Road,95,50,2225.54,111277.0,Clear,East,Yes,92.8,EcomExpress,Operational,1,0,1
7260,9241.0,4.7,2.0,2024-05-30,2024-06-01,2024-06-06,Road,114,53,871.81,46205.93,Cloudy,South,No,89.5,FedEx,Weather,0,0,1
7261,3071.0,4.1,4.0,2024-04-29,2024-05-03,2024-05-02,Sea,374,55,1576.74,86720.7,Cloudy,South,Yes,99.7,EcomExpress,Traffic,1,0,1
7262,1634.0,3.9,6.0,2024-07-26,2024-08-01,2024-08-01,Air,1356,86,3133.09,269445.74,Rainy,South,Yes,78.1,BlueDart,Weather,1,0,1
7263,5792.0,3.3,5.0,2024-03-18,2024-03-23,2024-03-25,Air,86,4,1833.43,7333.72,Storm,East,No,81.8,EcomExpress,Weather,0,0,1
7264,3820.0,2.6,7.0,2024-05-08,2024-05-15,2024-05-19,Air,832,78,2367.79,184687.62,Storm,Central,Yes,94.8,EcomExpress,Operational,0,0,1
7265,5857.0,4.8,2.0,2024-01-21,2024-01-23,2024-01-25,Sea,1425,93,2386.87,221978.91,Clear,South,No,93.9,Delhivery,,0,1,0
7266,1844.0,3.9,3.0,2024-03-03,2024-03-06,2024-03-10,Road,672,70,3722.53,260577.1,Storm,West,No,78.4,FedEx,Traffic,0,1,0
7267,5481.0,2.8,4.0,2024-02-17,2024-02-21,2024-02-25,Road,226,31,4959.84,153755.04,Cloudy,North,No,79.6,FedEx,Customs,0,1,0
7268,8296.0,4.6,7.0,2024-07-22,2024-07-29,2024-07-30,Road,580,66,127.52,8416.32,Storm,North,No,90.2,DHL,Weather,0,0,1
7269,8325.0,3.4,4.0,2024-03-18,2024-03-22,2024-03-26,Road,920,75,1819.54,136465.5,Cloudy,Central,No,95.7,Delhivery,,0,0,1
7270,3920.0,4.6,9.0,2024-04-04,2024-04-13,2024-04-17,Road,1479,4,2880.2,11520.8,Rainy,Central,No,96.5,DHL,Customs,0,0,1
7271,4708.0,4.5,2.0,2024-08-18,2024-08-20,2024-08-20,Sea,765,69,3777.19,260626.11,Clear,Central,Yes,83.8,BlueDart,Customs,1,1,1
7272,5706.0,5.0,6.0,2024-02-22,2024-02-28,2024-03-03,Air,406,78,4029.83,314326.74,Storm,Central,No,71.8,EcomExpress,Traffic,0,0,1
7273,4422.0,2.6,2.0,2024-06-30,2024-07-02,2024-07-01,Road,69,73,3395.54,247874.42,Clear,West,Yes,75.6,EcomExpress,Weather,1,1,1
7274,2689.0,2.8,4.0,2024-01-31,2024-02-04,2024-02-03,Road,1500,40,2262.1,90484.0,Clear,North,No,71.3,EcomExpress,Operational,1,0,1
7275,6864.0,4.4,9.0,2024-04-15,2024-04-24,2024-04-24,Air,1457,67,1503.54,100737.18,Rainy,West,No,91.3,FedEx,Weather,1,0,1
7276,8156.0,4.9,6.0,2024-05-14,2024-05-20,2024-05-25,Air,581,96,3813.1,366057.6,Rainy,Central,No,88.4,EcomExpress,Traffic,0,0,1
7277,9061.0,2.7,10.0,2024-04-05,2024-04-15,2024-04-18,Road,1309,66,4137.41,273069.06,Storm,South,No,86.5,Delhivery,Customs,0,0,1
7278,1353.0,4.9,7.0,2024-01-06,2024-01-13,2024-01-15,Road,481,55,2782.64,153045.2,Cloudy,South,Yes,81.8,FedEx,Customs,0,1,0
7279,1498.0,3.1,7.0,2024-02-04,2024-02-11,2024-02-15,Sea,787,44,778.08,34235.52,Rainy,South,No,98.2,BlueDart,Traffic,0,1,0
7280,6259.0,2.8,9.0,2024-08-24,2024-09-02,2024-09-02,Air,844,100,1676.56,167656.0,Cloudy,South,Yes,89.2,DHL,,1,1,1
7281,5709.0,4.0,2.0,2024-03-23,2024-03-25,2024-03-25,Sea,1328,25,4265.61,106640.25,Storm,North,Yes,71.9,DHL,Customs,1,1,1
7282,1086.0,5.0,3.0,2024-03-19,2024-03-22,2024-03-24,Road,1364,52,3940.66,204914.32,Clear,Central,No,79.4,BlueDart,Customs,0,0,1
7283,6073.0,4.1,3.0,2024-02-29,2024-03-03,2024-03-08,Road,1181,33,2960.64,97701.12,Storm,South,Yes,96.0,EcomExpress,,0,0,1
7284,7875.0,4.6,5.0,2024-02-27,2024-03-03,2024-03-07,Sea,586,19,2474.79,47021.01,Clear,West,Yes,83.4,Delhivery,Customs,0,0,1
7285,5550.0,4.9,4.0,2024-11-21,2024-11-25,2024-11-26,Road,216,3,3361.44,10084.32,Cloudy,South,No,93.7,BlueDart,Weather,0,0,1
7286,7772.0,2.5,9.0,2024-04-09,2024-04-18,2024-04-21,Air,859,66,3926.87,259173.42,Cloudy,West,Yes,73.9,DHL,Weather,0,0,1
7287,9313.0,3.9,8.0,2024-04-01,2024-04-09,2024-04-08,Air,789,19,1757.87,33399.53,Rainy,Central,No,76.8,DHL,,1,0,1
7288,4548.0,3.9,7.0,2024-04-04,2024-04-11,2024-04-10,Air,335,63,1272.95,80195.85,Rainy,South,No,85.3,Delhivery,Customs,1,0,1
7289,5751.0,3.7,8.0,2024-04-16,2024-04-24,2024-04-28,Sea,160,93,2069.15,192430.95,Clear,East,Yes,76.4,EcomExpress,Weather,0,0,1
7290,3687.0,3.7,2.0,2024-05-10,2024-05-12,2024-05-16,Sea,1202,35,3529.61,123536.35,Storm,Central,Yes,86.6,DHL,Traffic,0,0,1
7291,5204.0,4.3,9.0,2024-08-26,2024-09-04,2024-09-03,Sea,1139,70,744.83,52138.1,Clear,East,Yes,82.4,BlueDart,Customs,1,0,1
7292,8651.0,2.8,9.0,2024-08-02,2024-08-11,2024-08-16,Sea,546,13,2359.24,30670.12,Clear,West,Yes,81.0,BlueDart,Weather,0,0,1
7293,5468.0,4.2,2.0,2024-08-25,2024-08-27,2024-08-26,Road,930,18,3863.92,69550.56,Cloudy,North,No,71.3,FedEx,,1,1,1
7294,2258.0,4.4,2.0,2024-09-06,2024-09-08,2024-09-10,Air,87,60,4897.58,293854.8,Cloudy,South,Yes,82.6,EcomExpress,Traffic,0,0,1
7295,8323.0,3.4,8.0,2024-07-11,2024-07-19,2024-07-21,Air,494,91,3201.58,291343.78,Cloudy,East,No,98.2,DHL,Customs,0,0,1
7296,6120.0,4.5,9.0,2024-06-14,2024-06-23,2024-06-26,Air,465,25,2142.15,53553.75,Cloudy,West,Yes,74.5,EcomExpress,Operational,0,0,1
7297,5553.0,3.6,4.0,2024-11-21,2024-11-25,2024-11-26,Road,249,5,2662.88,13314.4,Rainy,North,Yes,77.3,FedEx,Operational,0,0,1
7298,9572.0,3.9,5.0,2024-05-23,2024-05-28,2024-05-31,Air,263,1,609.17,609.17,Storm,West,Yes,85.0,BlueDart,Customs,0,0,1
7299,8840.0,2.6,3.0,2024-08-09,2024-08-12,2024-08-13,Sea,368,79,2306.23,182192.17,Clear,North,No,98.7,FedEx,Traffic,0,0,1
7300,2876.0,2.9,4.0,2024-07-05,2024-07-09,2024-07-10,Air,1494,4,3781.2,15124.8,Storm,North,Yes,94.9,BlueDart,Customs,0,0,1
7301,5885.0,3.7,4.0,2024-07-22,2024-07-26,2024-07-28,Sea,183,32,4215.34,134890.88,Cloudy,East,No,96.3,DHL,Traffic,0,0,1
7302,8453.0,3.7,7.0,2024-04-30,2024-05-07,2024-05-08,Air,223,64,1294.15,82825.6,Clear,North,No,98.7,BlueDart,Traffic,0,0,1
7303,2813.0,3.1,9.0,2024-04-19,2024-04-28,2024-04-27,Air,769,30,267.78,8033.4,Cloudy,South,Yes,96.6,BlueDart,Traffic,1,0,1
7304,3848.0,2.5,8.0,2024-08-14,2024-08-22,2024-08-26,Air,914,10,2695.56,26955.6,Clear,Central,No,94.9,DHL,,0,0,1
7305,5592.0,4.2,5.0,2024-03-04,2024-03-09,2024-03-10,Air,995,62,4958.37,307418.94,Clear,North,Yes,87.2,FedEx,Customs,0,0,1
7306,2176.0,3.5,3.0,2024-03-27,2024-03-30,2024-04-01,Road,1336,95,1752.22,166460.9,Cloudy,South,Yes,91.3,BlueDart,Customs,0,0,1
7307,4844.0,4.4,5.0,2024-09-23,2024-09-28,2024-09-28,Road,472,77,4832.92,372134.84,Storm,Central,Yes,87.4,BlueDart,,1,0,1
7308,2659.0,3.5,2.0,2024-11-14,2024-11-16,2024-11-16,Road,1223,99,4836.91,478854.09,Cloudy,South,No,88.9,BlueDart,Traffic,1,0,1
7309,4465.0,4.4,10.0,2024-03-07,2024-03-17,2024-03-18,Road,796,58,2126.33,123327.14,Clear,East,No,88.5,EcomExpress,Weather,0,0,1
7310,2156.0,3.3,3.0,2024-08-22,2024-08-25,2024-08-26,Road,922,51,610.25,31122.75,Storm,North,Yes,74.7,BlueDart,Weather,0,0,1
7311,1081.0,3.0,9.0,2024-04-01,2024-04-10,2024-04-15,Road,1480,39,1315.7,51312.3,Rainy,East,No,77.4,EcomExpress,Weather,0,0,1
7312,1283.0,4.5,4.0,2024-03-14,2024-03-18,2024-03-19,Air,1192,12,2214.48,26573.76,Rainy,West,Yes,82.1,EcomExpress,,0,0,1
7313,8358.0,3.2,7.0,2024-09-22,2024-09-29,2024-09-28,Road,32,57,2333.71,133021.47,Cloudy,South,Yes,77.3,DHL,Operational,1,1,1
7314,4115.0,4.1,9.0,2024-07-19,2024-07-28,2024-07-29,Road,1098,42,938.74,39427.08,Rainy,Central,Yes,86.5,EcomExpress,,0,0,1
7315,1610.0,4.1,3.0,2024-05-20,2024-05-23,2024-05-23,Sea,1173,76,4039.24,306982.24,Storm,East,Yes,91.2,BlueDart,Weather,1,0,1
7316,6896.0,3.2,9.0,2024-01-01,2024-01-10,2024-01-13,Sea,602,29,3138.05,91003.45,Storm,North,Yes,94.9,BlueDart,Traffic,0,0,1
7317,6984.0,4.1,5.0,2024-02-13,2024-02-18,2024-02-18,Road,1406,13,1892.78,24606.14,Clear,Central,No,95.8,Delhivery,Customs,1,0,1
7318,3708.0,4.1,6.0,2024-10-14,2024-10-20,2024-10-25,Air,1065,83,2113.29,175403.07,Storm,South,No,98.2,EcomExpress,,0,0,1
7319,7421.0,4.5,8.0,2024-10-13,2024-10-21,2024-10-22,Road,1308,41,1282.55,52584.55,Storm,Central,Yes,94.2,BlueDart,,0,1,0
7320,9972.0,3.1,3.0,2024-06-29,2024-07-02,2024-07-04,Road,438,36,4102.78,147700.08,Rainy,South,No,93.6,DHL,Customs,0,1,0
7321,1647.0,2.6,9.0,2024-07-14,2024-07-23,2024-07-23,Air,765,73,4290.0,313170.0,Rainy,Central,Yes,71.2,DHL,Traffic,1,1,1
7322,5286.0,3.7,10.0,2024-01-13,2024-01-23,2024-01-28,Sea,352,35,183.43,6420.05,Storm,Central,Yes,89.7,BlueDart,,0,1,0
7323,8044.0,4.4,8.0,2024-02-17,2024-02-25,2024-02-27,Sea,796,14,136.83,1915.62,Cloudy,South,Yes,74.1,FedEx,,0,1,0
7324,6297.0,3.7,6.0,2024-07-05,2024-07-11,2024-07-11,Sea,956,69,3275.74,226026.06,Rainy,East,Yes,94.7,DHL,,1,0,1
7325,9305.0,4.2,4.0,2024-07-18,2024-07-22,2024-07-23,Road,645,25,1642.42,41060.5,Cloudy,South,No,99.1,DHL,Customs,0,0,1
7326,2151.0,2.8,9.0,2024-11-19,2024-11-28,2024-11-27,Road,780,7,3006.52,21045.64,Rainy,Central,No,98.7,Delhivery,Traffic,1,0,1
7327,5163.0,4.3,6.0,2024-01-06,2024-01-12,2024-01-15,Air,463,45,2625.16,118132.2,Rainy,South,Yes,78.4,Delhivery,Operational,0,1,0
7328,3341.0,4.2,4.0,2024-07-25,2024-07-29,2024-07-28,Road,286,7,1559.6,10917.2,Rainy,East,Yes,80.0,BlueDart,Weather,1,0,1
7329,5714.0,3.6,9.0,2024-03-06,2024-03-15,2024-03-15,Sea,393,68,3550.53,241436.04,Storm,South,No,89.0,EcomExpress,Customs,1,0,1
7330,2477.0,3.4,4.0,2024-04-12,2024-04-16,2024-04-21,Road,664,41,3298.8,135250.8,Rainy,North,No,98.0,DHL,,0,0,1
7331,2119.0,4.2,3.0,2024-05-03,2024-05-06,2024-05-06,Sea,339,29,1073.27,31124.83,Cloudy,East,Yes,96.6,DHL,Customs,1,0,1
7332,3792.0,5.0,4.0,2024-02-03,2024-02-07,2024-02-06,Air,530,14,1979.94,27719.16,Storm,Central,No,79.2,EcomExpress,Customs,1,1,1
7333,5542.0,3.6,6.0,2024-02-12,2024-02-18,2024-02-19,Road,35,1,4545.63,4545.63,Rainy,West,Yes,96.0,BlueDart,Traffic,0,0,1
7334,,3.5,,2024-03-26,2024-03-31,2024-03-30,Air,336,38,3777.01,,Cloudy,North,Yes,76.0,BlueDart,,1,0,1
7335,4164.0,3.5,3.0,2024-08-25,2024-08-28,2024-09-02,Sea,1334,70,2089.38,146256.6,Clear,East,Yes,83.0,BlueDart,,0,1,0
7336,5486.0,3.2,9.0,2024-05-15,2024-05-24,2024-05-28,Sea,450,68,4610.77,313532.36,Clear,East,Yes,94.8,EcomExpress,Operational,0,0,1
7337,5854.0,4.9,4.0,2024-07-16,2024-07-20,2024-07-20,Road,245,33,3479.3,114816.9,Cloudy,South,Yes,98.3,EcomExpress,Customs,1,0,1
7338,2208.0,4.9,3.0,2024-01-19,2024-01-22,2024-01-24,Road,832,18,1529.33,27527.94,Cloudy,East,Yes,81.7,Delhivery,Weather,0,0,1
7339,9216.0,4.3,8.0,2024-01-13,2024-01-21,2024-01-25,Road,583,55,306.98,16883.9,Clear,Central,No,81.3,Delhivery,Weather,0,1,0
7340,3844.0,4.9,6.0,2024-01-22,2024-01-28,2024-01-30,Sea,1087,47,2137.57,100465.79,Cloudy,West,No,94.0,Delhivery,,0,0,1
7341,4843.0,4.9,7.0,2024-02-18,2024-02-25,2024-02-28,Air,824,79,3576.58,282549.82,Cloudy,Central,No,73.8,FedEx,Operational,0,1,0
7342,6823.0,4.3,2.0,2024-08-26,2024-08-28,2024-09-01,Air,360,39,4240.21,165368.19,Rainy,East,Yes,78.6,DHL,Customs,0,0,1
7343,1434.0,2.8,6.0,2024-08-26,2024-09-01,2024-09-04,Sea,277,98,288.95,28317.1,Clear,Central,Yes,97.2,BlueDart,,0,0,1
7344,1213.0,3.3,3.0,2024-03-29,2024-04-01,2024-04-05,Air,124,70,1076.38,75346.6,Clear,South,No,92.1,Delhivery,Traffic,0,0,1
7345,8918.0,4.9,7.0,2024-02-10,2024-02-17,2024-02-17,Air,1200,53,1569.94,83206.82,Rainy,Central,No,85.5,BlueDart,,1,1,1
7346,6463.0,2.9,9.0,2024-05-25,2024-06-03,2024-06-05,Sea,1180,49,4034.31,197681.19,Rainy,West,Yes,96.1,BlueDart,Customs,0,1,0
7347,7805.0,3.9,8.0,2024-11-04,2024-11-12,2024-11-15,Air,180,63,490.94,30929.22,Cloudy,Central,Yes,75.5,EcomExpress,Operational,0,0,1
7348,7776.0,4.0,2.0,2024-10-15,2024-10-17,2024-10-19,Air,1431,37,711.66,26331.42,Clear,East,Yes,93.6,BlueDart,Weather,0,0,1
7349,5007.0,3.5,10.0,2024-03-31,2024-04-10,2024-04-11,Air,1298,3,1078.73,3236.19,Storm,Central,No,79.9,DHL,Weather,0,1,0
7350,7715.0,4.9,7.0,2024-08-05,2024-08-12,2024-08-16,Sea,45,71,2670.87,189631.77,Rainy,West,No,96.7,DHL,Operational,0,0,1
7351,8045.0,4.2,5.0,2024-09-14,2024-09-19,2024-09-21,Air,160,70,1530.31,107121.7,Clear,East,Yes,82.2,DHL,Customs,0,1,0
7352,8676.0,3.2,9.0,2024-06-24,2024-07-03,2024-07-03,Air,476,26,3044.09,79146.34,Storm,South,Yes,79.8,BlueDart,Weather,1,0,1
7353,4831.0,2.9,4.0,2024-08-20,2024-08-24,2024-08-25,Road,1252,5,1563.48,7817.4,Clear,West,Yes,91.9,FedEx,,0,0,1
7354,1065.0,3.1,3.0,2024-05-23,2024-05-26,2024-05-25,Road,1364,7,2972.65,20808.55,Rainy,North,Yes,88.1,BlueDart,Operational,1,0,1
7355,3215.0,3.0,7.0,2024-08-13,2024-08-20,2024-08-25,Air,988,53,2930.1,155295.3,Cloudy,North,No,86.1,FedEx,,0,0,1
7356,3101.0,4.4,4.0,2024-09-17,2024-09-21,2024-09-26,Road,485,56,3577.06,200315.36,Cloudy,East,No,99.7,DHL,Operational,0,0,1
7357,4494.0,2.9,3.0,2024-08-18,2024-08-21,2024-08-20,Sea,1212,86,3047.8,262110.8,Rainy,West,Yes,87.5,BlueDart,Operational,1,1,1
7358,4724.0,4.0,3.0,2024-08-28,2024-08-31,2024-09-05,Sea,1128,38,830.4,31555.2,Rainy,West,No,86.2,BlueDart,,0,0,1
7359,3292.0,3.8,6.0,2024-02-28,2024-03-05,2024-03-06,Air,1154,54,1877.09,101362.86,Cloudy,North,Yes,85.3,Delhivery,Operational,0,0,1
7360,2168.0,3.8,8.0,2024-06-25,2024-07-03,2024-07-07,Road,495,66,4720.9,311579.4,Clear,North,No,78.5,EcomExpress,Weather,0,0,1
7361,9901.0,2.8,7.0,2024-02-22,2024-02-29,2024-02-29,Air,1095,95,232.51,22088.45,Clear,North,No,78.0,DHL,Operational,1,0,1
7362,7892.0,4.7,6.0,2024-03-16,2024-03-22,2024-03-24,Road,686,55,3168.75,174281.25,Storm,Central,Yes,73.7,BlueDart,Customs,0,1,0
7363,8843.0,4.1,4.0,2024-04-25,2024-04-29,2024-05-03,Air,86,100,3326.05,332605.0,Cloudy,East,Yes,95.8,Delhivery,,0,0,1
7364,4370.0,4.5,7.0,2024-03-01,2024-03-08,2024-03-08,Air,1235,27,3676.93,99277.11,Rainy,South,No,88.5,Delhivery,Traffic,1,0,1
7365,4473.0,3.0,9.0,2024-09-20,2024-09-29,2024-09-30,Road,90,26,4421.98,114971.48,Cloudy,North,Yes,94.8,DHL,Traffic,0,0,1
7366,7211.0,3.6,6.0,2024-05-09,2024-05-15,2024-05-14,Air,735,42,3119.04,130999.68,Storm,West,Yes,84.8,Delhivery,,1,0,1
7367,3450.0,3.3,6.0,2024-04-10,2024-04-16,2024-04-20,Air,1337,50,3137.15,156857.5,Clear,North,No,90.4,EcomExpress,Traffic,0,0,1
7368,6938.0,3.0,5.0,2024-01-13,2024-01-18,2024-01-19,Road,1088,4,161.92,647.68,Cloudy,West,No,97.5,EcomExpress,Customs,0,1,0
7369,5550.0,3.1,9.0,2024-03-30,2024-04-08,2024-04-13,Sea,659,66,3897.6,257241.6,Cloudy,East,Yes,92.4,DHL,Operational,0,1,0
7370,1379.0,4.1,8.0,2024-07-08,2024-07-16,2024-07-15,Sea,729,2,2030.35,4060.7,Clear,West,Yes,74.4,DHL,Operational,1,0,1
7371,1396.0,4.8,10.0,2024-05-08,2024-05-18,2024-05-21,Sea,1315,52,2826.94,147000.88,Storm,Central,Yes,77.5,DHL,,0,0,1
7372,9414.0,4.9,2.0,2024-03-06,2024-03-08,2024-03-07,Road,1114,6,3525.51,21153.06,Storm,North,No,75.1,BlueDart,Weather,1,0,1
7373,4894.0,3.2,5.0,2024-11-17,2024-11-22,2024-11-23,Sea,1320,96,673.98,64702.08,Storm,Central,Yes,71.8,Delhivery,,0,1,0
7374,2612.0,3.7,9.0,2024-07-01,2024-07-10,2024-07-09,Air,204,46,1601.2,73655.2,Rainy,West,Yes,72.4,FedEx,Traffic,1,0,1
7375,6601.0,2.9,3.0,2024-11-21,2024-11-24,2024-11-29,Air,720,82,1218.02,99877.64,Cloudy,Central,No,74.3,DHL,Customs,0,0,1
7376,3728.0,4.4,2.0,2024-05-26,2024-05-28,2024-05-31,Sea,1415,18,2190.99,39437.82,Rainy,South,No,79.8,DHL,Operational,0,1,0
7377,,3.2,,2024-02-01,2024-02-10,2024-02-15,Air,720,69,3814.8,,Cloudy,Central,No,75.3,Delhivery,Operational,0,0,1
7378,2170.0,4.0,9.0,2024-06-15,2024-06-24,2024-06-23,Road,1018,67,4049.52,271317.84,Cloudy,North,Yes,91.8,Delhivery,Operational,1,1,1
7379,7905.0,3.1,7.0,2024-08-31,2024-09-07,2024-09-07,Road,1212,95,1670.38,158686.1,Storm,West,Yes,97.2,BlueDart,Traffic,1,1,1
7380,9076.0,4.3,8.0,2024-11-05,2024-11-13,2024-11-18,Air,639,72,2596.56,186952.32,Storm,North,No,83.4,DHL,Customs,0,0,1
7381,3884.0,2.9,7.0,2024-07-14,2024-07-21,2024-07-22,Road,1058,100,2595.72,259572.0,Rainy,East,No,90.0,Delhivery,Operational,0,1,0
7382,1137.0,2.5,3.0,2024-01-13,2024-01-16,2024-01-19,Road,30,36,2294.1,82587.6,Clear,North,No,79.7,DHL,Traffic,0,1,0
7383,6683.0,4.8,6.0,2024-02-12,2024-02-18,2024-02-18,Sea,1405,36,3773.35,135840.6,Rainy,South,No,71.6,DHL,Customs,1,0,1
7384,2993.0,2.7,2.0,2024-04-17,2024-04-19,2024-04-23,Air,189,30,385.27,11558.1,Rainy,Central,No,96.2,Delhivery,Operational,0,0,1
7385,1275.0,4.5,10.0,2024-04-10,2024-04-20,2024-04-23,Road,320,47,3932.32,184819.04,Cloudy,West,No,89.2,DHL,Traffic,0,0,1
7386,4274.0,2.7,10.0,2024-02-12,2024-02-22,2024-02-25,Air,26,3,1447.64,4342.92,Storm,East,No,85.4,Delhivery,Weather,0,0,1
7387,5854.0,4.0,6.0,2024-05-19,2024-05-25,2024-05-26,Road,834,34,3050.17,103705.78,Clear,West,Yes,84.4,DHL,Weather,0,1,0
7388,1034.0,2.6,8.0,2024-02-27,2024-03-06,2024-03-06,Air,954,83,1986.61,164888.63,Clear,North,No,97.5,EcomExpress,Traffic,1,0,1
7389,9985.0,3.8,3.0,2024-10-21,2024-10-24,2024-10-27,Air,775,11,147.68,1624.48,Rainy,South,No,96.1,EcomExpress,Customs,0,0,1
7390,,3.1,,2024-09-25,2024-09-28,2024-10-03,Sea,1268,7,3445.94,,Cloudy,South,No,87.8,EcomExpress,Weather,0,0,1
7391,9539.0,4.2,4.0,2024-03-15,2024-03-19,2024-03-20,Road,420,9,694.87,6253.83,Storm,South,No,90.6,EcomExpress,Weather,0,0,1
7392,2283.0,3.7,10.0,2024-01-05,2024-01-15,2024-01-18,Sea,88,64,4362.18,279179.52,Storm,Central,Yes,93.3,Delhivery,Customs,0,0,1
7393,1533.0,3.8,3.0,2024-02-02,2024-02-05,2024-02-07,Air,126,45,3999.44,179974.8,Clear,East,No,94.2,EcomExpress,Operational,0,0,1
7394,9152.0,4.0,10.0,2024-10-25,2024-11-04,2024-11-07,Air,188,52,3262.02,169625.04,Clear,South,No,71.6,DHL,,0,0,1
7395,4279.0,3.7,7.0,2024-04-17,2024-04-24,2024-04-28,Road,1128,69,4729.16,326312.04,Cloudy,South,Yes,95.2,EcomExpress,Operational,0,0,1
7396,3388.0,4.0,10.0,2024-10-27,2024-11-06,2024-11-11,Road,420,20,4018.52,80370.4,Storm,South,No,98.1,DHL,Traffic,0,1,0
7397,7819.0,3.3,5.0,2024-01-27,2024-02-01,2024-02-04,Road,1138,47,4234.15,199005.05,Clear,South,No,99.2,Delhivery,,0,1,0
7398,4970.0,4.8,7.0,2024-03-31,2024-04-07,2024-04-09,Sea,152,84,1802.13,151378.92,Clear,West,Yes,78.7,Delhivery,Traffic,0,1,0
7399,2004.0,4.8,4.0,2024-09-12,2024-09-16,2024-09-19,Sea,1299,33,892.85,29464.05,Cloudy,East,Yes,95.1,DHL,Weather,0,0,1
7400,6367.0,3.2,6.0,2024-07-11,2024-07-17,2024-07-17,Road,672,20,2274.46,45489.2,Storm,South,Yes,98.0,Delhivery,Weather,1,0,1
7401,6413.0,3.5,9.0,2024-07-22,2024-07-31,2024-07-31,Air,719,42,1236.01,51912.42,Rainy,Central,Yes,93.7,DHL,Operational,1,0,1
7402,3076.0,4.5,8.0,2024-02-01,2024-02-09,2024-02-08,Sea,1390,36,2454.33,88355.88,Cloudy,South,No,97.6,Delhivery,Customs,1,0,1
7403,5273.0,4.9,9.0,2024-07-05,2024-07-14,2024-07-19,Air,854,30,2052.96,61588.8,Storm,East,No,81.6,DHL,Customs,0,0,1
7404,5946.0,3.4,10.0,2024-10-29,2024-11-08,2024-11-10,Road,297,78,2786.69,217361.82,Rainy,East,Yes,74.0,DHL,,0,0,1
7405,2757.0,3.6,3.0,2024-01-14,2024-01-17,2024-01-16,Road,798,95,3820.63,362959.85,Storm,Central,No,84.3,FedEx,Weather,1,1,1
7406,3149.0,4.3,7.0,2024-03-22,2024-03-29,2024-03-28,Air,1372,42,4237.74,177985.08,Storm,East,Yes,76.7,FedEx,Weather,1,0,1
7407,3366.0,3.9,2.0,2024-04-16,2024-04-18,2024-04-22,Road,993,42,3242.6,136189.2,Rainy,South,Yes,90.0,EcomExpress,Traffic,0,0,1
7408,5010.0,3.2,8.0,2024-08-20,2024-08-28,2024-08-31,Sea,789,94,2795.12,262741.28,Cloudy,North,No,95.3,DHL,Customs,0,0,1
7409,1267.0,3.3,3.0,2024-06-16,2024-06-19,2024-06-18,Road,460,37,2272.35,84076.95,Rainy,South,No,83.0,FedEx,,1,1,1
7410,5144.0,3.8,6.0,2024-08-30,2024-09-05,2024-09-10,Air,1134,45,679.83,30592.35,Rainy,North,No,76.6,Delhivery,Weather,0,0,1
7411,3084.0,3.7,6.0,2024-03-22,2024-03-28,2024-03-29,Sea,1380,17,2388.21,40599.57,Rainy,South,Yes,95.3,BlueDart,Customs,0,0,1
7412,3757.0,3.1,7.0,2024-02-19,2024-02-26,2024-02-25,Air,89,37,4742.7,175479.9,Cloudy,South,Yes,91.7,BlueDart,Weather,1,0,1
7413,5878.0,2.7,10.0,2024-08-05,2024-08-15,2024-08-18,Road,398,92,4969.7,457212.4,Rainy,East,No,70.7,BlueDart,Traffic,0,0,1
7414,9065.0,4.8,5.0,2024-06-23,2024-06-28,2024-06-29,Air,1311,5,4110.59,20552.95,Rainy,West,Yes,87.4,BlueDart,Weather,0,1,0
7415,9526.0,4.0,3.0,2024-02-06,2024-02-09,2024-02-09,Sea,186,34,1336.9,45454.6,Storm,East,Yes,84.6,FedEx,Customs,1,0,1
7416,9433.0,4.8,4.0,2024-08-04,2024-08-08,2024-08-11,Air,296,60,1698.01,101880.6,Rainy,West,No,78.0,Delhivery,Weather,0,1,0
7417,2857.0,4.1,4.0,2024-04-30,2024-05-04,2024-05-07,Air,177,55,3046.57,167561.35,Clear,South,Yes,93.6,Delhivery,Operational,0,0,1
7418,8107.0,4.8,10.0,2024-03-24,2024-04-03,2024-04-06,Road,1156,82,1426.06,116936.92,Clear,North,No,92.8,FedEx,Operational,0,1,0
7419,2913.0,4.0,3.0,2024-01-10,2024-01-13,2024-01-18,Air,569,15,4580.39,68705.85,Cloudy,North,No,90.2,BlueDart,Customs,0,0,1
7420,7369.0,4.3,7.0,2024-05-26,2024-06-02,2024-06-05,Road,1328,72,1274.08,91733.76,Storm,West,No,95.7,Delhivery,Weather,0,1,0
7421,5776.0,4.4,6.0,2024-03-18,2024-03-24,2024-03-28,Road,1424,8,4909.1,39272.8,Storm,Central,Yes,93.5,Delhivery,Operational,0,0,1
7422,5842.0,4.4,6.0,2024-01-06,2024-01-12,2024-01-12,Road,1243,90,1667.38,150064.2,Rainy,Central,No,95.6,Delhivery,Customs,1,1,1
7423,9895.0,2.9,2.0,2024-03-15,2024-03-17,2024-03-22,Road,1391,52,4674.36,243066.72,Clear,Central,Yes,81.1,EcomExpress,Customs,0,0,1
7424,8811.0,2.5,5.0,2024-07-30,2024-08-04,2024-08-09,Sea,447,73,3011.27,219822.71,Cloudy,East,Yes,91.5,EcomExpress,Traffic,0,0,1
7425,4528.0,2.7,6.0,2024-01-22,2024-01-28,2024-01-30,Sea,807,33,3891.37,128415.21,Storm,South,Yes,84.1,FedEx,Customs,0,0,1
7426,2031.0,3.8,6.0,2024-09-24,2024-09-30,2024-10-01,Air,308,26,732.57,19046.82,Storm,East,No,89.1,BlueDart,Customs,0,0,1
7427,1709.0,4.9,4.0,2024-10-04,2024-10-08,2024-10-11,Air,970,98,3493.97,342409.06,Rainy,Central,Yes,96.4,DHL,,0,0,1
7428,1518.0,3.9,4.0,2024-06-02,2024-06-06,2024-06-11,Road,1338,37,2750.43,101765.91,Storm,South,Yes,80.6,FedEx,Traffic,0,1,0
7429,3795.0,3.3,9.0,2024-02-01,2024-02-10,2024-02-10,Air,783,58,2473.0,143434.0,Storm,Central,Yes,91.6,DHL,Weather,1,0,1
7430,1797.0,4.2,4.0,2024-11-06,2024-11-10,2024-11-10,Air,235,96,4856.61,466234.56,Clear,Central,Yes,74.1,DHL,,1,0,1
7431,4472.0,4.3,5.0,2024-06-13,2024-06-18,2024-06-18,Road,1016,67,2534.05,169781.35,Cloudy,West,No,93.8,BlueDart,Operational,1,0,1
7432,2931.0,3.5,9.0,2024-08-21,2024-08-30,2024-08-31,Air,1242,58,4778.81,277170.98,Rainy,West,No,96.0,BlueDart,Customs,0,0,1
7433,3460.0,3.8,4.0,2024-08-27,2024-08-31,2024-09-01,Air,998,95,1480.51,140648.45,Clear,North,Yes,76.8,BlueDart,Traffic,0,0,1
7434,1618.0,2.6,3.0,2024-07-12,2024-07-15,2024-07-19,Road,208,78,4273.82,333357.96,Clear,Central,Yes,94.0,EcomExpress,Customs,0,0,1
7435,7422.0,4.2,7.0,2024-03-14,2024-03-21,2024-03-21,Sea,1000,34,489.41,16639.94,Cloudy,East,Yes,72.4,Delhivery,Weather,1,0,1
7436,9063.0,4.6,8.0,2024-05-06,2024-05-14,2024-05-15,Road,693,45,3713.09,167089.05,Cloudy,Central,No,81.9,FedEx,Operational,0,0,1
7437,9746.0,3.4,2.0,2024-02-09,2024-02-11,2024-02-16,Air,1003,27,4947.04,133570.08,Storm,North,No,98.0,FedEx,Traffic,0,0,1
7438,5034.0,3.8,5.0,2024-02-06,2024-02-11,2024-02-15,Sea,1021,70,1541.58,107910.6,Storm,East,No,74.2,DHL,Traffic,0,0,1
7439,4492.0,4.1,7.0,2024-01-30,2024-02-06,2024-02-08,Road,1010,44,3803.37,167348.28,Cloudy,West,No,95.0,Delhivery,Operational,0,0,1
7440,4840.0,3.1,10.0,2024-09-29,2024-10-09,2024-10-11,Sea,1446,39,4702.98,183416.22,Storm,South,No,96.0,DHL,Weather,0,1,0
7441,8602.0,3.7,4.0,2024-05-03,2024-05-07,2024-05-10,Road,942,96,2199.96,211196.16,Rainy,South,Yes,83.7,Delhivery,,0,0,1
7442,7872.0,3.0,9.0,2024-08-02,2024-08-11,2024-08-10,Road,163,11,4184.75,46032.25,Clear,South,Yes,85.4,FedEx,Customs,1,0,1
7443,4698.0,2.5,4.0,2024-01-01,2024-01-05,2024-01-04,Road,927,92,1939.57,178440.44,Rainy,West,No,96.8,EcomExpress,Weather,1,0,1
7444,7737.0,4.5,8.0,2024-02-16,2024-02-24,2024-02-23,Road,369,74,1824.8,135035.2,Storm,South,No,71.6,FedEx,Operational,1,0,1
7445,8992.0,4.2,6.0,2024-11-04,2024-11-10,2024-11-14,Road,1222,20,1997.09,39941.8,Cloudy,East,No,83.5,BlueDart,Operational,0,0,1
7446,2435.0,3.8,3.0,2024-05-11,2024-05-14,2024-05-19,Road,403,54,3642.23,196680.42,Rainy,South,No,76.7,FedEx,Customs,0,1,0
7447,4687.0,4.9,2.0,2024-06-22,2024-06-24,2024-06-27,Road,719,93,804.81,74847.33,Storm,North,Yes,81.1,FedEx,,0,1,0
7448,5366.0,2.9,5.0,2024-07-21,2024-07-26,2024-07-26,Road,927,11,3093.91,34033.01,Rainy,East,No,76.3,FedEx,Weather,1,1,1
7449,5826.0,4.4,3.0,2024-01-26,2024-01-29,2024-02-01,Sea,1412,64,653.48,41822.72,Cloudy,North,Yes,77.7,FedEx,Customs,0,0,1
7450,2372.0,4.9,4.0,2024-08-27,2024-08-31,2024-09-02,Sea,119,39,168.06,6554.34,Clear,Central,Yes,88.1,DHL,Traffic,0,0,1
7451,4633.0,4.7,6.0,2024-01-11,2024-01-17,2024-01-16,Road,752,27,3986.85,107644.95,Storm,South,No,90.1,BlueDart,,1,0,1
7452,8746.0,4.1,7.0,2024-04-27,2024-05-04,2024-05-04,Air,1059,61,325.12,19832.32,Rainy,South,Yes,79.5,BlueDart,Weather,1,1,1
7453,2611.0,4.1,9.0,2024-09-01,2024-09-10,2024-09-09,Road,934,27,1703.51,45994.77,Storm,West,Yes,89.8,Delhivery,Customs,1,1,1
7454,8933.0,3.0,10.0,2024-01-10,2024-01-20,2024-01-22,Road,357,42,2827.77,118766.34,Storm,West,No,71.7,BlueDart,Traffic,0,0,1
7455,9214.0,3.5,10.0,2024-02-15,2024-02-25,2024-02-29,Air,747,77,227.2,17494.4,Clear,North,Yes,76.8,EcomExpress,Customs,0,0,1
7456,8140.0,4.0,10.0,2024-01-11,2024-01-21,2024-01-22,Road,1099,66,4921.4,324812.4,Clear,North,No,78.5,FedEx,Weather,0,0,1
7457,8226.0,2.8,4.0,2024-04-12,2024-04-16,2024-04-18,Road,815,3,3534.56,10603.68,Storm,East,No,72.7,EcomExpress,Weather,0,0,1
7458,5776.0,4.7,6.0,2024-02-08,2024-02-14,2024-02-17,Sea,79,39,3219.37,125555.43,Rainy,North,Yes,96.7,DHL,Weather,0,0,1
7459,9765.0,5.0,8.0,2024-09-15,2024-09-23,2024-09-26,Air,843,8,1089.25,8714.0,Cloudy,East,No,93.7,FedEx,Traffic,0,1,0
7460,5639.0,2.6,2.0,2024-03-05,2024-03-07,2024-03-07,Air,1198,45,3143.54,141459.3,Cloudy,Central,Yes,98.4,DHL,Customs,1,0,1
7461,1741.0,4.7,4.0,2024-06-28,2024-07-02,2024-07-02,Sea,509,96,2575.4,247238.4,Rainy,South,Yes,74.5,DHL,Customs,1,0,1
7462,3343.0,4.3,8.0,2024-01-12,2024-01-20,2024-01-22,Road,1281,94,4510.36,423973.84,Clear,North,Yes,83.4,Delhivery,Weather,0,0,1
7463,9258.0,3.1,8.0,2024-06-17,2024-06-25,2024-06-24,Air,378,76,816.79,62076.04,Storm,West,Yes,82.5,Delhivery,Traffic,1,0,1
7464,9477.0,3.1,5.0,2024-08-05,2024-08-10,2024-08-11,Road,1490,78,1363.74,106371.72,Rainy,West,No,88.3,BlueDart,Traffic,0,0,1
7465,5668.0,3.5,6.0,2024-09-14,2024-09-20,2024-09-19,Sea,1138,54,3033.05,163784.7,Storm,East,No,85.1,EcomExpress,Traffic,1,1,1
7466,7211.0,2.7,10.0,2024-05-07,2024-05-17,2024-05-16,Sea,263,84,3317.05,278632.2,Clear,South,Yes,71.8,BlueDart,Traffic,1,0,1
7467,3769.0,4.3,2.0,2024-11-05,2024-11-07,2024-11-07,Sea,353,9,1285.07,11565.63,Cloudy,West,No,96.8,Delhivery,Traffic,1,0,1
7468,2777.0,4.5,7.0,2024-04-25,2024-05-02,2024-05-07,Sea,241,56,4941.52,276725.12,Cloudy,Central,No,85.9,EcomExpress,Customs,0,0,1
7469,8900.0,2.8,7.0,2024-10-21,2024-10-28,2024-10-27,Sea,393,35,1559.46,54581.1,Storm,East,Yes,81.3,Delhivery,Operational,1,0,1
7470,4840.0,3.2,6.0,2024-07-11,2024-07-17,2024-07-16,Road,427,61,1968.04,120050.44,Clear,East,Yes,81.9,Delhivery,Operational,1,0,1
7471,9576.0,4.2,3.0,2024-01-22,2024-01-25,2024-01-28,Air,971,61,288.41,17593.01,Rainy,South,No,97.0,EcomExpress,Customs,0,0,1
7472,2492.0,4.5,9.0,2024-10-04,2024-10-13,2024-10-18,Road,39,96,445.92,42808.32,Clear,North,Yes,71.8,EcomExpress,,0,0,1
7473,6747.0,3.7,2.0,2024-06-15,2024-06-17,2024-06-18,Road,883,8,1040.99,8327.92,Clear,East,No,82.2,FedEx,,0,1,0
7474,5930.0,4.2,2.0,2024-07-26,2024-07-28,2024-07-28,Air,1363,59,336.25,19838.75,Rainy,North,No,81.9,Delhivery,Traffic,1,0,1
7475,3366.0,3.2,3.0,2024-10-14,2024-10-17,2024-10-17,Sea,1255,6,518.94,3113.64,Cloudy,North,No,88.0,FedEx,Operational,1,0,1
7476,4154.0,4.9,5.0,2024-09-20,2024-09-25,2024-09-30,Air,1032,64,3448.72,220718.08,Storm,West,No,94.1,BlueDart,Operational,0,0,1
7477,5083.0,3.3,7.0,2024-10-30,2024-11-06,2024-11-05,Sea,18,54,394.3,21292.2,Cloudy,East,Yes,97.0,Delhivery,Operational,1,0,1
7478,6783.0,4.1,10.0,2024-05-25,2024-06-04,2024-06-06,Air,24,56,1854.51,103852.56,Storm,Central,No,91.9,FedEx,Traffic,0,1,0
7479,2412.0,3.1,8.0,2024-01-10,2024-01-18,2024-01-22,Air,189,95,2501.47,237639.65,Cloudy,West,No,79.5,BlueDart,Traffic,0,0,1
7480,2980.0,4.6,3.0,2024-01-21,2024-01-24,2024-01-23,Sea,395,76,2569.28,195265.28,Cloudy,North,No,88.6,DHL,Customs,1,1,1
7481,5217.0,2.9,6.0,2024-11-07,2024-11-13,2024-11-18,Sea,1194,89,3061.4,272464.6,Clear,South,No,97.7,Delhivery,Customs,0,0,1
7482,7653.0,3.7,7.0,2024-04-30,2024-05-07,2024-05-08,Air,283,96,471.9,45302.4,Storm,East,Yes,99.2,DHL,Operational,0,0,1
7483,5253.0,2.6,10.0,2024-07-09,2024-07-19,2024-07-21,Sea,665,70,1096.72,76770.4,Rainy,East,No,96.2,FedEx,Weather,0,0,1
7484,,4.3,,2024-08-18,2024-08-26,2024-08-25,Road,999,5,2773.16,,Clear,North,Yes,84.9,BlueDart,Weather,1,1,1
7485,9887.0,2.9,5.0,2024-04-05,2024-04-10,2024-04-13,Air,1465,76,599.5,45562.0,Storm,South,No,89.2,BlueDart,Customs,0,0,1
7486,2733.0,5.0,10.0,2024-06-17,2024-06-27,2024-06-28,Road,948,68,3797.04,258198.72,Rainy,North,Yes,92.4,BlueDart,Weather,0,0,1
7487,3715.0,3.6,6.0,2024-03-31,2024-04-06,2024-04-06,Sea,1114,21,3594.98,75494.58,Storm,North,Yes,75.0,DHL,,1,1,1
7488,2400.0,4.5,3.0,2024-07-04,2024-07-07,2024-07-10,Air,195,71,380.65,27026.15,Clear,North,No,88.6,DHL,Operational,0,0,1
7489,4444.0,2.8,6.0,2024-10-23,2024-10-29,2024-11-03,Road,857,67,3919.01,262573.67,Cloudy,North,No,97.2,FedEx,Customs,0,0,1
7490,8732.0,4.4,9.0,2024-01-04,2024-01-13,2024-01-15,Sea,436,4,1513.68,6054.72,Cloudy,North,Yes,75.1,BlueDart,Customs,0,0,1
7491,1308.0,2.9,6.0,2024-03-14,2024-03-20,2024-03-24,Sea,1101,54,1705.31,92086.74,Cloudy,Central,No,87.6,DHL,,0,0,1
7492,2441.0,3.0,5.0,2024-11-22,2024-11-27,2024-12-02,Air,486,47,3852.4,181062.8,Storm,West,Yes,96.2,FedEx,,0,0,1
7493,2879.0,4.6,5.0,2024-03-13,2024-03-18,2024-03-23,Sea,589,47,172.86,8124.42,Clear,North,Yes,75.4,DHL,,0,0,1
7494,7564.0,3.4,7.0,2024-11-14,2024-11-21,2024-11-20,Sea,1203,44,363.49,15993.56,Rainy,East,No,85.0,FedEx,Operational,1,0,1
7495,7537.0,3.1,4.0,2024-05-08,2024-05-12,2024-05-11,Road,1046,79,4106.27,324395.33,Cloudy,North,Yes,78.2,EcomExpress,Customs,1,0,1
7496,9783.0,4.4,8.0,2024-05-03,2024-05-11,2024-05-13,Road,707,69,4957.39,342059.91,Rainy,West,No,81.1,EcomExpress,Weather,0,0,1
7497,6776.0,4.9,8.0,2024-06-30,2024-07-08,2024-07-12,Air,549,35,3512.16,122925.6,Cloudy,South,Yes,91.9,EcomExpress,,0,1,0
7498,2006.0,3.5,7.0,2024-04-03,2024-04-10,2024-04-11,Air,671,62,1477.8,91623.6,Cloudy,Central,No,91.4,FedEx,,0,0,1
7499,4957.0,2.6,9.0,2024-05-03,2024-05-12,2024-05-16,Sea,881,17,1582.94,26909.98,Cloudy,North,Yes,77.3,DHL,Traffic,0,0,1
7500,1612.0,3.4,3.0,2024-08-16,2024-08-19,2024-08-19,Sea,993,54,1722.06,92991.24,Cloudy,West,No,76.3,Delhivery,,1,0,1
7501,6906.0,3.9,7.0,2024-06-24,2024-07-01,2024-07-06,Sea,1302,67,1242.22,83228.74,Clear,North,Yes,86.9,FedEx,Weather,0,0,1
7502,5454.0,3.8,10.0,2024-01-25,2024-02-04,2024-02-04,Air,270,39,3855.7,150372.3,Storm,Central,Yes,72.0,DHL,Customs,1,0,1
7503,8107.0,2.8,8.0,2024-09-17,2024-09-25,2024-09-24,Sea,473,65,2303.49,149726.85,Cloudy,North,Yes,80.3,EcomExpress,Traffic,1,0,1
7504,2096.0,4.8,4.0,2024-06-02,2024-06-06,2024-06-11,Sea,1152,68,2413.11,164091.48,Storm,Central,No,84.5,Delhivery,Operational,0,1,0
7505,7590.0,3.3,4.0,2024-06-04,2024-06-08,2024-06-13,Air,159,63,4103.74,258535.62,Rainy,North,No,88.1,DHL,Traffic,0,0,1
7506,8486.0,4.7,4.0,2024-05-09,2024-05-13,2024-05-12,Road,1282,65,2537.85,164960.25,Clear,West,Yes,83.7,DHL,Weather,1,0,1
7507,4936.0,2.7,10.0,2024-11-26,2024-12-06,2024-12-08,Sea,416,8,2400.8,19206.4,Clear,Central,Yes,70.4,BlueDart,,0,0,1
7508,8373.0,4.2,4.0,2024-05-05,2024-05-09,2024-05-09,Air,1442,1,4537.57,4537.57,Rainy,East,No,86.5,EcomExpress,Customs,1,1,1
7509,3146.0,4.5,2.0,2024-03-28,2024-03-30,2024-04-03,Road,525,33,651.89,21512.37,Storm,Central,Yes,99.2,DHL,Operational,0,0,1
7510,,2.9,,2024-05-28,2024-06-02,2024-06-03,Sea,51,64,551.87,,Clear,West,No,87.8,FedEx,Traffic,0,0,1
7511,6554.0,3.0,10.0,2024-10-23,2024-11-02,2024-11-01,Sea,1066,71,4381.26,311069.46,Rainy,Central,Yes,89.2,DHL,Customs,1,0,1
7512,3166.0,4.3,5.0,2024-03-28,2024-04-02,2024-04-03,Sea,1010,26,4940.66,128457.16,Rainy,South,Yes,72.9,Delhivery,,0,0,1
7513,6825.0,2.6,2.0,2024-02-18,2024-02-20,2024-02-23,Road,195,98,171.41,16798.18,Rainy,North,Yes,71.1,EcomExpress,Weather,0,1,0
7514,1052.0,4.3,3.0,2024-04-03,2024-04-06,2024-04-08,Air,326,37,4716.83,174522.71,Rainy,Central,No,86.6,Delhivery,Customs,0,0,1
7515,9176.0,2.6,4.0,2024-08-28,2024-09-01,2024-08-31,Road,1411,88,1801.29,158513.52,Rainy,South,Yes,87.9,BlueDart,Traffic,1,0,1
7516,9555.0,3.1,7.0,2024-03-25,2024-04-01,2024-04-04,Air,397,32,4508.94,144286.08,Storm,South,Yes,83.1,EcomExpress,Weather,0,0,1
7517,9161.0,2.7,10.0,2024-11-10,2024-11-20,2024-11-19,Air,1393,54,2420.96,130731.84,Clear,West,No,99.6,Delhivery,Customs,1,1,1
7518,4908.0,3.3,8.0,2024-04-15,2024-04-23,2024-04-25,Sea,98,35,2121.08,74237.8,Clear,East,Yes,86.4,EcomExpress,Operational,0,0,1
7519,3784.0,4.4,7.0,2024-07-08,2024-07-15,2024-07-19,Air,942,54,3416.52,184492.08,Cloudy,North,Yes,88.0,DHL,Operational,0,0,1
7520,6729.0,3.4,5.0,2024-08-19,2024-08-24,2024-08-27,Road,221,92,439.07,40394.44,Cloudy,Central,No,86.5,BlueDart,Operational,0,0,1
7521,8050.0,4.6,5.0,2024-06-07,2024-06-12,2024-06-15,Air,304,91,2013.38,183217.58,Rainy,East,No,73.2,BlueDart,Traffic,0,0,1
7522,8802.0,3.9,6.0,2024-03-10,2024-03-16,2024-03-17,Air,1271,86,2190.11,188349.46,Rainy,East,Yes,85.1,EcomExpress,Operational,0,1,0
7523,7291.0,3.0,7.0,2024-04-10,2024-04-17,2024-04-17,Air,1294,100,2771.65,277165.0,Cloudy,North,Yes,91.4,Delhivery,Traffic,1,0,1
7524,2170.0,3.4,10.0,2024-07-12,2024-07-22,2024-07-25,Sea,1044,94,3508.6,329808.4,Cloudy,East,Yes,97.8,DHL,Weather,0,0,1
7525,2020.0,3.3,9.0,2024-04-16,2024-04-25,2024-04-28,Sea,437,47,2115.41,99424.27,Clear,West,No,79.5,EcomExpress,Traffic,0,0,1
7526,8106.0,3.4,6.0,2024-04-14,2024-04-20,2024-04-20,Air,827,87,3971.65,345533.55,Rainy,South,No,91.6,BlueDart,Traffic,1,1,1
7527,4477.0,2.6,3.0,2024-10-07,2024-10-10,2024-10-15,Sea,1177,50,2921.21,146060.5,Cloudy,North,No,85.8,Delhivery,,0,0,1
7528,3739.0,4.3,8.0,2024-11-09,2024-11-17,2024-11-22,Air,1015,10,1643.37,16433.7,Storm,East,Yes,81.4,Delhivery,Weather,0,1,0
7529,2920.0,3.3,4.0,2024-06-15,2024-06-19,2024-06-21,Sea,336,65,2120.81,137852.65,Cloudy,South,Yes,82.4,DHL,Weather,0,1,0
7530,3857.0,4.2,7.0,2024-01-27,2024-02-03,2024-02-04,Sea,1430,29,3101.4,89940.6,Cloudy,East,Yes,74.7,EcomExpress,Operational,0,1,0
7531,3122.0,4.7,7.0,2024-03-02,2024-03-09,2024-03-13,Air,1016,71,988.73,70199.83,Clear,East,Yes,76.9,Delhivery,Weather,0,1,0
7532,2190.0,4.9,8.0,2024-08-18,2024-08-26,2024-08-26,Sea,382,69,1332.36,91932.84,Cloudy,East,No,99.0,FedEx,,1,1,1
7533,9218.0,4.0,3.0,2024-03-18,2024-03-21,2024-03-26,Air,692,94,2813.17,264437.98,Rainy,South,Yes,85.3,DHL,Customs,0,0,1
7534,5279.0,4.4,9.0,2024-07-21,2024-07-30,2024-08-01,Road,1291,84,1006.3,84529.2,Clear,Central,Yes,93.7,FedEx,Traffic,0,1,0
7535,4083.0,3.6,8.0,2024-04-01,2024-04-09,2024-04-08,Road,312,67,4979.18,333605.06,Storm,South,Yes,92.4,BlueDart,,1,0,1
7536,4842.0,5.0,2.0,2024-06-09,2024-06-11,2024-06-16,Road,971,59,2593.76,153031.84,Rainy,East,Yes,94.1,EcomExpress,Customs,0,1,0
7537,2801.0,3.7,8.0,2024-08-29,2024-09-06,2024-09-07,Air,1413,71,1192.45,84663.95,Rainy,East,Yes,73.2,DHL,Operational,0,0,1
7538,6459.0,4.5,3.0,2024-10-04,2024-10-07,2024-10-09,Road,624,49,4100.15,200907.35,Clear,East,No,77.9,DHL,Traffic,0,0,1
7539,7056.0,4.3,7.0,2024-09-10,2024-09-17,2024-09-16,Sea,593,59,3408.24,201086.16,Rainy,West,No,75.4,FedEx,Customs,1,0,1
7540,1579.0,4.1,4.0,2024-01-15,2024-01-19,2024-01-21,Air,613,3,4573.64,13720.92,Rainy,Central,Yes,81.7,BlueDart,,0,0,1
7541,9755.0,4.0,9.0,2024-01-22,2024-01-31,2024-01-31,Road,32,75,1894.65,142098.75,Cloudy,West,Yes,83.4,Delhivery,Traffic,1,0,1
7542,5200.0,4.0,4.0,2024-02-16,2024-02-20,2024-02-23,Air,674,34,4675.94,158981.96,Rainy,South,Yes,95.4,DHL,Customs,0,0,1
7543,6006.0,3.1,6.0,2024-10-29,2024-11-04,2024-11-04,Air,287,21,3359.23,70543.83,Cloudy,East,Yes,97.2,BlueDart,Traffic,1,0,1
7544,5647.0,2.6,3.0,2024-07-02,2024-07-05,2024-07-09,Sea,874,96,3321.66,318879.36,Storm,Central,Yes,85.6,FedEx,Traffic,0,0,1
7545,7697.0,3.1,8.0,2024-01-04,2024-01-12,2024-01-11,Road,975,50,2278.36,113918.0,Rainy,Central,No,76.6,BlueDart,Customs,1,0,1
7546,1409.0,4.6,6.0,2024-10-18,2024-10-24,2024-10-26,Road,1122,1,519.87,519.87,Cloudy,West,Yes,86.8,DHL,,0,0,1
7547,9400.0,4.0,3.0,2024-07-11,2024-07-14,2024-07-19,Road,291,27,4877.39,131689.53,Rainy,West,Yes,77.7,DHL,Traffic,0,0,1
7548,5712.0,4.7,7.0,2024-05-24,2024-05-31,2024-06-05,Air,895,92,1241.27,114196.84,Clear,Central,No,94.5,EcomExpress,Operational,0,0,1
7549,7969.0,4.2,5.0,2024-09-03,2024-09-08,2024-09-11,Air,182,20,1564.1,31282.0,Rainy,North,No,84.0,DHL,Customs,0,0,1
7550,9693.0,4.5,9.0,2024-04-05,2024-04-14,2024-04-14,Air,1185,69,3904.12,269384.28,Cloudy,Central,No,92.2,BlueDart,Weather,1,0,1
7551,1357.0,3.8,4.0,2024-07-18,2024-07-22,2024-07-27,Air,375,75,4880.21,366015.75,Rainy,East,Yes,81.8,EcomExpress,Customs,0,0,1
7552,7242.0,2.7,2.0,2024-05-13,2024-05-15,2024-05-20,Air,1408,55,2940.51,161728.05,Clear,East,No,99.1,DHL,Weather,0,0,1
7553,6270.0,5.0,7.0,2024-11-13,2024-11-20,2024-11-25,Air,457,10,2378.96,23789.6,Clear,South,Yes,77.1,Delhivery,Customs,0,0,1
7554,5981.0,4.8,10.0,2024-04-16,2024-04-26,2024-04-29,Road,358,70,2991.52,209406.4,Cloudy,West,No,86.4,FedEx,Customs,0,0,1
7555,7502.0,3.2,10.0,2024-10-20,2024-10-30,2024-10-31,Road,105,26,1496.59,38911.34,Cloudy,West,Yes,75.5,Delhivery,Customs,0,1,0
7556,6250.0,2.7,2.0,2024-08-19,2024-08-21,2024-08-20,Air,1234,97,2110.8,204747.6,Rainy,North,No,90.8,BlueDart,Traffic,1,0,1
7557,7474.0,2.5,10.0,2024-11-24,2024-12-04,2024-12-08,Air,912,59,1011.62,59685.58,Rainy,West,No,84.8,BlueDart,Traffic,0,1,0
7558,6936.0,3.0,3.0,2024-10-10,2024-10-13,2024-10-13,Road,796,99,3216.01,318384.99,Cloudy,East,No,74.4,Delhivery,Customs,1,0,1
7559,5750.0,3.8,3.0,2024-07-02,2024-07-05,2024-07-08,Road,693,93,3843.37,357433.41,Clear,North,No,78.4,Delhivery,Customs,0,0,1
7560,8342.0,3.6,5.0,2024-05-17,2024-05-22,2024-05-24,Sea,1338,19,329.77,6265.63,Rainy,West,Yes,84.1,Delhivery,Operational,0,0,1
7561,6023.0,4.6,3.0,2024-09-27,2024-09-30,2024-10-05,Sea,1059,53,1577.44,83604.32,Storm,South,No,91.9,EcomExpress,,0,0,1
7562,2014.0,2.7,10.0,2024-06-07,2024-06-17,2024-06-22,Road,386,63,4048.46,255052.98,Storm,North,Yes,84.6,DHL,,0,0,1
7563,8701.0,3.0,7.0,2024-02-07,2024-02-14,2024-02-14,Sea,475,32,3746.8,119897.6,Rainy,North,Yes,88.5,Delhivery,Weather,1,0,1
7564,8732.0,4.5,3.0,2024-10-25,2024-10-28,2024-10-31,Road,1201,47,1219.32,57308.04,Rainy,West,Yes,71.4,Delhivery,Weather,0,0,1
7565,4681.0,5.0,2.0,2024-01-16,2024-01-18,2024-01-23,Air,1212,24,4951.89,118845.36,Cloudy,Central,Yes,83.8,BlueDart,Weather,0,0,1
7566,7606.0,3.7,4.0,2024-05-22,2024-05-26,2024-05-26,Sea,114,12,4685.44,56225.28,Storm,Central,No,87.8,FedEx,Customs,1,0,1
7567,5308.0,2.7,9.0,2024-09-25,2024-10-04,2024-10-07,Air,244,41,4375.91,179412.31,Clear,North,No,71.4,BlueDart,,0,0,1
7568,1315.0,4.5,8.0,2024-11-06,2024-11-14,2024-11-14,Sea,627,42,2596.14,109037.88,Storm,North,No,76.8,DHL,Operational,1,0,1
7569,9443.0,4.8,3.0,2024-10-01,2024-10-04,2024-10-03,Road,407,63,1717.93,108229.59,Cloudy,North,No,78.9,BlueDart,,1,0,1
7570,4348.0,3.5,10.0,2024-08-10,2024-08-20,2024-08-19,Road,675,10,2732.26,27322.6,Rainy,North,No,87.6,DHL,Customs,1,1,1
7571,9673.0,3.5,10.0,2024-01-04,2024-01-14,2024-01-18,Air,99,17,3096.9,52647.3,Rainy,North,Yes,70.5,DHL,,0,0,1
7572,4672.0,4.3,2.0,2024-03-20,2024-03-22,2024-03-25,Air,1185,33,1844.77,60877.41,Rainy,North,No,70.4,DHL,Traffic,0,0,1
7573,5896.0,4.0,5.0,2024-08-01,2024-08-06,2024-08-08,Road,1243,28,3240.04,90721.12,Cloudy,Central,Yes,71.9,FedEx,Traffic,0,0,1
7574,6717.0,2.6,4.0,2024-09-30,2024-10-04,2024-10-09,Air,409,13,4175.14,54276.82,Cloudy,Central,No,90.8,BlueDart,Customs,0,0,1
7575,8956.0,4.2,10.0,2024-02-25,2024-03-06,2024-03-11,Air,912,34,3783.66,128644.44,Cloudy,North,No,99.4,DHL,Traffic,0,1,0
7576,2855.0,3.8,9.0,2024-10-26,2024-11-04,2024-11-05,Air,90,86,3292.25,283133.5,Clear,Central,No,92.1,FedEx,Traffic,0,1,0
7577,2240.0,3.5,7.0,2024-11-01,2024-11-08,2024-11-10,Sea,769,48,1856.67,89120.16,Cloudy,Central,Yes,90.0,DHL,,0,0,1
7578,9854.0,2.5,8.0,2024-08-13,2024-08-21,2024-08-26,Air,534,88,1470.7,129421.6,Rainy,North,Yes,77.8,FedEx,Operational,0,0,1
7579,1559.0,3.9,3.0,2024-11-09,2024-11-12,2024-11-13,Air,1069,62,2721.24,168716.88,Storm,Central,Yes,99.8,Delhivery,Traffic,0,1,0
7580,4784.0,4.4,9.0,2024-03-19,2024-03-28,2024-03-29,Road,1458,10,4142.56,41425.6,Storm,East,No,89.1,DHL,,0,0,1
7581,2124.0,3.9,4.0,2024-06-05,2024-06-09,2024-06-10,Sea,1130,91,502.55,45732.05,Rainy,West,Yes,96.4,Delhivery,Customs,0,0,1
7582,8035.0,2.6,10.0,2024-03-18,2024-03-28,2024-04-01,Air,235,57,4145.39,236287.23,Rainy,North,Yes,74.7,Delhivery,,0,0,1
7583,7447.0,4.4,5.0,2024-04-20,2024-04-25,2024-04-24,Road,696,3,4890.25,14670.75,Rainy,East,No,75.2,DHL,Traffic,1,1,1
7584,9841.0,2.6,7.0,2024-10-23,2024-10-30,2024-11-01,Sea,1382,39,2314.83,90278.37,Storm,South,Yes,70.1,FedEx,Weather,0,0,1
7585,7830.0,3.5,7.0,2024-03-15,2024-03-22,2024-03-23,Sea,899,51,3696.78,188535.78,Storm,South,Yes,89.2,BlueDart,Operational,0,0,1
7586,6633.0,4.4,2.0,2024-02-17,2024-02-19,2024-02-20,Sea,1351,76,4842.65,368041.4,Clear,West,Yes,86.3,DHL,Weather,0,1,0
7587,5571.0,2.9,2.0,2024-11-23,2024-11-25,2024-11-25,Air,400,28,1455.21,40745.88,Cloudy,North,No,89.4,BlueDart,Customs,1,1,1
7588,2135.0,2.9,9.0,2024-07-02,2024-07-11,2024-07-13,Road,586,15,1150.48,17257.2,Storm,East,Yes,76.6,EcomExpress,Operational,0,0,1
7589,5188.0,4.4,4.0,2024-03-11,2024-03-15,2024-03-20,Road,16,77,445.82,34328.14,Cloudy,West,Yes,84.4,FedEx,,0,0,1
7590,4339.0,3.0,7.0,2024-02-20,2024-02-27,2024-02-29,Air,1033,57,4835.15,275603.55,Cloudy,South,Yes,79.2,Delhivery,Traffic,0,0,1
7591,4299.0,2.8,8.0,2024-09-08,2024-09-16,2024-09-19,Road,10,83,103.18,8563.94,Cloudy,West,Yes,95.3,EcomExpress,,0,1,0
7592,5263.0,4.2,2.0,2024-11-03,2024-11-05,2024-11-08,Sea,348,45,3974.6,178857.0,Cloudy,North,No,89.4,DHL,Traffic,0,1,0
7593,1079.0,4.7,9.0,2024-11-09,2024-11-18,2024-11-20,Air,402,2,3248.41,6496.82,Cloudy,West,No,95.2,FedEx,Weather,0,1,0
7594,8070.0,4.5,5.0,2024-09-26,2024-10-01,2024-10-03,Road,492,49,3585.07,175668.43,Clear,South,Yes,82.6,FedEx,Weather,0,0,1
7595,6065.0,2.6,3.0,2024-05-10,2024-05-13,2024-05-17,Sea,1032,9,2840.0,25560.0,Rainy,South,No,74.8,Delhivery,,0,0,1
7596,8669.0,3.6,9.0,2024-09-21,2024-09-30,2024-09-30,Air,497,4,2741.45,10965.8,Rainy,North,Yes,71.1,FedEx,Customs,1,1,1
7597,3796.0,4.0,9.0,2024-02-29,2024-03-09,2024-03-09,Sea,278,8,4430.72,35445.76,Storm,North,No,90.7,DHL,Operational,1,0,1
7598,1014.0,3.5,9.0,2024-02-13,2024-02-22,2024-02-22,Sea,130,96,2861.67,274720.32,Storm,South,Yes,94.2,FedEx,,1,0,1
7599,1572.0,4.6,4.0,2024-11-16,2024-11-20,2024-11-24,Air,173,4,174.01,696.04,Storm,East,No,79.8,FedEx,,0,1,0
7600,7942.0,4.7,9.0,2024-08-01,2024-08-10,2024-08-13,Sea,66,98,1237.04,121229.92,Storm,West,No,80.0,BlueDart,Traffic,0,0,1
7601,2866.0,3.2,9.0,2024-05-29,2024-06-07,2024-06-08,Road,773,27,1062.65,28691.55,Clear,East,No,79.1,DHL,Customs,0,0,1
7602,7436.0,3.1,4.0,2024-03-15,2024-03-19,2024-03-20,Air,982,64,2767.19,177100.16,Rainy,East,No,99.1,EcomExpress,,0,0,1
7603,7749.0,2.5,4.0,2024-04-03,2024-04-07,2024-04-07,Road,248,81,1677.11,135845.91,Storm,West,No,89.6,Delhivery,,1,0,1
7604,9956.0,3.8,6.0,2024-05-04,2024-05-10,2024-05-12,Road,874,92,3026.99,278483.08,Rainy,North,No,96.4,Delhivery,,0,1,0
7605,8360.0,4.9,7.0,2024-07-23,2024-07-30,2024-07-30,Air,715,30,995.7,29871.0,Rainy,Central,No,74.4,FedEx,Weather,1,0,1
7606,1949.0,3.3,9.0,2024-03-27,2024-04-05,2024-04-10,Sea,945,67,1440.35,96503.45,Cloudy,North,No,72.9,BlueDart,Weather,0,0,1
7607,6974.0,4.9,6.0,2024-06-13,2024-06-19,2024-06-21,Air,1498,100,1223.32,122332.0,Cloudy,Central,Yes,79.4,FedEx,Operational,0,0,1
7608,3558.0,3.6,8.0,2024-01-01,2024-01-09,2024-01-11,Road,44,34,2392.96,81360.64,Cloudy,Central,No,74.6,BlueDart,Weather,0,0,1
7609,1730.0,4.5,5.0,2024-11-25,2024-11-30,2024-12-03,Air,1023,18,225.66,4061.88,Cloudy,West,Yes,96.6,FedEx,Weather,0,0,1
7610,4700.0,2.8,7.0,2024-09-14,2024-09-21,2024-09-26,Sea,97,79,1749.23,138189.17,Storm,South,No,94.5,EcomExpress,Traffic,0,1,0
7611,3190.0,4.2,2.0,2024-08-22,2024-08-24,2024-08-24,Air,614,87,4023.64,350056.68,Clear,West,No,91.1,BlueDart,Operational,1,0,1
7612,8662.0,4.7,4.0,2024-04-19,2024-04-23,2024-04-28,Air,909,80,3751.82,300145.6,Cloudy,South,Yes,88.1,DHL,Weather,0,0,1
7613,9838.0,3.9,10.0,2024-05-06,2024-05-16,2024-05-21,Sea,269,21,3563.06,74824.26,Cloudy,South,No,94.8,DHL,,0,0,1
7614,6157.0,2.8,5.0,2024-02-13,2024-02-18,2024-02-23,Air,1396,5,2482.45,12412.25,Cloudy,Central,No,93.9,DHL,,0,0,1
7615,8862.0,3.9,2.0,2024-03-10,2024-03-12,2024-03-15,Sea,845,26,4340.96,112864.96,Cloudy,South,No,84.9,Delhivery,Weather,0,1,0
7616,9172.0,2.8,2.0,2024-06-18,2024-06-20,2024-06-20,Sea,1189,9,864.11,7776.99,Clear,Central,No,75.2,Delhivery,,1,0,1
7617,7019.0,4.7,9.0,2024-09-24,2024-10-03,2024-10-04,Road,1001,49,4068.99,199380.51,Clear,North,Yes,96.4,BlueDart,,0,0,1
7618,1644.0,4.0,8.0,2024-11-06,2024-11-14,2024-11-16,Road,447,30,4752.61,142578.3,Storm,East,No,74.9,EcomExpress,Traffic,0,0,1
7619,5653.0,3.1,3.0,2024-10-14,2024-10-17,2024-10-22,Road,129,18,997.09,17947.62,Cloudy,Central,No,90.2,Delhivery,Weather,0,0,1
7620,4083.0,3.2,2.0,2024-08-29,2024-08-31,2024-09-03,Air,419,13,4863.81,63229.53,Storm,East,No,82.2,FedEx,Customs,0,0,1
7621,3813.0,5.0,5.0,2024-05-02,2024-05-07,2024-05-09,Sea,1291,46,3674.56,169029.76,Storm,South,Yes,82.5,BlueDart,Operational,0,0,1
7622,1612.0,3.8,3.0,2024-08-11,2024-08-14,2024-08-18,Air,500,97,982.09,95262.73,Rainy,North,No,98.5,FedEx,Traffic,0,1,0
7623,6099.0,2.7,10.0,2024-04-11,2024-04-21,2024-04-24,Road,1008,92,3088.54,284145.68,Clear,South,Yes,97.6,EcomExpress,,0,0,1
7624,1192.0,4.0,10.0,2024-09-18,2024-09-28,2024-09-30,Road,266,83,1980.01,164340.83,Rainy,Central,Yes,89.4,DHL,Weather,0,0,1
7625,3480.0,3.6,5.0,2024-02-03,2024-02-08,2024-02-11,Air,16,29,4156.86,120548.94,Clear,East,Yes,75.1,Delhivery,Weather,0,1,0
7626,7617.0,3.8,6.0,2024-01-26,2024-02-01,2024-02-03,Road,977,58,4187.79,242891.82,Cloudy,Central,No,88.1,BlueDart,Weather,0,0,1
7627,3233.0,5.0,2.0,2024-02-28,2024-03-01,2024-02-29,Sea,931,73,4743.51,346276.23,Clear,Central,No,73.9,Delhivery,Customs,1,0,1
7628,9669.0,4.9,7.0,2024-09-19,2024-09-26,2024-09-28,Sea,144,65,4353.91,283004.15,Clear,Central,No,75.3,FedEx,Weather,0,0,1
7629,1401.0,3.9,7.0,2024-07-15,2024-07-22,2024-07-26,Sea,642,8,2587.1,20696.8,Cloudy,West,No,73.8,FedEx,Customs,0,0,1
7630,8222.0,4.3,5.0,2024-07-07,2024-07-12,2024-07-16,Sea,630,15,1743.05,26145.75,Cloudy,North,Yes,71.5,FedEx,,0,1,0
7631,6455.0,3.3,3.0,2024-09-12,2024-09-15,2024-09-18,Road,723,19,4204.39,79883.41,Clear,West,No,71.9,BlueDart,,0,0,1
7632,9506.0,3.2,5.0,2024-06-18,2024-06-23,2024-06-23,Road,1313,18,580.28,10445.04,Cloudy,North,Yes,98.0,Delhivery,Weather,1,0,1
7633,7744.0,4.6,7.0,2024-11-08,2024-11-15,2024-11-18,Air,604,31,2218.17,68763.27,Clear,East,Yes,92.2,DHL,Customs,0,0,1
7634,8409.0,3.9,8.0,2024-09-18,2024-09-26,2024-09-27,Road,993,47,980.0,46060.0,Cloudy,North,Yes,91.5,Delhivery,,0,0,1
7635,5627.0,2.7,2.0,2024-04-28,2024-04-30,2024-05-03,Sea,629,9,1677.98,15101.82,Cloudy,South,Yes,80.2,Delhivery,Weather,0,1,0
7636,4471.0,5.0,9.0,2024-10-24,2024-11-02,2024-11-03,Air,226,28,3148.87,88168.36,Rainy,West,Yes,96.4,FedEx,Weather,0,0,1
7637,3159.0,4.1,3.0,2024-03-22,2024-03-25,2024-03-27,Sea,1359,60,1037.48,62248.8,Clear,East,Yes,77.6,BlueDart,,0,0,1
7638,1212.0,2.9,7.0,2024-05-28,2024-06-04,2024-06-08,Sea,554,32,1634.89,52316.48,Rainy,East,Yes,88.1,Delhivery,Weather,0,0,1
7639,4272.0,2.6,5.0,2024-07-23,2024-07-28,2024-07-30,Road,651,12,3176.67,38120.04,Storm,Central,Yes,91.8,EcomExpress,,0,0,1
7640,9606.0,4.1,6.0,2024-10-20,2024-10-26,2024-10-30,Air,667,34,2906.0,98804.0,Storm,West,Yes,82.6,FedEx,Customs,0,1,0
7641,5548.0,3.6,10.0,2024-04-16,2024-04-26,2024-04-26,Road,386,86,3732.37,320983.82,Cloudy,West,Yes,92.8,EcomExpress,Customs,1,0,1
7642,6477.0,4.5,9.0,2024-11-06,2024-11-15,2024-11-19,Road,1076,43,4351.66,187121.38,Cloudy,South,No,85.8,DHL,Traffic,0,0,1
7643,8180.0,3.3,7.0,2024-11-20,2024-11-27,2024-11-29,Air,658,39,4500.28,175510.92,Clear,West,No,75.2,BlueDart,Weather,0,0,1
7644,2554.0,3.8,2.0,2024-07-22,2024-07-24,2024-07-24,Air,1043,24,3178.37,76280.88,Storm,Central,Yes,78.1,BlueDart,Traffic,1,0,1
7645,9513.0,3.3,10.0,2024-09-26,2024-10-06,2024-10-07,Sea,112,91,1682.01,153062.91,Rainy,West,No,71.4,EcomExpress,Operational,0,0,1
7646,6136.0,3.2,9.0,2024-08-11,2024-08-20,2024-08-24,Road,796,87,2211.4,192391.8,Rainy,Central,No,94.8,FedEx,Operational,0,1,0
7647,5591.0,4.8,10.0,2024-08-20,2024-08-30,2024-09-03,Road,908,16,486.76,7788.16,Cloudy,South,No,79.0,EcomExpress,Traffic,0,0,1
7648,9076.0,4.7,7.0,2024-09-01,2024-09-08,2024-09-10,Air,549,86,2400.59,206450.74,Cloudy,West,No,76.4,Delhivery,,0,1,0
7649,1563.0,4.3,8.0,2024-11-02,2024-11-10,2024-11-12,Air,160,18,3532.82,63590.76,Cloudy,North,No,74.8,FedEx,Weather,0,1,0
7650,4916.0,2.7,10.0,2024-03-30,2024-04-09,2024-04-13,Sea,80,58,2008.4,116487.2,Cloudy,West,Yes,98.4,DHL,Operational,0,1,0
7651,3230.0,3.8,4.0,2024-11-03,2024-11-07,2024-11-11,Sea,257,28,601.21,16833.88,Cloudy,Central,No,78.8,BlueDart,,0,1,0
7652,4850.0,2.6,2.0,2024-08-21,2024-08-23,2024-08-26,Sea,905,100,4198.82,419882.0,Cloudy,North,No,87.4,BlueDart,Traffic,0,0,1
7653,3209.0,4.8,5.0,2024-06-24,2024-06-29,2024-07-04,Road,892,50,4383.21,219160.5,Rainy,North,Yes,89.3,DHL,,0,0,1
7654,3440.0,3.9,8.0,2024-09-06,2024-09-14,2024-09-14,Sea,897,96,710.1,68169.6,Rainy,South,Yes,91.0,EcomExpress,Operational,1,0,1
7655,6414.0,4.2,9.0,2024-02-03,2024-02-12,2024-02-14,Air,987,100,2687.72,268772.0,Storm,South,Yes,98.2,EcomExpress,Traffic,0,1,0
7656,5563.0,4.5,10.0,2024-07-04,2024-07-14,2024-07-13,Sea,909,52,4982.53,259091.56,Cloudy,South,Yes,100.0,FedEx,Traffic,1,0,1
7657,1060.0,3.9,2.0,2024-01-28,2024-01-30,2024-02-01,Road,1173,49,731.17,35827.33,Cloudy,North,No,94.4,FedEx,Operational,0,1,0
7658,6261.0,4.8,3.0,2024-09-20,2024-09-23,2024-09-22,Air,1074,49,2645.93,129650.57,Cloudy,South,Yes,88.9,EcomExpress,Weather,1,0,1
7659,7386.0,4.9,4.0,2024-05-24,2024-05-28,2024-05-28,Road,1285,23,1516.81,34886.63,Clear,South,Yes,83.7,FedEx,,1,0,1
7660,4410.0,4.7,2.0,2024-03-26,2024-03-28,2024-04-01,Air,1257,42,2594.0,108948.0,Cloudy,West,Yes,88.6,FedEx,Operational,0,0,1
7661,9926.0,4.7,5.0,2024-04-07,2024-04-12,2024-04-14,Road,878,83,4729.86,392578.38,Clear,South,No,80.3,DHL,Operational,0,1,0
7662,6361.0,4.3,8.0,2024-08-05,2024-08-13,2024-08-12,Air,639,11,2892.14,31813.54,Clear,North,No,97.3,Delhivery,Weather,1,0,1
7663,8900.0,4.7,5.0,2024-01-02,2024-01-07,2024-01-10,Road,1137,64,4537.37,290391.68,Storm,West,No,92.1,EcomExpress,Operational,0,0,1
7664,4348.0,3.5,4.0,2024-11-12,2024-11-16,2024-11-17,Air,1496,60,712.9,42774.0,Storm,South,No,75.5,DHL,Weather,0,0,1
7665,2145.0,4.5,3.0,2024-02-13,2024-02-16,2024-02-20,Sea,312,93,4749.5,441703.5,Cloudy,West,Yes,72.2,Delhivery,Weather,0,0,1
7666,2805.0,2.7,6.0,2024-09-15,2024-09-21,2024-09-24,Air,1019,2,2931.67,5863.34,Cloudy,East,No,88.2,Delhivery,Weather,0,1,0
7667,8674.0,2.8,7.0,2024-02-15,2024-02-22,2024-02-24,Road,918,11,4681.26,51493.86,Storm,Central,No,72.3,EcomExpress,Traffic,0,0,1
7668,8939.0,4.0,2.0,2024-06-21,2024-06-23,2024-06-27,Air,830,38,3271.54,124318.52,Rainy,West,Yes,79.0,Delhivery,Operational,0,0,1
7669,4103.0,4.9,6.0,2024-03-02,2024-03-08,2024-03-13,Road,616,46,3591.45,165206.7,Storm,East,No,85.1,FedEx,Operational,0,1,0
7670,6049.0,4.6,4.0,2024-05-07,2024-05-11,2024-05-10,Sea,283,41,3014.65,123600.65,Cloudy,North,No,92.9,Delhivery,,1,0,1
7671,4871.0,4.2,5.0,2024-02-19,2024-02-24,2024-02-29,Road,132,72,1129.67,81336.24,Rainy,Central,Yes,82.1,Delhivery,Customs,0,0,1
7672,9300.0,3.1,4.0,2024-08-06,2024-08-10,2024-08-15,Road,783,9,4187.15,37684.35,Rainy,East,Yes,90.4,Delhivery,Operational,0,0,1
7673,8247.0,2.8,7.0,2024-10-10,2024-10-17,2024-10-19,Sea,86,43,1114.0,47902.0,Cloudy,East,No,89.5,FedEx,,0,0,1
7674,2539.0,3.8,6.0,2024-09-26,2024-10-02,2024-10-06,Air,482,18,3090.64,55631.52,Rainy,East,No,83.4,EcomExpress,Traffic,0,0,1
7675,2795.0,4.7,3.0,2024-08-20,2024-08-23,2024-08-26,Sea,59,29,803.34,23296.86,Clear,Central,Yes,93.9,FedEx,Traffic,0,0,1
7676,5089.0,3.6,6.0,2024-01-03,2024-01-09,2024-01-13,Road,214,16,1036.2,16579.2,Rainy,North,No,99.6,Delhivery,Traffic,0,0,1
7677,9211.0,3.5,9.0,2024-06-29,2024-07-08,2024-07-08,Sea,910,27,4875.32,131633.64,Rainy,West,No,80.6,Delhivery,Operational,1,1,1
7678,1299.0,3.8,3.0,2024-03-05,2024-03-08,2024-03-12,Road,1451,65,4515.44,293503.6,Clear,North,No,91.8,DHL,Operational,0,0,1
7679,5307.0,3.8,7.0,2024-02-22,2024-02-29,2024-02-29,Sea,1019,24,242.51,5820.24,Rainy,North,Yes,90.8,BlueDart,Weather,1,0,1
7680,7227.0,2.6,10.0,2024-03-12,2024-03-22,2024-03-21,Air,1463,50,3693.34,184667.0,Cloudy,North,Yes,81.9,BlueDart,Traffic,1,0,1
7681,9231.0,2.7,5.0,2024-06-06,2024-06-11,2024-06-11,Sea,1463,63,811.79,51142.77,Storm,Central,No,91.2,EcomExpress,,1,0,1
7682,8193.0,3.5,6.0,2024-07-11,2024-07-17,2024-07-19,Air,177,56,1369.92,76715.52,Cloudy,North,Yes,99.6,FedEx,Traffic,0,0,1
7683,5954.0,3.9,3.0,2024-01-02,2024-01-05,2024-01-04,Air,658,2,4202.43,8404.86,Clear,West,No,90.8,Delhivery,Customs,1,0,1
7684,3276.0,3.5,7.0,2024-08-30,2024-09-06,2024-09-08,Air,1049,76,3040.23,231057.48,Rainy,West,No,89.7,BlueDart,Operational,0,0,1
7685,3112.0,4.3,10.0,2024-06-13,2024-06-23,2024-06-27,Sea,1442,30,133.4,4002.0,Clear,Central,Yes,90.3,DHL,Weather,0,0,1
7686,2696.0,3.1,8.0,2024-01-25,2024-02-02,2024-02-02,Sea,161,8,4393.8,35150.4,Clear,Central,No,83.8,Delhivery,Traffic,1,0,1
7687,7653.0,3.6,5.0,2024-03-28,2024-04-02,2024-04-05,Road,1060,30,2230.26,66907.8,Cloudy,West,Yes,74.5,DHL,Traffic,0,0,1
7688,4056.0,4.8,6.0,2024-08-25,2024-08-31,2024-09-05,Air,271,48,128.78,6181.44,Cloudy,Central,Yes,88.8,EcomExpress,Weather,0,1,0
7689,9730.0,3.9,6.0,2024-06-08,2024-06-14,2024-06-15,Air,447,73,3665.39,267573.47,Rainy,Central,Yes,97.4,EcomExpress,Operational,0,1,0
7690,7381.0,2.7,9.0,2024-01-26,2024-02-04,2024-02-09,Air,58,84,1674.12,140626.08,Clear,Central,Yes,96.1,EcomExpress,,0,0,1
7691,2592.0,2.6,9.0,2024-01-06,2024-01-15,2024-01-20,Sea,1423,62,2866.76,177739.12,Cloudy,Central,Yes,93.0,Delhivery,Operational,0,1,0
7692,4919.0,4.8,4.0,2024-11-18,2024-11-22,2024-11-24,Air,549,47,3014.35,141674.45,Storm,North,Yes,88.6,Delhivery,Customs,0,0,1
7693,6470.0,4.1,5.0,2024-09-18,2024-09-23,2024-09-26,Air,239,33,3301.75,108957.75,Storm,South,Yes,75.6,DHL,Weather,0,0,1
7694,7606.0,4.5,10.0,2024-05-22,2024-06-01,2024-06-03,Road,181,42,4015.87,168666.54,Clear,South,Yes,97.1,FedEx,Traffic,0,0,1
7695,7023.0,3.7,7.0,2024-07-22,2024-07-29,2024-08-03,Road,451,62,620.15,38449.3,Cloudy,Central,No,92.3,EcomExpress,Traffic,0,0,1
7696,7565.0,3.1,9.0,2024-03-26,2024-04-04,2024-04-06,Air,1106,46,4603.03,211739.38,Storm,South,No,99.3,BlueDart,Operational,0,0,1
7697,4005.0,3.8,9.0,2024-10-26,2024-11-04,2024-11-04,Air,444,95,2229.43,211795.85,Storm,North,No,79.4,DHL,,1,1,1
7698,3921.0,3.5,6.0,2024-09-28,2024-10-04,2024-10-06,Air,1302,58,2286.68,132627.44,Storm,East,No,78.4,FedEx,Weather,0,1,0
7699,5865.0,3.5,8.0,2024-08-13,2024-08-21,2024-08-26,Sea,973,38,2144.13,81476.94,Cloudy,South,No,86.5,DHL,Weather,0,0,1
7700,4370.0,3.9,6.0,2024-02-22,2024-02-28,2024-03-04,Air,323,75,371.43,27857.25,Storm,North,Yes,94.2,EcomExpress,,0,0,1
7701,8386.0,3.5,5.0,2024-06-08,2024-06-13,2024-06-13,Sea,174,36,3863.72,139093.92,Clear,South,Yes,96.0,FedEx,Weather,1,1,1
7702,2297.0,4.8,10.0,2024-04-17,2024-04-27,2024-04-28,Road,654,94,2759.2,259364.8,Cloudy,West,No,83.0,FedEx,Traffic,0,0,1
7703,6806.0,3.8,3.0,2024-07-25,2024-07-28,2024-08-02,Sea,1351,43,3190.5,137191.5,Cloudy,North,No,82.2,BlueDart,Weather,0,0,1
7704,7135.0,4.5,3.0,2024-04-28,2024-05-01,2024-05-06,Road,1442,57,3558.73,202847.61,Clear,North,Yes,91.0,EcomExpress,Customs,0,1,0
7705,4065.0,3.8,6.0,2024-05-21,2024-05-27,2024-05-30,Air,179,87,3377.46,293839.02,Clear,South,Yes,74.8,BlueDart,,0,0,1
7706,5620.0,4.6,6.0,2024-05-05,2024-05-11,2024-05-13,Sea,191,24,2671.98,64127.52,Storm,West,Yes,95.3,EcomExpress,Customs,0,1,0
7707,5851.0,3.2,7.0,2024-11-05,2024-11-12,2024-11-14,Sea,371,5,4037.78,20188.9,Cloudy,South,No,77.6,FedEx,,0,0,1
7708,8602.0,4.7,4.0,2024-05-11,2024-05-15,2024-05-20,Air,1213,92,105.67,9721.64,Cloudy,East,No,94.1,FedEx,,0,1,0
7709,5188.0,4.2,10.0,2024-10-17,2024-10-27,2024-11-01,Sea,1289,89,2849.72,253625.08,Storm,East,No,98.2,EcomExpress,Traffic,0,0,1
7710,6626.0,4.2,4.0,2024-06-11,2024-06-15,2024-06-16,Air,602,86,4047.51,348085.86,Clear,North,Yes,99.6,BlueDart,Weather,0,0,1
7711,5552.0,4.5,8.0,2024-03-09,2024-03-17,2024-03-18,Road,553,66,3590.98,237004.68,Rainy,Central,No,86.8,DHL,,0,1,0
7712,4099.0,3.7,7.0,2024-04-04,2024-04-11,2024-04-10,Sea,1232,3,628.75,1886.25,Cloudy,Central,Yes,84.5,Delhivery,,1,0,1
7713,3121.0,4.6,4.0,2024-05-19,2024-05-23,2024-05-24,Sea,143,98,4281.03,419540.94,Storm,East,No,96.8,Delhivery,Weather,0,1,0
7714,2455.0,4.9,4.0,2024-03-06,2024-03-10,2024-03-10,Sea,633,15,1923.55,28853.25,Clear,North,Yes,73.9,FedEx,Operational,1,0,1
7715,5687.0,4.5,6.0,2024-02-07,2024-02-13,2024-02-12,Road,237,9,4923.32,44309.88,Storm,Central,Yes,97.6,Delhivery,,1,0,1
7716,8015.0,3.6,7.0,2024-10-17,2024-10-24,2024-10-28,Sea,330,42,3666.23,153981.66,Cloudy,North,Yes,84.0,EcomExpress,Weather,0,0,1
7717,1122.0,4.6,3.0,2024-04-22,2024-04-25,2024-04-30,Sea,1455,49,2268.35,111149.15,Rainy,East,No,87.6,DHL,Traffic,0,0,1
7718,1890.0,3.2,9.0,2024-01-10,2024-01-19,2024-01-23,Sea,975,3,2857.88,8573.64,Clear,West,Yes,96.6,EcomExpress,Weather,0,0,1
7719,1574.0,2.5,6.0,2024-06-07,2024-06-13,2024-06-15,Air,312,22,1033.33,22733.26,Cloudy,South,No,97.5,Delhivery,Operational,0,0,1
7720,2302.0,2.6,7.0,2024-10-06,2024-10-13,2024-10-13,Sea,869,45,4194.77,188764.65,Clear,West,No,82.3,DHL,,1,1,1
7721,5244.0,3.2,6.0,2024-02-25,2024-03-02,2024-03-02,Sea,1170,51,1900.37,96918.87,Storm,East,Yes,96.0,FedEx,Operational,1,1,1
7722,6852.0,4.4,3.0,2024-09-30,2024-10-03,2024-10-08,Sea,1466,43,2354.44,101240.92,Rainy,Central,No,75.7,EcomExpress,Weather,0,0,1
7723,9863.0,2.7,5.0,2024-04-04,2024-04-09,2024-04-14,Air,908,88,4273.75,376090.0,Rainy,West,Yes,76.6,FedEx,Operational,0,0,1
7724,8200.0,3.0,6.0,2024-02-18,2024-02-24,2024-02-27,Sea,1042,53,2459.83,130370.99,Storm,West,Yes,81.6,Delhivery,Weather,0,1,0
7725,8813.0,4.9,7.0,2024-05-22,2024-05-29,2024-05-28,Road,199,30,1462.55,43876.5,Rainy,North,Yes,81.3,Delhivery,,1,0,1
7726,7318.0,4.3,7.0,2024-01-07,2024-01-14,2024-01-17,Air,1163,34,174.46,5931.64,Clear,East,Yes,97.8,FedEx,Traffic,0,1,0
7727,5633.0,3.5,10.0,2024-01-08,2024-01-18,2024-01-18,Sea,625,90,3775.42,339787.8,Clear,West,Yes,89.3,DHL,Weather,1,0,1
7728,8480.0,3.3,2.0,2024-04-08,2024-04-10,2024-04-15,Air,735,95,1736.06,164925.7,Cloudy,Central,Yes,71.4,FedEx,Customs,0,0,1
7729,1452.0,3.8,7.0,2024-05-09,2024-05-16,2024-05-16,Air,1301,63,1308.41,82429.83,Storm,South,Yes,99.7,FedEx,Operational,1,0,1
7730,7076.0,3.8,10.0,2024-08-19,2024-08-29,2024-09-03,Air,249,11,3862.01,42482.11,Storm,West,Yes,80.3,BlueDart,Customs,0,0,1
7731,1066.0,4.2,5.0,2024-03-28,2024-04-02,2024-04-06,Road,1268,25,3928.49,98212.25,Clear,East,No,82.8,BlueDart,Weather,0,0,1
7732,7375.0,4.1,7.0,2024-01-20,2024-01-27,2024-01-28,Road,1339,44,3963.84,174408.96,Cloudy,West,Yes,75.8,BlueDart,Traffic,0,1,0
7733,6613.0,2.9,8.0,2024-01-15,2024-01-23,2024-01-23,Sea,662,28,605.25,16947.0,Storm,West,No,89.3,DHL,Customs,1,0,1
7734,1884.0,3.0,9.0,2024-03-22,2024-03-31,2024-04-03,Air,719,70,411.42,28799.4,Cloudy,South,Yes,74.0,EcomExpress,Operational,0,0,1
7735,2315.0,3.1,9.0,2024-08-03,2024-08-12,2024-08-17,Road,1478,57,1727.94,98492.58,Storm,West,Yes,77.8,BlueDart,Customs,0,1,0
7736,5863.0,4.9,5.0,2024-11-12,2024-11-17,2024-11-21,Air,374,76,1830.53,139120.28,Cloudy,South,No,81.5,FedEx,Operational,0,0,1
7737,5218.0,3.0,7.0,2024-08-04,2024-08-11,2024-08-16,Sea,943,90,4597.19,413747.1,Clear,Central,No,76.3,Delhivery,Customs,0,1,0
7738,5617.0,3.4,9.0,2024-07-06,2024-07-15,2024-07-18,Air,164,29,4444.69,128896.01,Rainy,South,No,72.8,BlueDart,Customs,0,1,0
7739,5434.0,3.8,9.0,2024-11-24,2024-12-03,2024-12-08,Sea,180,9,649.49,5845.41,Cloudy,Central,No,90.7,DHL,,0,1,0
7740,3401.0,2.8,2.0,2024-06-01,2024-06-03,2024-06-03,Sea,310,64,1549.1,99142.4,Clear,North,No,83.0,EcomExpress,Customs,1,1,1
7741,9821.0,4.6,3.0,2024-10-27,2024-10-30,2024-11-04,Sea,283,44,1171.86,51561.84,Cloudy,South,No,93.7,EcomExpress,Customs,0,1,0
7742,1169.0,3.7,5.0,2024-01-10,2024-01-15,2024-01-20,Air,1083,52,4567.53,237511.56,Cloudy,South,Yes,98.9,DHL,Operational,0,0,1
7743,1471.0,3.3,5.0,2024-01-22,2024-01-27,2024-01-28,Air,1431,17,1402.06,23835.02,Clear,East,No,99.4,DHL,Operational,0,0,1
7744,1686.0,3.7,9.0,2024-10-23,2024-11-01,2024-11-06,Road,1412,7,947.97,6635.79,Rainy,South,No,98.2,BlueDart,Customs,0,0,1
7745,9931.0,3.8,7.0,2024-10-25,2024-11-01,2024-10-31,Road,896,28,4268.61,119521.08,Clear,Central,No,87.3,EcomExpress,,1,0,1
7746,2954.0,4.3,6.0,2024-08-17,2024-08-23,2024-08-28,Air,672,55,275.8,15169.0,Clear,West,Yes,71.2,DHL,Weather,0,1,0
7747,8959.0,4.4,10.0,2024-10-28,2024-11-07,2024-11-10,Road,735,79,755.47,59682.13,Rainy,North,No,77.2,Delhivery,Weather,0,0,1
7748,3008.0,4.3,7.0,2024-06-13,2024-06-20,2024-06-21,Air,476,31,445.56,13812.36,Rainy,Central,Yes,71.9,FedEx,Customs,0,0,1
7749,1577.0,4.0,5.0,2024-05-21,2024-05-26,2024-05-30,Road,544,55,850.49,46776.95,Cloudy,Central,Yes,84.3,BlueDart,,0,0,1
7750,9909.0,4.4,3.0,2024-05-08,2024-05-11,2024-05-12,Air,561,13,145.02,1885.26,Cloudy,East,Yes,78.3,DHL,Operational,0,0,1
7751,8053.0,2.8,3.0,2024-03-16,2024-03-19,2024-03-22,Road,1479,47,4916.44,231072.68,Rainy,East,No,78.4,Delhivery,Weather,0,1,0
7752,4499.0,2.8,8.0,2024-06-12,2024-06-20,2024-06-20,Road,93,31,967.54,29993.74,Clear,East,Yes,70.5,FedEx,Customs,1,0,1
7753,3183.0,5.0,3.0,2024-03-28,2024-03-31,2024-04-05,Air,870,22,2471.32,54369.04,Storm,Central,No,76.7,EcomExpress,Weather,0,0,1
7754,5125.0,2.5,7.0,2024-09-29,2024-10-06,2024-10-05,Air,127,74,4749.17,351438.58,Cloudy,Central,Yes,86.9,BlueDart,Operational,1,1,1
7755,9070.0,2.6,5.0,2024-05-30,2024-06-04,2024-06-03,Road,795,38,864.75,32860.5,Storm,West,Yes,93.2,DHL,Weather,1,0,1
7756,9897.0,3.5,8.0,2024-09-25,2024-10-03,2024-10-05,Road,196,86,1699.67,146171.62,Storm,Central,No,82.7,Delhivery,,0,0,1
7757,6169.0,2.7,5.0,2024-01-24,2024-01-29,2024-02-01,Air,855,60,868.33,52099.8,Clear,West,Yes,98.3,Delhivery,Customs,0,0,1
7758,9585.0,4.9,7.0,2024-05-11,2024-05-18,2024-05-20,Road,1300,32,2305.57,73778.24,Clear,West,Yes,79.0,FedEx,,0,1,0
7759,5280.0,3.2,5.0,2024-10-26,2024-10-31,2024-10-30,Sea,206,14,1727.29,24182.06,Storm,North,No,96.4,DHL,Weather,1,1,1
7760,8187.0,3.3,10.0,2024-08-02,2024-08-12,2024-08-16,Sea,61,23,2220.52,51071.96,Rainy,East,No,98.4,EcomExpress,Customs,0,0,1
7761,8183.0,3.1,8.0,2024-09-24,2024-10-02,2024-10-07,Road,689,32,952.68,30485.76,Cloudy,Central,No,91.0,FedEx,Customs,0,0,1
7762,8611.0,4.5,3.0,2024-07-26,2024-07-29,2024-08-03,Sea,567,77,800.01,61600.77,Rainy,Central,No,80.6,DHL,,0,0,1
7763,1431.0,3.1,10.0,2024-03-14,2024-03-24,2024-03-29,Air,642,96,914.42,87784.32,Rainy,East,No,83.2,Delhivery,Customs,0,0,1
7764,4226.0,3.2,5.0,2024-11-09,2024-11-14,2024-11-15,Road,1184,2,3311.68,6623.36,Clear,West,No,73.6,Delhivery,,0,1,0
7765,3762.0,2.9,5.0,2024-07-04,2024-07-09,2024-07-14,Air,156,17,858.65,14597.05,Cloudy,East,Yes,84.0,FedEx,Traffic,0,0,1
7766,8709.0,2.5,9.0,2024-08-05,2024-08-14,2024-08-16,Road,1114,41,2956.54,121218.14,Storm,Central,No,87.5,BlueDart,,0,0,1
7767,6107.0,3.2,7.0,2024-02-13,2024-02-20,2024-02-22,Road,1294,31,1746.95,54155.45,Storm,East,No,96.0,DHL,Customs,0,0,1
7768,8691.0,3.1,6.0,2024-10-14,2024-10-20,2024-10-22,Road,225,41,3340.1,136944.1,Clear,Central,No,73.6,EcomExpress,Customs,0,0,1
7769,9573.0,3.7,3.0,2024-05-14,2024-05-17,2024-05-20,Sea,906,22,4202.69,92459.18,Cloudy,West,No,98.4,DHL,,0,0,1
7770,7534.0,4.0,2.0,2024-11-10,2024-11-12,2024-11-11,Air,125,2,1184.13,2368.26,Rainy,South,No,91.7,Delhivery,Weather,1,1,1
7771,8398.0,4.2,6.0,2024-03-13,2024-03-19,2024-03-23,Road,1415,10,3382.02,33820.2,Clear,West,Yes,99.4,Delhivery,Weather,0,0,1
7772,9285.0,3.7,7.0,2024-06-12,2024-06-19,2024-06-23,Sea,399,13,3667.93,47683.09,Rainy,East,No,80.2,DHL,Customs,0,0,1
7773,3141.0,2.9,8.0,2024-11-04,2024-11-12,2024-11-14,Road,1176,31,2165.19,67120.89,Clear,East,No,94.8,Delhivery,Operational,0,0,1
7774,1377.0,4.9,6.0,2024-05-23,2024-05-29,2024-05-29,Sea,163,63,2683.31,169048.53,Rainy,Central,Yes,97.4,EcomExpress,,1,0,1
7775,8630.0,3.3,7.0,2024-07-24,2024-07-31,2024-08-01,Sea,600,57,2514.63,143333.91,Rainy,East,Yes,98.5,BlueDart,,0,0,1
7776,7564.0,3.2,8.0,2024-05-20,2024-05-28,2024-05-29,Sea,759,1,698.06,698.06,Storm,East,No,70.4,Delhivery,Customs,0,0,1
7777,5381.0,3.2,3.0,2024-05-16,2024-05-19,2024-05-24,Air,67,23,1737.13,39953.99,Cloudy,South,No,79.8,FedEx,Customs,0,0,1
7778,2797.0,4.3,4.0,2024-01-12,2024-01-16,2024-01-18,Road,722,57,3154.73,179819.61,Cloudy,North,No,81.5,BlueDart,,0,0,1
7779,7428.0,4.8,5.0,2024-10-23,2024-10-28,2024-10-28,Sea,463,60,4812.22,288733.2,Cloudy,North,No,82.1,EcomExpress,Traffic,1,0,1
7780,1636.0,3.9,8.0,2024-01-20,2024-01-28,2024-01-30,Air,793,1,721.14,721.14,Clear,North,Yes,88.5,FedEx,Weather,0,1,0
7781,4088.0,3.0,4.0,2024-03-30,2024-04-03,2024-04-03,Road,846,92,2674.64,246066.88,Rainy,South,Yes,70.6,BlueDart,Traffic,1,1,1
7782,1377.0,4.3,7.0,2024-08-01,2024-08-08,2024-08-12,Road,1340,75,1323.53,99264.75,Cloudy,South,Yes,75.5,BlueDart,Customs,0,0,1
7783,9678.0,2.9,9.0,2024-05-21,2024-05-30,2024-06-02,Sea,596,4,877.68,3510.72,Clear,North,Yes,93.5,Delhivery,,0,0,1
7784,1017.0,3.6,5.0,2024-07-25,2024-07-30,2024-08-03,Air,1234,10,4992.15,49921.5,Storm,North,Yes,78.6,FedEx,,0,0,1
7785,4155.0,3.4,3.0,2024-04-16,2024-04-19,2024-04-23,Road,1206,86,1404.8,120812.8,Clear,West,Yes,71.8,BlueDart,Operational,0,0,1
7786,8271.0,4.3,6.0,2024-10-17,2024-10-23,2024-10-23,Air,425,73,4711.75,343957.75,Cloudy,Central,Yes,72.6,FedEx,Weather,1,0,1
7787,7520.0,4.0,3.0,2024-06-13,2024-06-16,2024-06-21,Sea,681,54,1915.58,103441.32,Rainy,East,Yes,77.3,Delhivery,Traffic,0,0,1
7788,8200.0,3.4,6.0,2024-08-26,2024-09-01,2024-08-31,Road,1477,8,1273.36,10186.88,Rainy,North,Yes,92.4,DHL,,1,0,1
7789,6037.0,3.4,2.0,2024-07-25,2024-07-27,2024-07-27,Road,105,24,3896.6,93518.4,Rainy,West,No,97.3,DHL,Customs,1,0,1
7790,9554.0,2.9,6.0,2024-10-11,2024-10-17,2024-10-22,Air,14,85,1902.13,161681.05,Cloudy,South,Yes,75.1,FedEx,Customs,0,0,1
7791,5882.0,4.3,8.0,2024-01-03,2024-01-11,2024-01-14,Road,522,20,797.92,15958.4,Cloudy,East,No,94.2,DHL,Traffic,0,0,1
7792,5763.0,2.9,2.0,2024-06-28,2024-06-30,2024-07-03,Sea,72,37,1754.33,64910.21,Storm,North,Yes,73.3,FedEx,Operational,0,0,1
7793,4852.0,2.6,5.0,2024-10-06,2024-10-11,2024-10-16,Road,772,3,767.87,2303.61,Storm,East,No,75.2,Delhivery,Traffic,0,1,0
7794,1541.0,4.7,7.0,2024-01-28,2024-02-04,2024-02-04,Sea,986,58,3618.67,209882.86,Storm,South,Yes,75.7,FedEx,Customs,1,1,1
7795,5797.0,4.8,4.0,2024-08-21,2024-08-25,2024-08-26,Road,482,16,4438.07,71009.12,Storm,West,Yes,83.0,DHL,Customs,0,0,1
7796,9909.0,3.2,9.0,2024-01-04,2024-01-13,2024-01-12,Air,1385,6,1088.87,6533.22,Storm,West,No,87.7,EcomExpress,,1,0,1
7797,1114.0,4.0,5.0,2024-07-31,2024-08-05,2024-08-04,Air,872,68,4917.77,334408.36,Cloudy,East,No,88.2,Delhivery,Customs,1,0,1
7798,3145.0,4.5,6.0,2024-02-29,2024-03-06,2024-03-07,Road,969,14,2467.12,34539.68,Cloudy,East,No,93.5,BlueDart,Operational,0,0,1
7799,4222.0,3.7,9.0,2024-11-22,2024-12-01,2024-11-30,Sea,1421,7,3428.84,24001.88,Rainy,Central,No,98.2,Delhivery,Weather,1,0,1
7800,2544.0,4.5,6.0,2024-08-30,2024-09-05,2024-09-08,Sea,949,80,2777.32,222185.6,Clear,Central,Yes,98.1,FedEx,,0,0,1
7801,5553.0,2.7,2.0,2024-09-07,2024-09-09,2024-09-09,Sea,1332,80,4567.73,365418.4,Clear,South,Yes,91.9,FedEx,Traffic,1,1,1
7802,2348.0,3.4,4.0,2024-04-23,2024-04-27,2024-05-01,Sea,466,20,2355.82,47116.4,Storm,West,No,80.9,Delhivery,,0,0,1
7803,9522.0,3.8,6.0,2024-01-05,2024-01-11,2024-01-10,Sea,1457,4,856.96,3427.84,Rainy,North,No,80.8,BlueDart,Traffic,1,0,1
7804,5981.0,2.6,9.0,2024-02-26,2024-03-06,2024-03-10,Road,1468,74,4013.9,297028.6,Rainy,Central,No,84.5,Delhivery,,0,0,1
7805,4221.0,2.7,4.0,2024-01-31,2024-02-04,2024-02-06,Air,1374,2,3041.26,6082.52,Clear,South,No,89.5,DHL,Operational,0,0,1
7806,4120.0,4.4,7.0,2024-10-09,2024-10-16,2024-10-21,Sea,790,42,2655.59,111534.78,Clear,Central,Yes,73.8,FedEx,,0,0,1
7807,5201.0,3.4,4.0,2024-11-13,2024-11-17,2024-11-18,Sea,380,87,4919.35,427983.45,Storm,Central,Yes,73.2,BlueDart,Operational,0,0,1
7808,3319.0,4.8,7.0,2024-06-20,2024-06-27,2024-07-01,Sea,1391,25,3412.1,85302.5,Storm,South,Yes,89.4,BlueDart,Operational,0,0,1
7809,7791.0,4.0,8.0,2024-08-25,2024-09-02,2024-09-07,Road,1116,69,3090.67,213256.23,Rainy,Central,Yes,76.3,Delhivery,,0,1,0
7810,4304.0,4.7,6.0,2024-03-12,2024-03-18,2024-03-18,Air,1182,46,4614.74,212278.04,Clear,North,No,72.8,Delhivery,Weather,1,0,1
7811,3088.0,4.3,2.0,2024-04-02,2024-04-04,2024-04-09,Road,257,31,1829.01,56699.31,Cloudy,Central,No,91.0,BlueDart,Traffic,0,0,1
7812,4757.0,4.1,5.0,2024-06-05,2024-06-10,2024-06-11,Air,884,48,174.06,8354.88,Storm,East,Yes,80.8,EcomExpress,,0,0,1
7813,3091.0,3.4,8.0,2024-06-28,2024-07-06,2024-07-05,Sea,692,60,4577.91,274674.6,Clear,East,Yes,94.3,Delhivery,Traffic,1,0,1
7814,1592.0,4.1,2.0,2024-01-15,2024-01-17,2024-01-21,Road,1422,81,346.98,28105.38,Cloudy,South,No,85.2,DHL,Customs,0,0,1
7815,2853.0,4.9,8.0,2024-05-12,2024-05-20,2024-05-23,Sea,753,85,756.68,64317.8,Storm,West,Yes,84.7,DHL,Traffic,0,1,0
7816,7654.0,4.9,10.0,2024-10-28,2024-11-07,2024-11-06,Air,1004,2,4427.1,8854.2,Clear,South,No,88.5,BlueDart,Customs,1,0,1
7817,1813.0,4.3,8.0,2024-09-28,2024-10-06,2024-10-08,Sea,345,29,720.54,20895.66,Clear,South,Yes,72.9,EcomExpress,Traffic,0,1,0
7818,9458.0,3.6,7.0,2024-06-05,2024-06-12,2024-06-13,Road,314,61,1480.61,90317.21,Clear,West,Yes,75.4,DHL,Customs,0,0,1
7819,5753.0,4.3,9.0,2024-04-24,2024-05-03,2024-05-08,Sea,48,65,1525.51,99158.15,Storm,East,Yes,90.2,BlueDart,Operational,0,0,1
7820,8330.0,3.7,6.0,2024-11-15,2024-11-21,2024-11-22,Air,1355,15,4128.48,61927.2,Cloudy,West,Yes,75.9,BlueDart,,0,0,1
7821,1030.0,5.0,9.0,2024-01-12,2024-01-21,2024-01-21,Air,1497,66,4391.61,289846.26,Rainy,West,Yes,72.4,Delhivery,Operational,1,0,1
7822,1106.0,4.7,4.0,2024-11-02,2024-11-06,2024-11-06,Road,1271,57,643.55,36682.35,Clear,North,Yes,71.3,BlueDart,Traffic,1,1,1
7823,8816.0,3.4,7.0,2024-10-16,2024-10-23,2024-10-27,Sea,494,37,4091.29,151377.73,Clear,Central,No,76.7,BlueDart,Customs,0,0,1
7824,8655.0,4.7,3.0,2024-01-06,2024-01-09,2024-01-14,Air,1054,54,3740.43,201983.22,Clear,North,No,78.7,BlueDart,Traffic,0,1,0
7825,6678.0,3.3,4.0,2024-10-16,2024-10-20,2024-10-24,Sea,229,56,2262.36,126692.16,Storm,West,No,86.9,FedEx,Traffic,0,0,1
7826,1909.0,5.0,4.0,2024-08-31,2024-09-04,2024-09-07,Sea,309,57,1584.86,90337.02,Rainy,Central,No,81.2,BlueDart,Weather,0,1,0
7827,7005.0,3.4,8.0,2024-03-11,2024-03-19,2024-03-20,Road,1336,45,4258.4,191628.0,Storm,South,Yes,99.4,FedEx,Weather,0,0,1
7828,1983.0,3.2,4.0,2024-09-24,2024-09-28,2024-09-27,Road,440,44,4614.84,203052.96,Rainy,North,Yes,85.8,FedEx,Customs,1,0,1
7829,1627.0,4.5,4.0,2024-07-13,2024-07-17,2024-07-19,Air,1211,83,4238.15,351766.45,Storm,East,No,74.0,DHL,Operational,0,1,0
7830,,4.8,,2024-02-10,2024-02-12,2024-02-14,Road,21,25,463.25,,Clear,East,No,73.5,Delhivery,Operational,0,1,0
7831,7027.0,4.0,4.0,2024-09-16,2024-09-20,2024-09-20,Road,710,18,4768.75,85837.5,Storm,West,No,89.8,EcomExpress,Operational,1,0,1
7832,3684.0,3.0,2.0,2024-01-25,2024-01-27,2024-02-01,Road,958,3,1075.49,3226.47,Rainy,South,Yes,78.1,DHL,Customs,0,0,1
7833,3044.0,4.9,6.0,2024-11-17,2024-11-23,2024-11-23,Road,1373,63,2206.55,139012.65,Cloudy,East,Yes,79.4,EcomExpress,Customs,1,1,1
7834,7696.0,4.2,3.0,2024-10-10,2024-10-13,2024-10-14,Air,342,30,4886.85,146605.5,Rainy,South,Yes,71.6,FedEx,Weather,0,0,1
7835,9055.0,2.6,8.0,2024-07-26,2024-08-03,2024-08-06,Air,39,66,3117.11,205729.26,Rainy,South,No,82.1,EcomExpress,Traffic,0,0,1
7836,4493.0,4.6,7.0,2024-06-06,2024-06-13,2024-06-16,Sea,990,96,486.28,46682.88,Rainy,South,No,74.4,FedEx,Customs,0,0,1
7837,8562.0,2.8,6.0,2024-09-10,2024-09-16,2024-09-16,Road,195,53,4794.17,254091.01,Cloudy,Central,Yes,99.6,FedEx,,1,0,1
7838,1801.0,4.0,3.0,2024-08-06,2024-08-09,2024-08-08,Sea,1392,46,4973.91,228799.86,Clear,North,No,76.4,BlueDart,Traffic,1,0,1
7839,4108.0,3.8,2.0,2024-04-13,2024-04-15,2024-04-14,Air,432,17,2453.61,41711.37,Cloudy,West,Yes,83.4,EcomExpress,,1,1,1
7840,1548.0,4.1,3.0,2024-09-05,2024-09-08,2024-09-08,Road,36,99,3455.66,342110.34,Storm,North,Yes,81.1,Delhivery,Traffic,1,0,1
7841,6521.0,3.4,6.0,2024-06-23,2024-06-29,2024-06-29,Sea,1101,59,1552.77,91613.43,Clear,North,No,88.0,EcomExpress,Traffic,1,1,1
7842,8894.0,3.7,9.0,2024-05-19,2024-05-28,2024-06-02,Sea,711,25,866.48,21662.0,Clear,East,Yes,99.8,BlueDart,Operational,0,1,0
7843,1406.0,5.0,2.0,2024-11-06,2024-11-08,2024-11-08,Sea,133,50,2901.89,145094.5,Cloudy,North,No,98.9,DHL,Traffic,1,0,1
7844,8009.0,3.7,4.0,2024-06-07,2024-06-11,2024-06-15,Road,1436,88,3544.11,311881.68,Clear,North,Yes,82.9,DHL,Weather,0,0,1
7845,3681.0,2.8,5.0,2024-07-30,2024-08-04,2024-08-05,Air,1197,19,3157.82,59998.58,Rainy,North,Yes,82.8,FedEx,Weather,0,0,1
7846,5057.0,4.5,2.0,2024-06-17,2024-06-19,2024-06-22,Air,1032,94,2457.25,230981.5,Clear,North,Yes,99.8,DHL,Operational,0,0,1
7847,5867.0,3.4,4.0,2024-03-09,2024-03-13,2024-03-16,Road,1157,92,642.13,59075.96,Rainy,East,Yes,89.0,BlueDart,Traffic,0,1,0
7848,4032.0,4.5,8.0,2024-01-17,2024-01-25,2024-01-27,Air,967,64,4993.37,319575.68,Clear,East,Yes,85.9,EcomExpress,Traffic,0,0,1
7849,5731.0,4.9,4.0,2024-08-08,2024-08-12,2024-08-16,Sea,975,12,1765.33,21183.96,Rainy,East,No,84.5,FedEx,Customs,0,0,1
7850,2798.0,3.4,4.0,2024-06-09,2024-06-13,2024-06-12,Road,226,90,576.55,51889.5,Storm,South,Yes,76.0,FedEx,Weather,1,1,1
7851,8039.0,4.0,8.0,2024-05-09,2024-05-17,2024-05-22,Sea,538,30,4524.3,135729.0,Storm,North,Yes,97.3,FedEx,Operational,0,0,1
7852,8208.0,2.7,4.0,2024-11-06,2024-11-10,2024-11-14,Road,716,85,3641.54,309530.9,Rainy,Central,Yes,85.5,EcomExpress,Traffic,0,0,1
7853,7221.0,3.9,4.0,2024-07-13,2024-07-17,2024-07-22,Road,451,62,4859.74,301303.88,Storm,East,No,99.1,DHL,Operational,0,1,0
7854,1550.0,4.1,2.0,2024-06-26,2024-06-28,2024-06-27,Sea,304,92,4513.53,415244.76,Cloudy,West,Yes,71.0,EcomExpress,Operational,1,0,1
7855,5190.0,3.8,6.0,2024-02-06,2024-02-12,2024-02-12,Road,924,3,890.0,2670.0,Rainy,West,No,73.6,FedEx,Traffic,1,0,1
7856,8073.0,4.1,4.0,2024-06-27,2024-07-01,2024-07-03,Road,916,93,4878.32,453683.76,Storm,West,No,83.7,Delhivery,Traffic,0,0,1
7857,4862.0,3.1,8.0,2024-03-29,2024-04-06,2024-04-09,Road,1353,94,3187.0,299578.0,Cloudy,South,Yes,80.8,BlueDart,,0,0,1
7858,9060.0,4.6,7.0,2024-03-20,2024-03-27,2024-03-27,Road,871,98,305.38,29927.24,Rainy,Central,Yes,82.4,DHL,Operational,1,0,1
7859,9692.0,4.3,7.0,2024-10-12,2024-10-19,2024-10-19,Road,220,35,4102.84,143599.4,Rainy,South,Yes,89.9,Delhivery,,1,1,1
7860,1464.0,4.3,6.0,2024-01-15,2024-01-21,2024-01-24,Air,1010,85,480.4,40834.0,Cloudy,North,No,78.2,DHL,Traffic,0,0,1
7861,3278.0,2.7,9.0,2024-10-17,2024-10-26,2024-10-29,Sea,380,80,2281.47,182517.6,Rainy,West,Yes,88.0,EcomExpress,Customs,0,0,1
7862,4121.0,4.2,8.0,2024-10-18,2024-10-26,2024-10-29,Road,1371,96,3305.37,317315.52,Clear,East,No,82.3,FedEx,Operational,0,0,1
7863,8896.0,3.1,4.0,2024-06-07,2024-06-11,2024-06-12,Air,1342,8,3406.14,27249.12,Clear,North,No,94.0,DHL,Weather,0,0,1
7864,8875.0,2.8,2.0,2024-03-20,2024-03-22,2024-03-26,Air,129,20,106.78,2135.6,Rainy,North,No,82.1,FedEx,,0,0,1
7865,3143.0,4.4,2.0,2024-10-21,2024-10-23,2024-10-22,Sea,1225,52,317.91,16531.32,Rainy,Central,Yes,78.2,DHL,Operational,1,0,1
7866,7498.0,2.6,6.0,2024-08-17,2024-08-23,2024-08-23,Air,672,53,614.63,32575.39,Rainy,Central,Yes,95.0,EcomExpress,Operational,1,1,1
7867,6251.0,3.2,8.0,2024-11-10,2024-11-18,2024-11-21,Road,553,54,3832.94,206978.76,Rainy,East,Yes,82.4,BlueDart,Traffic,0,1,0
7868,4604.0,3.1,3.0,2024-03-16,2024-03-19,2024-03-18,Air,704,18,2981.02,53658.36,Cloudy,South,No,74.7,EcomExpress,,1,1,1
7869,4478.0,3.2,10.0,2024-02-07,2024-02-17,2024-02-18,Air,687,99,1207.54,119546.46,Rainy,Central,Yes,95.9,EcomExpress,,0,0,1
7870,1541.0,3.6,7.0,2024-02-06,2024-02-13,2024-02-13,Air,1318,37,1204.95,44583.15,Clear,North,No,79.3,DHL,Traffic,1,0,1
7871,1364.0,3.7,9.0,2024-09-09,2024-09-18,2024-09-19,Air,190,58,1752.91,101668.78,Storm,North,Yes,98.6,EcomExpress,,0,0,1
7872,4568.0,2.6,8.0,2024-10-20,2024-10-28,2024-11-01,Sea,314,6,826.16,4956.96,Rainy,Central,No,78.9,Delhivery,,0,1,0
7873,9862.0,2.7,4.0,2024-11-14,2024-11-18,2024-11-20,Air,250,92,3087.81,284078.52,Cloudy,Central,No,90.9,EcomExpress,Customs,0,0,1
7874,7860.0,4.7,10.0,2024-01-19,2024-01-29,2024-02-02,Road,841,9,4421.41,39792.69,Clear,Central,Yes,70.1,BlueDart,Customs,0,0,1
7875,7346.0,3.1,2.0,2024-04-15,2024-04-17,2024-04-20,Air,965,96,1994.89,191509.44,Rainy,North,No,96.4,Delhivery,Operational,0,0,1
7876,2027.0,5.0,8.0,2024-01-20,2024-01-28,2024-01-30,Air,866,39,2866.25,111783.75,Storm,West,Yes,83.2,FedEx,Weather,0,1,0
7877,9177.0,4.7,5.0,2024-09-21,2024-09-26,2024-09-29,Sea,283,98,533.93,52325.14,Storm,West,Yes,99.3,FedEx,Weather,0,1,0
7878,9782.0,4.2,6.0,2024-07-11,2024-07-17,2024-07-19,Road,133,43,486.81,20932.83,Cloudy,West,Yes,70.2,FedEx,Weather,0,0,1
7879,5250.0,3.9,6.0,2024-05-04,2024-05-10,2024-05-12,Air,1298,50,299.16,14958.0,Rainy,North,Yes,94.8,Delhivery,Operational,0,1,0
7880,1078.0,3.5,3.0,2024-08-04,2024-08-07,2024-08-06,Sea,953,27,2106.41,56873.07,Clear,West,Yes,94.4,Delhivery,Operational,1,1,1
7881,9287.0,3.1,5.0,2024-04-08,2024-04-13,2024-04-15,Road,1102,34,2404.94,81767.96,Storm,East,No,75.2,FedEx,Customs,0,0,1
7882,7521.0,4.7,9.0,2024-01-14,2024-01-23,2024-01-27,Sea,677,1,457.97,457.97,Cloudy,South,No,83.7,DHL,Operational,0,1,0
7883,5610.0,5.0,9.0,2024-01-31,2024-02-09,2024-02-14,Road,495,15,3506.2,52593.0,Cloudy,North,No,90.5,BlueDart,Operational,0,0,1
7884,6952.0,2.8,8.0,2024-10-05,2024-10-13,2024-10-13,Road,905,61,4674.38,285137.18,Clear,South,Yes,96.6,DHL,Operational,1,1,1
7885,7112.0,2.8,8.0,2024-05-31,2024-06-08,2024-06-08,Road,746,25,2932.38,73309.5,Rainy,South,Yes,82.7,FedEx,Weather,1,0,1
7886,2191.0,3.4,10.0,2024-04-11,2024-04-21,2024-04-25,Air,1202,80,4513.44,361075.2,Clear,East,No,92.2,EcomExpress,Operational,0,0,1
7887,4471.0,3.1,8.0,2024-05-19,2024-05-27,2024-05-31,Road,1371,25,1512.45,37811.25,Rainy,Central,No,80.8,FedEx,,0,1,0
7888,4189.0,4.3,3.0,2024-08-18,2024-08-21,2024-08-21,Sea,1133,16,1508.96,24143.36,Clear,West,No,87.0,Delhivery,Operational,1,1,1
7889,4069.0,4.3,10.0,2024-04-23,2024-05-03,2024-05-04,Sea,720,76,135.76,10317.76,Clear,East,No,99.4,Delhivery,Operational,0,0,1
7890,9424.0,4.0,9.0,2024-11-08,2024-11-17,2024-11-21,Road,597,28,2782.44,77908.32,Cloudy,North,Yes,90.0,DHL,Operational,0,0,1
7891,1799.0,3.7,10.0,2024-09-11,2024-09-21,2024-09-21,Air,1228,48,4134.96,198478.08,Clear,Central,Yes,95.2,Delhivery,,1,0,1
7892,4475.0,3.8,6.0,2024-09-05,2024-09-11,2024-09-10,Sea,1165,47,4196.76,197247.72,Rainy,East,No,90.7,DHL,Operational,1,0,1
7893,3820.0,3.7,5.0,2024-08-12,2024-08-17,2024-08-17,Air,272,55,4858.17,267199.35,Cloudy,Central,Yes,94.4,Delhivery,,1,0,1
7894,5051.0,4.7,4.0,2024-07-01,2024-07-05,2024-07-04,Road,979,32,4542.0,145344.0,Storm,Central,No,74.6,EcomExpress,Operational,1,0,1
7895,6077.0,4.2,8.0,2024-01-02,2024-01-10,2024-01-09,Air,621,19,631.31,11994.89,Clear,North,Yes,89.5,FedEx,Weather,1,0,1
7896,8003.0,2.8,2.0,2024-04-21,2024-04-23,2024-04-28,Air,741,85,2899.27,246437.95,Clear,East,Yes,90.8,Delhivery,Operational,0,1,0
7897,2447.0,3.0,8.0,2024-07-25,2024-08-02,2024-08-01,Sea,1428,58,3476.53,201638.74,Storm,East,No,93.2,EcomExpress,,1,0,1
7898,2302.0,4.1,2.0,2024-01-27,2024-01-29,2024-01-28,Sea,1299,24,3819.5,91668.0,Clear,North,Yes,97.3,EcomExpress,Operational,1,1,1
7899,2597.0,3.2,6.0,2024-07-17,2024-07-23,2024-07-22,Air,733,6,4766.85,28601.1,Rainy,South,Yes,84.6,EcomExpress,,1,0,1
7900,9420.0,3.0,3.0,2024-08-16,2024-08-19,2024-08-18,Road,483,70,4449.65,311475.5,Storm,East,Yes,77.2,BlueDart,Customs,1,0,1
7901,5851.0,4.8,3.0,2024-09-06,2024-09-09,2024-09-09,Sea,417,67,1334.03,89380.01,Clear,South,No,90.8,DHL,Customs,1,0,1
7902,3782.0,3.6,10.0,2024-07-10,2024-07-20,2024-07-21,Air,974,99,4265.26,422260.74,Rainy,East,No,98.0,FedEx,Traffic,0,0,1
7903,5889.0,2.7,10.0,2024-05-15,2024-05-25,2024-05-29,Air,1327,87,1886.97,164166.39,Storm,South,No,98.1,Delhivery,Operational,0,0,1
7904,6682.0,4.4,3.0,2024-07-12,2024-07-15,2024-07-15,Road,1201,35,4100.53,143518.55,Storm,West,Yes,70.7,FedEx,Operational,1,0,1
7905,6272.0,3.2,8.0,2024-02-10,2024-02-18,2024-02-19,Sea,629,83,3892.4,323069.2,Rainy,West,Yes,91.6,FedEx,Traffic,0,1,0
7906,2931.0,4.2,9.0,2024-02-20,2024-02-29,2024-03-02,Air,446,60,3802.75,228165.0,Cloudy,North,No,98.7,BlueDart,Traffic,0,0,1
7907,3038.0,3.6,10.0,2024-10-25,2024-11-04,2024-11-07,Sea,352,10,4311.59,43115.9,Cloudy,Central,No,85.9,FedEx,Weather,0,0,1
7908,5778.0,2.8,2.0,2024-04-17,2024-04-19,2024-04-20,Road,1392,80,4109.86,328788.8,Cloudy,South,No,78.9,EcomExpress,Customs,0,0,1
7909,5517.0,3.9,5.0,2024-11-06,2024-11-11,2024-11-13,Sea,1323,40,2212.33,88493.2,Rainy,North,No,97.6,FedEx,Operational,0,0,1
7910,6971.0,4.6,9.0,2024-03-07,2024-03-16,2024-03-21,Road,967,29,1275.77,36997.33,Rainy,West,No,99.6,FedEx,Customs,0,0,1
7911,8664.0,4.8,10.0,2024-07-08,2024-07-18,2024-07-18,Road,660,21,475.05,9976.05,Clear,East,Yes,76.4,DHL,Operational,1,0,1
7912,3391.0,4.0,3.0,2024-07-06,2024-07-09,2024-07-14,Road,378,39,3293.89,128461.71,Clear,West,Yes,98.2,Delhivery,Weather,0,1,0
7913,7304.0,4.3,7.0,2024-08-07,2024-08-14,2024-08-16,Road,1004,27,2096.42,56603.34,Cloudy,West,Yes,76.9,EcomExpress,Weather,0,0,1
7914,7466.0,3.4,6.0,2024-05-15,2024-05-21,2024-05-24,Sea,1250,72,460.8,33177.6,Rainy,North,No,73.3,FedEx,,0,0,1
7915,8281.0,4.6,3.0,2024-06-08,2024-06-11,2024-06-10,Air,545,96,1565.34,150272.64,Clear,East,No,77.1,DHL,,1,1,1
7916,5036.0,3.5,7.0,2024-06-16,2024-06-23,2024-06-24,Sea,1354,55,1283.68,70602.4,Storm,Central,Yes,72.6,EcomExpress,Weather,0,1,0
7917,5974.0,3.1,10.0,2024-06-02,2024-06-12,2024-06-16,Air,697,45,1315.76,59209.2,Rainy,North,Yes,90.8,BlueDart,,0,1,0
7918,6656.0,4.1,10.0,2024-01-10,2024-01-20,2024-01-20,Sea,699,67,2137.65,143222.55,Rainy,South,No,76.8,Delhivery,Operational,1,0,1
7919,6823.0,3.8,5.0,2024-02-19,2024-02-24,2024-02-26,Sea,1064,74,1227.14,90808.36,Clear,North,Yes,76.2,Delhivery,Customs,0,0,1
7920,4673.0,2.6,9.0,2024-01-25,2024-02-03,2024-02-08,Road,1075,87,269.52,23448.24,Storm,South,No,98.5,EcomExpress,Weather,0,0,1
7921,6079.0,3.7,10.0,2024-01-29,2024-02-08,2024-02-12,Sea,139,38,4316.23,164016.74,Clear,West,No,70.7,FedEx,Traffic,0,0,1
7922,7184.0,5.0,3.0,2024-02-21,2024-02-24,2024-02-23,Sea,470,63,863.98,54430.74,Cloudy,North,Yes,83.1,FedEx,Customs,1,0,1
7923,9593.0,3.7,3.0,2024-02-04,2024-02-07,2024-02-10,Air,700,14,722.68,10117.52,Clear,North,No,72.7,FedEx,Weather,0,1,0
7924,3811.0,2.8,3.0,2024-03-25,2024-03-28,2024-03-29,Sea,186,53,3583.77,189939.81,Rainy,East,No,79.4,Delhivery,Traffic,0,0,1
7925,3749.0,3.7,5.0,2024-02-10,2024-02-15,2024-02-20,Road,242,85,4432.73,376782.05,Rainy,Central,Yes,73.5,FedEx,Operational,0,1,0
7926,9534.0,2.6,2.0,2024-03-10,2024-03-12,2024-03-16,Sea,1328,36,4345.69,156444.84,Storm,East,No,97.3,BlueDart,Traffic,0,1,0
7927,3730.0,4.4,5.0,2024-01-07,2024-01-12,2024-01-13,Sea,407,67,2555.8,171238.6,Storm,East,Yes,75.6,Delhivery,Weather,0,1,0
7928,8385.0,4.7,9.0,2024-11-05,2024-11-14,2024-11-18,Sea,621,52,3979.65,206941.8,Clear,East,Yes,75.9,EcomExpress,Weather,0,0,1
7929,5729.0,4.1,5.0,2024-07-07,2024-07-12,2024-07-13,Road,1120,34,3360.27,114249.18,Rainy,North,Yes,90.6,DHL,,0,1,0
7930,2820.0,3.1,4.0,2024-01-06,2024-01-10,2024-01-10,Sea,379,62,355.11,22016.82,Cloudy,West,Yes,77.5,Delhivery,Customs,1,1,1
7931,5284.0,2.5,3.0,2024-03-12,2024-03-15,2024-03-15,Air,774,53,4507.75,238910.75,Storm,East,No,88.3,BlueDart,Traffic,1,0,1
7932,7602.0,3.5,3.0,2024-09-21,2024-09-24,2024-09-24,Air,374,3,4939.95,14819.85,Rainy,South,Yes,83.1,EcomExpress,Traffic,1,1,1
7933,1606.0,3.5,2.0,2024-11-01,2024-11-03,2024-11-04,Air,538,48,2926.81,140486.88,Clear,Central,No,73.5,BlueDart,Weather,0,0,1
7934,7877.0,3.6,5.0,2024-05-21,2024-05-26,2024-05-25,Air,1211,28,3556.63,99585.64,Storm,East,Yes,76.9,Delhivery,,1,0,1
7935,1758.0,3.5,5.0,2024-05-10,2024-05-15,2024-05-18,Air,237,56,4104.22,229836.32,Clear,East,Yes,94.8,BlueDart,Traffic,0,0,1
7936,1457.0,3.7,9.0,2024-07-16,2024-07-25,2024-07-26,Sea,884,78,4729.12,368871.36,Clear,North,Yes,83.0,EcomExpress,Operational,0,0,1
7937,6819.0,4.8,2.0,2024-08-13,2024-08-15,2024-08-20,Air,143,27,3439.25,92859.75,Clear,West,No,74.2,FedEx,Traffic,0,0,1
7938,1177.0,3.5,9.0,2024-02-03,2024-02-12,2024-02-16,Sea,1175,35,488.38,17093.3,Rainy,East,Yes,98.9,Delhivery,Weather,0,1,0
7939,5726.0,3.9,3.0,2024-03-04,2024-03-07,2024-03-06,Air,331,57,2717.05,154871.85,Cloudy,Central,No,93.2,BlueDart,Weather,1,0,1
7940,9272.0,5.0,5.0,2024-05-31,2024-06-05,2024-06-10,Air,26,10,2210.48,22104.8,Clear,Central,No,97.9,Delhivery,Traffic,0,0,1
7941,9741.0,2.8,6.0,2024-07-18,2024-07-24,2024-07-29,Air,859,2,3769.14,7538.28,Clear,East,No,85.6,DHL,,0,0,1
7942,8357.0,4.5,10.0,2024-04-26,2024-05-06,2024-05-07,Sea,205,34,4672.86,158877.24,Rainy,Central,No,89.5,FedEx,Operational,0,0,1
7943,9492.0,3.5,8.0,2024-08-12,2024-08-20,2024-08-20,Sea,927,9,3633.89,32705.01,Clear,North,Yes,73.6,EcomExpress,Customs,1,0,1
7944,7582.0,2.6,5.0,2024-03-25,2024-03-30,2024-03-31,Sea,218,56,1857.33,104010.48,Cloudy,South,Yes,93.1,FedEx,Customs,0,0,1
7945,7374.0,2.7,2.0,2024-04-07,2024-04-09,2024-04-14,Road,347,76,2070.71,157373.96,Rainy,South,Yes,91.4,BlueDart,,0,1,0
7946,6499.0,3.7,2.0,2024-07-18,2024-07-20,2024-07-23,Sea,1146,13,1734.48,22548.24,Clear,Central,Yes,94.2,FedEx,Weather,0,0,1
7947,6626.0,2.5,5.0,2024-09-19,2024-09-24,2024-09-24,Air,1152,53,3495.6,185266.8,Rainy,West,Yes,72.4,FedEx,Customs,1,0,1
7948,8885.0,3.8,8.0,2024-09-18,2024-09-26,2024-09-30,Air,21,56,1766.37,98916.72,Rainy,West,Yes,88.9,BlueDart,,0,0,1
7949,2060.0,3.2,7.0,2024-02-22,2024-02-29,2024-03-03,Air,1096,20,2162.93,43258.6,Cloudy,Central,Yes,76.8,BlueDart,Weather,0,0,1
7950,8570.0,2.9,6.0,2024-05-09,2024-05-15,2024-05-16,Air,1283,12,2900.74,34808.88,Rainy,Central,No,80.8,BlueDart,Customs,0,0,1
7951,9487.0,3.3,7.0,2024-10-12,2024-10-19,2024-10-24,Air,478,65,2894.47,188140.55,Cloudy,North,No,94.6,DHL,Weather,0,1,0
7952,2680.0,2.7,8.0,2024-11-22,2024-11-30,2024-12-04,Road,38,73,2663.13,194408.49,Cloudy,East,Yes,75.3,BlueDart,Traffic,0,0,1
7953,8258.0,4.2,2.0,2024-08-23,2024-08-25,2024-08-24,Air,389,7,4724.26,33069.82,Cloudy,West,No,87.5,Delhivery,,1,0,1
7954,5066.0,4.6,7.0,2024-01-19,2024-01-26,2024-01-27,Sea,800,25,368.5,9212.5,Rainy,South,No,88.4,FedEx,Weather,0,0,1
7955,6891.0,4.3,10.0,2024-03-30,2024-04-09,2024-04-14,Sea,367,48,174.66,8383.68,Clear,East,No,92.1,Delhivery,Weather,0,1,0
7956,3253.0,4.9,10.0,2024-10-04,2024-10-14,2024-10-17,Air,973,38,476.43,18104.34,Storm,North,Yes,98.7,BlueDart,,0,0,1
7957,7860.0,4.3,10.0,2024-06-27,2024-07-07,2024-07-12,Sea,405,51,2644.24,134856.24,Rainy,Central,No,85.7,EcomExpress,Operational,0,0,1
7958,6669.0,3.2,6.0,2024-03-02,2024-03-08,2024-03-09,Air,1109,62,580.32,35979.84,Storm,Central,Yes,75.3,EcomExpress,Operational,0,1,0
7959,4705.0,4.3,5.0,2024-10-31,2024-11-05,2024-11-06,Road,526,56,4133.51,231476.56,Clear,West,Yes,79.5,BlueDart,Customs,0,0,1
7960,5694.0,2.6,9.0,2024-10-17,2024-10-26,2024-10-25,Road,1498,64,2579.12,165063.68,Clear,West,Yes,91.2,DHL,,1,0,1
7961,4583.0,4.7,9.0,2024-06-17,2024-06-26,2024-07-01,Road,513,44,1987.67,87457.48,Clear,South,Yes,82.6,DHL,Operational,0,0,1
7962,5216.0,3.8,2.0,2024-05-31,2024-06-02,2024-06-07,Air,317,21,4993.07,104854.47,Cloudy,South,No,97.2,DHL,Weather,0,0,1
7963,6049.0,3.2,10.0,2024-08-02,2024-08-12,2024-08-14,Air,1247,58,3505.1,203295.8,Cloudy,West,Yes,99.1,DHL,Customs,0,0,1
7964,8604.0,3.1,10.0,2024-09-22,2024-10-02,2024-10-02,Road,581,95,3075.2,292144.0,Rainy,East,Yes,91.0,EcomExpress,Customs,1,1,1
7965,2300.0,4.1,8.0,2024-03-15,2024-03-23,2024-03-22,Road,711,50,4318.42,215921.0,Clear,East,Yes,89.3,Delhivery,Customs,1,0,1
7966,1530.0,4.7,4.0,2024-09-02,2024-09-06,2024-09-07,Road,312,1,3810.05,3810.05,Clear,West,No,96.4,FedEx,Traffic,0,0,1
7967,6616.0,3.1,7.0,2024-08-11,2024-08-18,2024-08-19,Sea,657,32,3329.43,106541.76,Storm,North,No,95.4,Delhivery,,0,1,0
7968,6576.0,4.0,7.0,2024-08-25,2024-09-01,2024-08-31,Air,267,23,4525.67,104090.41,Clear,South,No,71.9,DHL,Weather,1,1,1
7969,1114.0,3.8,7.0,2024-03-17,2024-03-24,2024-03-27,Road,672,71,1968.85,139788.35,Storm,North,No,88.8,FedEx,Customs,0,1,0
7970,8033.0,3.6,8.0,2024-01-02,2024-01-10,2024-01-10,Road,759,68,2519.53,171328.04,Clear,East,Yes,87.4,DHL,Traffic,1,0,1
7971,6575.0,3.6,5.0,2024-01-15,2024-01-20,2024-01-20,Air,1320,41,1946.41,79802.81,Rainy,Central,No,89.3,FedEx,Traffic,1,0,1
7972,6412.0,2.8,5.0,2024-02-06,2024-02-11,2024-02-16,Sea,231,34,1188.78,40418.52,Storm,Central,Yes,74.6,Delhivery,,0,0,1
7973,6774.0,3.5,6.0,2024-03-26,2024-04-01,2024-04-04,Road,1494,96,811.08,77863.68,Rainy,Central,No,95.2,EcomExpress,,0,0,1
7974,4171.0,2.7,7.0,2024-07-13,2024-07-20,2024-07-23,Sea,846,9,2431.93,21887.37,Clear,West,Yes,92.2,Delhivery,Traffic,0,1,0
7975,9003.0,3.0,8.0,2024-06-05,2024-06-13,2024-06-15,Road,325,42,4701.21,197450.82,Storm,West,Yes,77.1,BlueDart,,0,0,1
7976,7341.0,3.4,4.0,2024-02-25,2024-02-29,2024-03-02,Air,778,7,1365.79,9560.53,Storm,West,Yes,75.2,DHL,,0,1,0
7977,5911.0,4.9,5.0,2024-07-18,2024-07-23,2024-07-27,Air,1322,65,2969.79,193036.35,Clear,Central,Yes,74.9,FedEx,Customs,0,0,1
7978,5546.0,3.8,5.0,2024-10-19,2024-10-24,2024-10-27,Air,130,11,2725.21,29977.31,Storm,East,No,85.7,DHL,Customs,0,1,0
7979,8439.0,4.5,3.0,2024-02-14,2024-02-17,2024-02-18,Sea,423,25,1242.66,31066.5,Rainy,East,No,97.6,BlueDart,Customs,0,0,1
7980,9187.0,4.4,4.0,2024-06-28,2024-07-02,2024-07-06,Air,889,100,2696.88,269688.0,Storm,South,No,87.4,DHL,Traffic,0,0,1
7981,7878.0,4.5,5.0,2024-05-28,2024-06-02,2024-06-01,Sea,259,6,2929.39,17576.34,Rainy,Central,Yes,92.9,BlueDart,Customs,1,0,1
7982,3408.0,3.6,9.0,2024-05-16,2024-05-25,2024-05-25,Air,751,21,4314.43,90603.03,Storm,South,Yes,78.0,BlueDart,,1,0,1
7983,7407.0,4.7,2.0,2024-06-24,2024-06-26,2024-06-30,Sea,1447,3,521.81,1565.43,Rainy,East,Yes,80.1,DHL,Weather,0,0,1
7984,3812.0,4.4,4.0,2024-11-07,2024-11-11,2024-11-13,Air,992,30,4677.54,140326.2,Storm,North,Yes,75.8,FedEx,Traffic,0,0,1
7985,6031.0,4.8,3.0,2024-03-06,2024-03-09,2024-03-13,Air,765,75,3910.06,293254.5,Cloudy,West,Yes,72.0,BlueDart,Operational,0,0,1
7986,2061.0,3.4,4.0,2024-09-14,2024-09-18,2024-09-18,Road,329,62,4012.22,248757.64,Clear,Central,Yes,70.8,EcomExpress,Traffic,1,1,1
7987,3854.0,4.9,3.0,2024-06-23,2024-06-26,2024-06-30,Air,240,73,1824.24,133169.52,Clear,North,Yes,83.3,DHL,Weather,0,1,0
7988,5958.0,3.1,8.0,2024-04-18,2024-04-26,2024-04-29,Road,1199,58,4094.82,237499.56,Rainy,West,No,93.2,EcomExpress,Traffic,0,0,1
7989,6954.0,4.7,9.0,2024-11-06,2024-11-15,2024-11-18,Sea,782,42,2505.59,105234.78,Clear,North,Yes,96.3,EcomExpress,Weather,0,0,1
7990,8866.0,3.1,3.0,2024-01-12,2024-01-15,2024-01-19,Sea,1337,33,3964.02,130812.66,Clear,West,Yes,85.4,Delhivery,Operational,0,0,1
7991,7161.0,2.9,7.0,2024-09-17,2024-09-24,2024-09-26,Road,1372,50,4090.6,204530.0,Clear,North,No,91.7,EcomExpress,Customs,0,0,1
7992,1023.0,4.2,4.0,2024-09-09,2024-09-13,2024-09-15,Air,1065,76,1970.71,149773.96,Storm,Central,No,98.5,Delhivery,Weather,0,0,1
7993,6339.0,3.1,9.0,2024-07-06,2024-07-15,2024-07-19,Road,669,77,887.64,68348.28,Cloudy,East,No,71.3,EcomExpress,,0,1,0
7994,7196.0,2.9,10.0,2024-04-16,2024-04-26,2024-04-26,Air,1048,29,3234.72,93806.88,Rainy,South,No,96.3,BlueDart,Operational,1,0,1
7995,,3.2,,2024-05-29,2024-06-05,2024-06-10,Road,572,72,2124.05,,Rainy,South,No,93.8,EcomExpress,Operational,0,0,1
7996,3419.0,3.8,3.0,2024-03-10,2024-03-13,2024-03-15,Sea,956,36,3461.39,124610.04,Cloudy,West,No,87.2,FedEx,Operational,0,1,0
7997,4304.0,3.8,4.0,2024-09-08,2024-09-12,2024-09-13,Road,363,83,2156.29,178972.07,Rainy,East,No,89.3,FedEx,Customs,0,1,0
7998,5753.0,3.3,7.0,2024-07-02,2024-07-09,2024-07-11,Road,414,51,1098.1,56003.1,Clear,Central,No,81.1,Delhivery,Operational,0,0,1
7999,2951.0,4.9,10.0,2024-01-21,2024-01-31,2024-02-05,Road,1349,37,332.23,12292.51,Cloudy,West,Yes,90.0,EcomExpress,Traffic,0,1,0
8000,8328.0,4.4,7.0,2024-09-29,2024-10-06,2024-10-06,Road,922,74,766.29,56705.46,Rainy,Central,No,83.9,Delhivery,Operational,1,1,1
8001,8291.0,4.5,9.0,2024-11-17,2024-11-26,2024-11-27,Air,826,15,4726.32,70894.8,Rainy,West,Yes,74.5,BlueDart,Customs,0,1,0
8002,2120.0,4.9,4.0,2024-04-01,2024-04-05,2024-04-04,Air,1268,45,2718.12,122315.4,Clear,South,Yes,84.3,Delhivery,,1,0,1
8003,7342.0,4.4,10.0,2024-10-03,2024-10-13,2024-10-14,Road,577,95,130.78,12424.1,Storm,South,No,76.3,BlueDart,Operational,0,0,1
8004,2431.0,4.1,7.0,2024-11-12,2024-11-19,2024-11-24,Sea,680,83,2338.62,194105.46,Clear,Central,No,72.0,FedEx,,0,0,1
8005,6598.0,3.3,3.0,2024-08-17,2024-08-20,2024-08-21,Air,796,55,3113.96,171267.8,Rainy,North,No,89.0,DHL,Operational,0,1,0
8006,5195.0,3.3,10.0,2024-06-24,2024-07-04,2024-07-03,Road,995,82,4500.28,369022.96,Clear,East,No,78.9,DHL,Weather,1,0,1
8007,2130.0,3.9,4.0,2024-07-01,2024-07-05,2024-07-10,Sea,319,8,4360.76,34886.08,Storm,West,Yes,99.6,BlueDart,Weather,0,0,1
8008,2620.0,2.6,9.0,2024-10-05,2024-10-14,2024-10-16,Road,157,75,4610.76,345807.0,Cloudy,South,No,74.8,Delhivery,Traffic,0,1,0
8009,9894.0,4.9,2.0,2024-04-01,2024-04-03,2024-04-05,Air,769,69,2879.67,198697.23,Clear,East,Yes,88.0,Delhivery,Traffic,0,0,1
8010,7370.0,4.4,3.0,2024-07-06,2024-07-09,2024-07-08,Air,1417,21,3562.46,74811.66,Cloudy,North,No,84.4,Delhivery,Operational,1,1,1
8011,2418.0,3.9,2.0,2024-06-11,2024-06-13,2024-06-13,Road,1365,2,1622.49,3244.98,Storm,South,No,83.4,FedEx,,1,0,1
8012,2448.0,4.6,7.0,2024-09-14,2024-09-21,2024-09-22,Air,622,80,1803.25,144260.0,Storm,South,No,77.6,FedEx,Traffic,0,1,0
8013,1322.0,2.9,9.0,2024-01-20,2024-01-29,2024-01-31,Air,912,36,1152.34,41484.24,Rainy,West,Yes,73.4,DHL,,0,1,0
8014,5847.0,3.9,9.0,2024-09-20,2024-09-29,2024-10-01,Air,1315,33,1070.83,35337.39,Clear,East,No,80.0,FedEx,Weather,0,0,1
8015,5552.0,3.7,2.0,2024-06-07,2024-06-09,2024-06-13,Air,514,26,1132.71,29450.46,Clear,South,Yes,87.1,FedEx,,0,0,1
8016,3822.0,4.6,5.0,2024-11-22,2024-11-27,2024-12-02,Sea,281,48,2732.96,131182.08,Cloudy,Central,No,83.5,FedEx,Operational,0,0,1
8017,2448.0,4.4,6.0,2024-04-22,2024-04-28,2024-04-29,Air,360,91,1425.28,129700.48,Rainy,East,Yes,97.8,FedEx,,0,0,1
8018,9633.0,3.9,2.0,2024-01-10,2024-01-12,2024-01-13,Road,409,35,1471.27,51494.45,Rainy,South,Yes,74.8,Delhivery,Operational,0,0,1
8019,8569.0,3.9,9.0,2024-01-15,2024-01-24,2024-01-27,Road,1179,28,786.11,22011.08,Rainy,Central,No,85.3,EcomExpress,,0,0,1
8020,7074.0,4.6,8.0,2024-10-13,2024-10-21,2024-10-21,Road,1034,48,4913.4,235843.2,Rainy,Central,No,77.4,EcomExpress,Traffic,1,1,1
8021,6281.0,3.1,5.0,2024-01-08,2024-01-13,2024-01-12,Road,1302,41,4035.58,165458.78,Storm,West,No,76.0,EcomExpress,Weather,1,0,1
8022,3179.0,2.6,3.0,2024-05-06,2024-05-09,2024-05-09,Air,258,67,3590.14,240539.38,Rainy,Central,No,99.4,FedEx,Customs,1,0,1
8023,7168.0,3.1,3.0,2024-11-10,2024-11-13,2024-11-17,Air,1180,98,3348.81,328183.38,Cloudy,West,Yes,77.9,Delhivery,Operational,0,1,0
8024,1210.0,2.9,9.0,2024-11-04,2024-11-13,2024-11-17,Air,1284,32,1975.07,63202.24,Cloudy,North,No,88.8,FedEx,,0,0,1
8025,8505.0,4.0,3.0,2024-11-04,2024-11-07,2024-11-08,Sea,928,9,309.36,2784.24,Clear,South,No,77.8,BlueDart,Traffic,0,0,1
8026,1883.0,3.0,3.0,2024-04-19,2024-04-22,2024-04-23,Road,1333,8,4599.36,36794.88,Rainy,East,Yes,72.2,EcomExpress,Operational,0,0,1
8027,9080.0,4.9,3.0,2024-11-08,2024-11-11,2024-11-15,Sea,330,43,2571.99,110595.57,Rainy,Central,Yes,92.6,EcomExpress,Operational,0,0,1
8028,9248.0,3.9,2.0,2024-01-20,2024-01-22,2024-01-23,Sea,1125,34,3419.52,116263.68,Cloudy,North,No,98.2,Delhivery,Weather,0,1,0
8029,9574.0,4.2,7.0,2024-06-12,2024-06-19,2024-06-20,Sea,317,55,3613.46,198740.3,Clear,East,No,80.8,BlueDart,,0,0,1
8030,5131.0,2.6,5.0,2024-02-03,2024-02-08,2024-02-13,Road,867,61,3269.31,199427.91,Clear,Central,No,78.4,Delhivery,,0,1,0
8031,9109.0,4.1,7.0,2024-11-08,2024-11-15,2024-11-19,Road,93,79,2470.52,195171.08,Clear,East,Yes,85.3,EcomExpress,Weather,0,0,1
8032,7786.0,3.5,2.0,2024-02-15,2024-02-17,2024-02-17,Sea,364,37,4900.21,181307.77,Rainy,West,Yes,75.7,EcomExpress,Operational,1,0,1
8033,8112.0,5.0,5.0,2024-02-13,2024-02-18,2024-02-18,Sea,715,86,2263.06,194623.16,Storm,South,Yes,89.1,BlueDart,Customs,1,0,1
8034,9979.0,4.3,5.0,2024-09-26,2024-10-01,2024-10-03,Air,493,45,3406.09,153274.05,Clear,North,Yes,92.5,BlueDart,,0,0,1
8035,9272.0,4.7,2.0,2024-07-07,2024-07-09,2024-07-10,Sea,1449,8,2794.94,22359.52,Cloudy,South,Yes,71.1,BlueDart,Customs,0,1,0
8036,5042.0,2.6,9.0,2024-04-19,2024-04-28,2024-05-01,Road,911,87,873.55,75998.85,Cloudy,North,Yes,74.6,DHL,,0,0,1
8037,7865.0,2.5,2.0,2024-09-04,2024-09-06,2024-09-08,Road,1376,33,3445.25,113693.25,Storm,West,No,76.7,EcomExpress,Weather,0,0,1
8038,3722.0,4.9,5.0,2024-07-23,2024-07-28,2024-07-27,Road,942,89,2281.66,203067.74,Rainy,Central,Yes,79.0,EcomExpress,Traffic,1,0,1
8039,1290.0,2.9,4.0,2024-03-04,2024-03-08,2024-03-08,Road,168,38,2188.94,83179.72,Cloudy,East,Yes,76.9,BlueDart,Operational,1,0,1
8040,1127.0,3.6,6.0,2024-04-14,2024-04-20,2024-04-19,Sea,994,13,247.65,3219.45,Clear,West,Yes,86.0,BlueDart,Customs,1,1,1
8041,2362.0,4.5,9.0,2024-06-21,2024-06-30,2024-07-01,Air,1484,32,2348.41,75149.12,Clear,Central,No,76.3,Delhivery,Operational,0,0,1
8042,1240.0,3.1,4.0,2024-08-30,2024-09-03,2024-09-07,Air,899,95,2705.88,257058.6,Rainy,Central,Yes,88.4,FedEx,Weather,0,0,1
8043,7278.0,4.2,3.0,2024-07-28,2024-07-31,2024-07-31,Air,1455,31,1510.54,46826.74,Rainy,South,Yes,82.5,EcomExpress,Customs,1,1,1
8044,4589.0,3.7,2.0,2024-11-12,2024-11-14,2024-11-17,Air,1240,75,1245.66,93424.5,Clear,East,No,85.7,BlueDart,,0,0,1
8045,3402.0,2.8,7.0,2024-03-20,2024-03-27,2024-03-31,Sea,308,43,4883.61,209995.23,Rainy,Central,No,79.8,Delhivery,Traffic,0,0,1
8046,1042.0,4.8,7.0,2024-11-20,2024-11-27,2024-11-28,Air,539,76,1648.8,125308.8,Rainy,West,Yes,71.1,BlueDart,Operational,0,0,1
8047,5367.0,3.9,4.0,2024-06-03,2024-06-07,2024-06-07,Road,1063,79,4640.37,366589.23,Cloudy,Central,No,74.9,FedEx,Customs,1,0,1
8048,8247.0,4.6,5.0,2024-09-03,2024-09-08,2024-09-09,Road,550,2,3576.04,7152.08,Storm,West,Yes,81.3,FedEx,,0,0,1
8049,3293.0,4.6,4.0,2024-04-12,2024-04-16,2024-04-15,Road,589,89,633.13,56348.57,Rainy,Central,No,75.1,FedEx,Weather,1,0,1
8050,3699.0,2.8,5.0,2024-03-23,2024-03-28,2024-03-28,Road,736,28,3164.42,88603.76,Storm,West,No,70.2,DHL,Weather,1,1,1
8051,8079.0,4.7,6.0,2024-09-21,2024-09-27,2024-10-01,Road,247,79,1858.41,146814.39,Clear,South,Yes,85.2,EcomExpress,Traffic,0,1,0
8052,8971.0,5.0,6.0,2024-07-04,2024-07-10,2024-07-10,Sea,849,28,632.72,17716.16,Clear,West,Yes,94.7,EcomExpress,Customs,1,0,1
8053,5723.0,3.4,10.0,2024-08-30,2024-09-09,2024-09-12,Sea,202,39,3576.6,139487.4,Cloudy,East,Yes,95.8,Delhivery,Customs,0,0,1
8054,7251.0,4.7,10.0,2024-04-28,2024-05-08,2024-05-09,Air,1188,78,3834.23,299069.94,Rainy,West,No,97.2,EcomExpress,Weather,0,1,0
8055,3694.0,2.7,9.0,2024-07-18,2024-07-27,2024-07-31,Air,456,76,1482.76,112689.76,Clear,South,No,95.1,DHL,Operational,0,0,1
8056,1487.0,3.1,6.0,2024-05-11,2024-05-17,2024-05-21,Sea,26,83,2228.08,184930.64,Storm,East,Yes,92.7,FedEx,Operational,0,1,0
8057,7189.0,4.3,8.0,2024-06-10,2024-06-18,2024-06-18,Sea,1453,37,4833.26,178830.62,Rainy,Central,No,72.8,FedEx,Weather,1,0,1
8058,8281.0,4.9,7.0,2024-06-21,2024-06-28,2024-06-28,Sea,1225,25,1658.24,41456.0,Clear,Central,Yes,91.9,DHL,Traffic,1,0,1
8059,5687.0,3.4,3.0,2024-08-08,2024-08-11,2024-08-15,Air,409,71,4141.28,294030.88,Storm,West,Yes,82.9,EcomExpress,Operational,0,0,1
8060,8956.0,2.9,10.0,2024-03-23,2024-04-02,2024-04-07,Air,427,49,3541.82,173549.18,Clear,South,Yes,94.1,Delhivery,Operational,0,1,0
8061,3865.0,2.7,7.0,2024-07-12,2024-07-19,2024-07-20,Road,1223,60,2566.48,153988.8,Storm,Central,Yes,88.9,FedEx,Weather,0,0,1
8062,5511.0,4.6,2.0,2024-04-26,2024-04-28,2024-04-28,Road,632,77,1578.2,121521.4,Cloudy,West,No,75.9,EcomExpress,,1,0,1
8063,1641.0,4.8,7.0,2024-09-10,2024-09-17,2024-09-18,Road,509,26,1514.95,39388.7,Clear,South,Yes,91.3,EcomExpress,Traffic,0,0,1
8064,2280.0,2.9,6.0,2024-02-16,2024-02-22,2024-02-24,Sea,76,10,920.84,9208.4,Rainy,West,No,72.7,FedEx,Customs,0,0,1
8065,4447.0,4.1,3.0,2024-10-30,2024-11-02,2024-11-07,Air,1167,35,821.43,28750.05,Rainy,West,Yes,88.9,FedEx,Operational,0,0,1
8066,3419.0,2.7,3.0,2024-04-04,2024-04-07,2024-04-11,Sea,1020,58,2932.9,170108.2,Clear,East,No,70.3,Delhivery,Traffic,0,0,1
8067,5659.0,4.1,3.0,2024-01-05,2024-01-08,2024-01-07,Road,886,10,3117.58,31175.8,Cloudy,North,No,87.8,DHL,Customs,1,0,1
8068,3181.0,3.7,4.0,2024-11-24,2024-11-28,2024-11-30,Sea,804,30,1660.02,49800.6,Rainy,West,Yes,93.2,Delhivery,Weather,0,1,0
8069,3358.0,4.8,9.0,2024-02-28,2024-03-08,2024-03-11,Road,1466,61,1376.87,83989.07,Storm,North,No,98.5,FedEx,Operational,0,0,1
8070,8422.0,3.1,4.0,2024-03-29,2024-04-02,2024-04-01,Air,1398,15,436.79,6551.85,Rainy,South,Yes,94.4,DHL,Weather,1,0,1
8071,2203.0,3.6,7.0,2024-09-08,2024-09-15,2024-09-15,Road,583,82,4781.65,392095.3,Clear,Central,No,89.9,FedEx,Weather,1,1,1
8072,1273.0,3.9,3.0,2024-06-03,2024-06-06,2024-06-05,Sea,1247,25,758.21,18955.25,Clear,East,Yes,80.6,BlueDart,Operational,1,0,1
8073,1821.0,4.6,3.0,2024-03-27,2024-03-30,2024-04-02,Sea,691,59,326.26,19249.34,Clear,West,No,97.9,Delhivery,Customs,0,0,1
8074,1210.0,4.3,8.0,2024-04-18,2024-04-26,2024-04-26,Air,455,7,689.83,4828.81,Storm,South,Yes,99.9,Delhivery,Weather,1,0,1
8075,8764.0,3.5,4.0,2024-09-20,2024-09-24,2024-09-25,Sea,158,11,1799.32,19792.52,Clear,North,Yes,97.4,DHL,,0,0,1
8076,2577.0,4.0,6.0,2024-11-15,2024-11-21,2024-11-26,Air,449,48,2570.58,123387.84,Clear,Central,Yes,71.1,Delhivery,Traffic,0,0,1
8077,2964.0,3.6,7.0,2024-05-27,2024-06-03,2024-06-08,Sea,976,4,2636.42,10545.68,Rainy,West,No,88.1,DHL,Operational,0,0,1
8078,7239.0,3.1,4.0,2024-07-14,2024-07-18,2024-07-17,Sea,699,50,4256.29,212814.5,Rainy,East,No,93.1,FedEx,Traffic,1,1,1
8079,5557.0,4.2,10.0,2024-09-25,2024-10-05,2024-10-05,Road,1281,62,950.78,58948.36,Storm,Central,No,81.6,EcomExpress,,1,0,1
8080,5399.0,4.8,3.0,2024-08-01,2024-08-04,2024-08-09,Road,1127,27,4673.62,126187.74,Rainy,West,Yes,71.6,BlueDart,Traffic,0,0,1
8081,7755.0,4.9,9.0,2024-06-13,2024-06-22,2024-06-22,Air,1092,27,2229.65,60200.55,Storm,West,No,70.1,DHL,Customs,1,0,1
8082,7565.0,3.5,10.0,2024-02-27,2024-03-08,2024-03-13,Air,1047,36,4408.57,158708.52,Cloudy,South,No,82.4,BlueDart,Weather,0,0,1
8083,2518.0,4.7,10.0,2024-06-16,2024-06-26,2024-06-27,Sea,1243,89,320.64,28536.96,Clear,Central,No,87.4,Delhivery,Traffic,0,1,0
8084,3245.0,4.9,6.0,2024-07-04,2024-07-10,2024-07-12,Sea,78,4,4179.34,16717.36,Storm,North,Yes,91.8,FedEx,Operational,0,0,1
8085,6834.0,3.2,4.0,2024-11-20,2024-11-24,2024-11-24,Road,182,44,357.48,15729.12,Clear,Central,No,87.9,DHL,Customs,1,0,1
8086,8114.0,4.8,9.0,2024-09-07,2024-09-16,2024-09-15,Road,141,38,1122.81,42666.78,Storm,East,Yes,98.8,Delhivery,,1,1,1
8087,6610.0,3.5,7.0,2024-08-20,2024-08-27,2024-08-26,Sea,1360,58,1315.89,76321.62,Cloudy,East,Yes,87.6,DHL,Traffic,1,0,1
8088,1352.0,4.3,9.0,2024-03-07,2024-03-16,2024-03-16,Sea,1353,87,2706.24,235442.88,Cloudy,Central,No,73.9,FedEx,Weather,1,0,1
8089,3350.0,3.5,10.0,2024-10-31,2024-11-10,2024-11-15,Road,178,52,3655.55,190088.6,Cloudy,West,Yes,90.7,DHL,Operational,0,0,1
8090,2354.0,3.8,4.0,2024-10-24,2024-10-28,2024-11-01,Air,1474,41,2675.08,109678.28,Storm,East,No,81.5,Delhivery,,0,0,1
8091,9872.0,4.4,2.0,2024-09-11,2024-09-13,2024-09-15,Road,1092,79,2798.81,221105.99,Clear,North,No,91.7,FedEx,Weather,0,0,1
8092,5418.0,2.9,3.0,2024-07-29,2024-08-01,2024-08-03,Road,472,1,327.82,327.82,Cloudy,Central,No,93.4,DHL,Weather,0,0,1
8093,7316.0,2.5,9.0,2024-04-03,2024-04-12,2024-04-17,Air,1381,90,3543.29,318896.1,Clear,Central,No,78.7,FedEx,,0,0,1
8094,3723.0,2.8,5.0,2024-08-16,2024-08-21,2024-08-21,Sea,388,97,4087.5,396487.5,Rainy,Central,No,70.9,BlueDart,Weather,1,0,1
8095,9140.0,4.4,4.0,2024-05-14,2024-05-18,2024-05-21,Sea,567,57,899.75,51285.75,Clear,Central,No,79.6,FedEx,,0,0,1
8096,9808.0,3.5,7.0,2024-03-26,2024-04-02,2024-04-04,Sea,1050,30,2259.6,67788.0,Cloudy,East,No,99.0,DHL,Customs,0,0,1
8097,6912.0,4.8,6.0,2024-04-21,2024-04-27,2024-04-29,Air,185,17,2529.45,43000.65,Cloudy,Central,No,79.6,DHL,,0,1,0
8098,1524.0,4.8,6.0,2024-07-06,2024-07-12,2024-07-14,Air,311,70,4770.98,333968.6,Storm,East,No,77.6,BlueDart,Operational,0,1,0
8099,7222.0,2.6,8.0,2024-11-11,2024-11-19,2024-11-22,Road,311,65,1059.72,68881.8,Cloudy,Central,Yes,92.3,FedEx,Traffic,0,0,1
8100,9359.0,4.8,4.0,2024-09-24,2024-09-28,2024-09-28,Air,1317,46,4641.46,213507.16,Rainy,West,No,75.5,DHL,Weather,1,0,1
8101,6964.0,2.9,3.0,2024-11-13,2024-11-16,2024-11-17,Road,1160,91,121.18,11027.38,Storm,East,Yes,78.4,EcomExpress,,0,0,1
8102,4996.0,2.8,9.0,2024-09-03,2024-09-12,2024-09-17,Road,639,55,1172.44,64484.2,Cloudy,South,Yes,79.0,EcomExpress,Operational,0,0,1
8103,8136.0,4.1,10.0,2024-04-09,2024-04-19,2024-04-21,Air,1034,2,3870.31,7740.62,Storm,West,Yes,97.7,Delhivery,,0,0,1
8104,3564.0,3.0,8.0,2024-10-21,2024-10-29,2024-10-28,Air,1094,18,1468.17,26427.06,Clear,South,No,77.8,EcomExpress,Weather,1,0,1
8105,8864.0,4.0,5.0,2024-07-17,2024-07-22,2024-07-21,Air,607,65,4759.52,309368.8,Rainy,West,Yes,87.6,EcomExpress,Operational,1,0,1
8106,9185.0,4.7,9.0,2024-09-28,2024-10-07,2024-10-08,Air,201,49,3607.11,176748.39,Clear,East,Yes,82.4,BlueDart,Traffic,0,1,0
8107,3749.0,3.0,5.0,2024-11-21,2024-11-26,2024-11-25,Road,1249,19,1594.15,30288.85,Cloudy,East,No,87.0,FedEx,Weather,1,0,1
8108,9529.0,4.3,10.0,2024-08-30,2024-09-09,2024-09-14,Road,255,50,3242.17,162108.5,Rainy,Central,Yes,93.6,DHL,Traffic,0,0,1
8109,5716.0,4.0,4.0,2024-09-10,2024-09-14,2024-09-16,Sea,751,79,3595.03,284007.37,Cloudy,Central,Yes,71.6,DHL,Operational,0,0,1
8110,3051.0,4.8,5.0,2024-11-23,2024-11-28,2024-12-03,Air,825,54,3212.45,173472.3,Storm,East,Yes,72.3,DHL,Traffic,0,1,0
8111,7777.0,4.3,4.0,2024-05-15,2024-05-19,2024-05-22,Air,515,85,4021.3,341810.5,Rainy,Central,No,74.3,BlueDart,Weather,0,0,1
8112,1550.0,4.5,8.0,2024-09-19,2024-09-27,2024-09-30,Sea,835,96,4432.71,425540.16,Clear,Central,Yes,91.4,BlueDart,Customs,0,0,1
8113,4816.0,2.7,2.0,2024-06-09,2024-06-11,2024-06-15,Air,1322,53,2607.52,138198.56,Cloudy,Central,Yes,83.8,DHL,,0,1,0
8114,9732.0,3.8,7.0,2024-10-24,2024-10-31,2024-10-30,Sea,274,44,3932.06,173010.64,Rainy,West,Yes,99.6,BlueDart,Traffic,1,0,1
8115,2560.0,2.7,8.0,2024-05-02,2024-05-10,2024-05-13,Air,1397,2,3102.16,6204.32,Clear,West,Yes,98.6,Delhivery,,0,0,1
8116,6366.0,4.4,2.0,2024-03-27,2024-03-29,2024-04-02,Air,680,46,4531.64,208455.44,Cloudy,North,Yes,74.1,DHL,Operational,0,0,1
8117,7022.0,2.7,5.0,2024-05-13,2024-05-18,2024-05-21,Sea,41,16,2955.1,47281.6,Storm,Central,Yes,88.1,DHL,,0,0,1
8118,7969.0,2.5,9.0,2024-02-11,2024-02-20,2024-02-25,Road,1269,76,2237.67,170062.92,Clear,North,No,77.6,EcomExpress,Traffic,0,1,0
8119,8965.0,4.5,8.0,2024-09-29,2024-10-07,2024-10-07,Road,240,63,1960.72,123525.36,Clear,West,No,89.5,DHL,,1,1,1
8120,7120.0,3.0,4.0,2024-02-11,2024-02-15,2024-02-19,Sea,345,58,3051.38,176980.04,Clear,Central,Yes,79.6,Delhivery,Traffic,0,1,0
8121,8675.0,4.7,9.0,2024-06-29,2024-07-08,2024-07-08,Sea,1454,83,3837.62,318522.46,Storm,South,No,98.6,DHL,Customs,1,1,1
8122,5079.0,3.1,10.0,2024-06-11,2024-06-21,2024-06-21,Road,553,33,4290.22,141577.26,Cloudy,East,Yes,86.4,FedEx,Traffic,1,0,1
8123,9429.0,3.7,3.0,2024-01-09,2024-01-12,2024-01-17,Sea,1468,27,1841.0,49707.0,Storm,Central,No,77.9,Delhivery,Traffic,0,0,1
8124,9195.0,4.5,10.0,2024-11-15,2024-11-25,2024-11-28,Air,828,31,4604.56,142741.36,Storm,East,No,89.2,BlueDart,Traffic,0,0,1
8125,8313.0,3.4,9.0,2024-05-25,2024-06-03,2024-06-02,Road,1215,25,4506.81,112670.25,Storm,South,No,81.9,BlueDart,Traffic,1,1,1
8126,8649.0,2.7,6.0,2024-10-31,2024-11-06,2024-11-10,Sea,29,92,4214.41,387725.72,Storm,West,No,83.4,Delhivery,Weather,0,0,1
8127,2096.0,4.9,5.0,2024-01-03,2024-01-08,2024-01-10,Road,777,27,4143.82,111883.14,Cloudy,South,Yes,74.0,EcomExpress,Operational,0,0,1
8128,4654.0,3.2,3.0,2024-06-13,2024-06-16,2024-06-21,Road,929,25,4109.77,102744.25,Rainy,Central,No,90.2,DHL,Customs,0,0,1
8129,7490.0,4.8,10.0,2024-05-07,2024-05-17,2024-05-19,Air,729,4,3919.35,15677.4,Storm,North,No,97.8,Delhivery,Customs,0,0,1
8130,8139.0,2.8,8.0,2024-01-17,2024-01-25,2024-01-24,Sea,1291,67,873.64,58533.88,Rainy,West,Yes,97.8,FedEx,Customs,1,0,1
8131,5164.0,4.3,7.0,2024-09-17,2024-09-24,2024-09-27,Sea,611,93,2724.62,253389.66,Storm,Central,Yes,93.0,BlueDart,,0,0,1
8132,4750.0,4.6,5.0,2024-03-13,2024-03-18,2024-03-20,Road,758,24,2512.16,60291.84,Clear,South,Yes,88.7,DHL,Customs,0,0,1
8133,6765.0,3.9,3.0,2024-02-06,2024-02-09,2024-02-08,Sea,930,12,4497.58,53970.96,Storm,Central,Yes,99.8,EcomExpress,Weather,1,0,1
8134,3454.0,3.6,9.0,2024-02-05,2024-02-14,2024-02-15,Road,703,78,2518.84,196469.52,Storm,East,Yes,70.2,EcomExpress,,0,0,1
8135,1410.0,3.5,2.0,2024-06-29,2024-07-01,2024-07-03,Road,918,6,4288.08,25728.48,Clear,Central,No,82.4,EcomExpress,Operational,0,1,0
8136,1300.0,5.0,4.0,2024-05-09,2024-05-13,2024-05-14,Air,1195,39,2317.84,90395.76,Cloudy,East,No,84.2,FedEx,Traffic,0,0,1
8137,9222.0,4.0,5.0,2024-05-22,2024-05-27,2024-05-28,Road,1322,69,3582.27,247176.63,Cloudy,North,No,93.9,BlueDart,Operational,0,0,1
8138,1257.0,3.1,6.0,2024-06-27,2024-07-03,2024-07-04,Air,277,34,2632.78,89514.52,Storm,West,No,84.8,FedEx,Traffic,0,0,1
8139,3485.0,4.3,5.0,2024-04-11,2024-04-16,2024-04-19,Road,132,8,4101.76,32814.08,Rainy,North,No,77.0,Delhivery,Customs,0,0,1
8140,5894.0,3.3,3.0,2024-04-11,2024-04-14,2024-04-15,Air,1007,41,3086.58,126549.78,Storm,West,Yes,70.1,FedEx,Operational,0,0,1
8141,4481.0,3.4,3.0,2024-09-02,2024-09-05,2024-09-07,Sea,1444,76,2259.79,171744.04,Clear,South,Yes,77.7,DHL,Operational,0,0,1
8142,8952.0,4.0,8.0,2024-05-09,2024-05-17,2024-05-19,Road,833,96,3149.99,302399.04,Storm,Central,Yes,83.5,EcomExpress,Traffic,0,0,1
8143,6190.0,3.1,6.0,2024-01-08,2024-01-14,2024-01-14,Air,840,63,2146.89,135254.07,Storm,West,Yes,88.5,EcomExpress,Traffic,1,0,1
8144,5056.0,4.9,8.0,2024-08-14,2024-08-22,2024-08-24,Sea,1011,64,3598.77,230321.28,Clear,West,Yes,76.4,DHL,Operational,0,0,1
8145,5241.0,4.3,3.0,2024-04-05,2024-04-08,2024-04-12,Air,679,78,2425.16,189162.48,Storm,East,Yes,92.0,BlueDart,Traffic,0,0,1
8146,1248.0,3.0,4.0,2024-10-19,2024-10-23,2024-10-23,Road,1315,13,2534.19,32944.47,Cloudy,East,No,95.5,Delhivery,Traffic,1,1,1
8147,9972.0,2.9,10.0,2024-01-01,2024-01-11,2024-01-16,Road,761,12,3534.69,42416.28,Rainy,East,Yes,79.5,Delhivery,Traffic,0,0,1
8148,7609.0,3.3,8.0,2024-06-09,2024-06-17,2024-06-20,Road,1410,97,288.28,27963.16,Storm,West,Yes,80.3,BlueDart,Customs,0,1,0
8149,4636.0,3.2,9.0,2024-02-15,2024-02-24,2024-02-25,Road,1422,11,1655.24,18207.64,Cloudy,North,No,95.1,DHL,Operational,0,0,1
8150,3538.0,2.7,5.0,2024-05-25,2024-05-30,2024-06-03,Road,1091,82,2827.47,231852.54,Cloudy,East,No,84.1,BlueDart,Operational,0,1,0
8151,1109.0,3.9,9.0,2024-11-16,2024-11-25,2024-11-30,Road,87,66,2528.88,166906.08,Storm,Central,Yes,72.5,Delhivery,Operational,0,1,0
8152,2480.0,2.8,5.0,2024-01-01,2024-01-06,2024-01-05,Road,1423,32,3551.29,113641.28,Storm,West,Yes,96.4,EcomExpress,Operational,1,0,1
8153,7129.0,4.0,3.0,2024-01-07,2024-01-10,2024-01-10,Air,1378,72,1141.13,82161.36,Rainy,North,Yes,74.7,FedEx,Weather,1,1,1
8154,4726.0,4.1,2.0,2024-07-21,2024-07-23,2024-07-26,Sea,724,12,3485.41,41824.92,Clear,East,Yes,81.7,FedEx,Operational,0,1,0
8155,5059.0,4.3,2.0,2024-11-01,2024-11-03,2024-11-08,Sea,525,13,2980.32,38744.16,Cloudy,East,No,89.9,EcomExpress,Weather,0,0,1
8156,7099.0,4.6,6.0,2024-02-19,2024-02-25,2024-03-01,Road,147,18,4725.67,85062.06,Clear,South,Yes,74.7,DHL,Weather,0,0,1
8157,9327.0,2.9,2.0,2024-04-22,2024-04-24,2024-04-26,Road,1181,41,2508.99,102868.59,Rainy,South,No,97.0,EcomExpress,,0,0,1
8158,1776.0,5.0,3.0,2024-01-15,2024-01-18,2024-01-20,Road,643,20,1380.15,27603.0,Cloudy,North,Yes,87.4,Delhivery,Customs,0,0,1
8159,8604.0,3.7,4.0,2024-05-13,2024-05-17,2024-05-22,Air,510,16,1614.0,25824.0,Cloudy,South,Yes,96.5,DHL,Operational,0,0,1
8160,4046.0,4.3,9.0,2024-09-21,2024-09-30,2024-10-04,Sea,478,18,4639.2,83505.6,Storm,East,Yes,94.0,EcomExpress,Weather,0,1,0
8161,3243.0,4.9,4.0,2024-08-30,2024-09-03,2024-09-04,Road,95,83,847.08,70307.64,Storm,East,No,80.3,FedEx,Traffic,0,0,1
8162,1616.0,3.3,7.0,2024-05-10,2024-05-17,2024-05-16,Sea,1104,34,3532.25,120096.5,Clear,Central,No,94.1,BlueDart,Customs,1,0,1
8163,2370.0,3.5,9.0,2024-01-01,2024-01-10,2024-01-09,Road,1130,68,3062.31,208237.08,Cloudy,East,No,80.0,EcomExpress,Traffic,1,0,1
8164,5628.0,3.6,10.0,2024-08-24,2024-09-03,2024-09-03,Air,313,2,1890.4,3780.8,Rainy,North,No,76.0,DHL,,1,1,1
8165,3822.0,4.3,8.0,2024-02-02,2024-02-10,2024-02-11,Road,731,18,839.34,15108.12,Cloudy,West,Yes,79.5,BlueDart,Customs,0,0,1
8166,9457.0,2.6,5.0,2024-10-26,2024-10-31,2024-10-31,Sea,1158,45,512.57,23065.65,Clear,North,Yes,91.5,BlueDart,Customs,1,1,1
8167,3942.0,3.0,3.0,2024-06-09,2024-06-12,2024-06-14,Air,1270,90,1946.49,175184.1,Storm,Central,No,70.1,DHL,,0,1,0
8168,7604.0,2.7,6.0,2024-10-30,2024-11-05,2024-11-04,Air,392,48,1387.47,66598.56,Storm,South,Yes,79.2,FedEx,Traffic,1,0,1
8169,2065.0,2.9,5.0,2024-04-29,2024-05-04,2024-05-06,Road,1403,78,4213.6,328660.8,Storm,West,Yes,96.6,FedEx,Weather,0,0,1
8170,6940.0,3.9,4.0,2024-02-12,2024-02-16,2024-02-15,Sea,339,81,2821.88,228572.28,Rainy,South,No,75.8,Delhivery,Weather,1,0,1
8171,4598.0,2.6,4.0,2024-02-08,2024-02-12,2024-02-16,Sea,1406,61,4122.16,251451.76,Clear,North,No,77.4,FedEx,,0,0,1
8172,1819.0,4.7,6.0,2024-04-06,2024-04-12,2024-04-15,Road,738,70,3419.2,239344.0,Rainy,North,No,79.0,Delhivery,Traffic,0,1,0
8173,4474.0,4.4,10.0,2024-10-19,2024-10-29,2024-11-03,Road,1324,87,771.15,67090.05,Rainy,West,Yes,70.1,EcomExpress,Weather,0,1,0
8174,5419.0,4.3,7.0,2024-08-21,2024-08-28,2024-08-30,Sea,119,57,4387.37,250080.09,Cloudy,West,Yes,88.1,BlueDart,Traffic,0,0,1
8175,7132.0,4.9,7.0,2024-06-09,2024-06-16,2024-06-19,Sea,1147,86,4224.75,363328.5,Clear,West,Yes,77.7,DHL,Customs,0,1,0
8176,9930.0,3.2,5.0,2024-09-07,2024-09-12,2024-09-14,Sea,679,97,4263.82,413590.54,Storm,Central,Yes,93.1,BlueDart,Customs,0,1,0
8177,3757.0,3.9,4.0,2024-06-02,2024-06-06,2024-06-05,Sea,711,91,3489.54,317548.14,Rainy,East,No,80.5,BlueDart,Weather,1,1,1
8178,2175.0,4.0,10.0,2024-08-22,2024-09-01,2024-09-05,Air,1480,52,4106.4,213532.8,Rainy,North,Yes,73.9,DHL,Traffic,0,0,1
8179,8879.0,3.9,7.0,2024-10-19,2024-10-26,2024-10-26,Road,1368,24,2327.63,55863.12,Rainy,Central,No,76.6,EcomExpress,,1,1,1
8180,5831.0,3.4,9.0,2024-02-07,2024-02-16,2024-02-18,Road,1251,11,2342.24,25764.64,Storm,South,No,94.0,EcomExpress,Operational,0,0,1
8181,1029.0,2.6,3.0,2024-10-30,2024-11-02,2024-11-06,Sea,1166,61,1905.42,116230.62,Clear,South,No,80.7,EcomExpress,Traffic,0,0,1
8182,3909.0,3.0,7.0,2024-10-29,2024-11-05,2024-11-05,Road,609,96,3819.02,366625.92,Rainy,East,Yes,84.5,EcomExpress,Customs,1,0,1
8183,8383.0,2.6,3.0,2024-11-23,2024-11-26,2024-12-01,Air,1245,6,3488.97,20933.82,Rainy,North,No,78.1,FedEx,Customs,0,1,0
8184,9353.0,4.6,4.0,2024-07-27,2024-07-31,2024-08-03,Air,713,97,4241.25,411401.25,Storm,East,Yes,71.7,EcomExpress,,0,1,0
8185,8205.0,4.7,4.0,2024-04-21,2024-04-25,2024-04-24,Sea,815,23,905.22,20820.06,Rainy,Central,Yes,80.9,BlueDart,Customs,1,1,1
8186,7545.0,3.3,3.0,2024-01-21,2024-01-24,2024-01-26,Air,90,44,4705.73,207052.12,Clear,East,Yes,81.2,FedEx,Operational,0,1,0
8187,1088.0,3.8,10.0,2024-01-21,2024-01-31,2024-01-31,Road,1275,65,1924.92,125119.8,Cloudy,South,No,96.4,FedEx,Customs,1,1,1
8188,7230.0,2.9,2.0,2024-11-01,2024-11-03,2024-11-06,Road,69,20,389.47,7789.4,Cloudy,South,Yes,71.7,DHL,Weather,0,0,1
8189,2975.0,2.8,5.0,2024-06-28,2024-07-03,2024-07-02,Road,1102,85,244.85,20812.25,Cloudy,East,No,84.9,DHL,Operational,1,0,1
8190,5477.0,3.6,8.0,2024-08-19,2024-08-27,2024-08-28,Air,771,14,4424.78,61946.92,Cloudy,South,No,86.4,Delhivery,,0,0,1
8191,8910.0,4.7,8.0,2024-04-24,2024-05-02,2024-05-03,Air,632,6,4406.2,26437.2,Rainy,North,Yes,80.6,DHL,Operational,0,0,1
8192,4201.0,4.7,6.0,2024-07-10,2024-07-16,2024-07-19,Sea,1309,4,3080.11,12320.44,Clear,East,No,74.6,EcomExpress,Weather,0,0,1
8193,6149.0,2.6,6.0,2024-08-16,2024-08-22,2024-08-22,Air,460,64,2502.63,160168.32,Rainy,Central,Yes,77.2,DHL,Customs,1,0,1
8194,4733.0,4.3,4.0,2024-03-26,2024-03-30,2024-04-01,Sea,582,96,3530.98,338974.08,Rainy,Central,No,91.8,EcomExpress,Customs,0,0,1
8195,5589.0,4.9,2.0,2024-03-29,2024-03-31,2024-04-01,Sea,1302,88,702.97,61861.36,Cloudy,South,Yes,71.7,FedEx,,0,0,1
8196,2464.0,3.2,6.0,2024-05-24,2024-05-30,2024-06-02,Road,691,47,3427.22,161079.34,Rainy,South,Yes,72.0,DHL,Operational,0,0,1
8197,8159.0,2.9,9.0,2024-04-06,2024-04-15,2024-04-18,Sea,647,57,4557.23,259762.11,Storm,East,No,70.5,BlueDart,Operational,0,1,0
8198,6157.0,3.6,8.0,2024-04-20,2024-04-28,2024-04-29,Air,881,64,4872.61,311847.04,Rainy,East,Yes,79.7,EcomExpress,Operational,0,1,0
8199,5484.0,3.3,5.0,2024-09-27,2024-10-02,2024-10-05,Sea,1322,40,3899.1,155964.0,Clear,South,No,88.5,EcomExpress,Operational,0,0,1
8200,6150.0,3.7,10.0,2024-02-12,2024-02-22,2024-02-24,Air,962,14,3504.63,49064.82,Rainy,West,No,92.3,EcomExpress,Weather,0,0,1
8201,9365.0,4.5,4.0,2024-04-24,2024-04-28,2024-04-28,Air,577,83,3758.64,311967.12,Rainy,East,Yes,95.2,Delhivery,Weather,1,0,1
8202,3384.0,4.9,3.0,2024-01-24,2024-01-27,2024-01-31,Air,470,62,3870.77,239987.74,Clear,South,Yes,83.1,DHL,Traffic,0,0,1
8203,4833.0,2.6,8.0,2024-06-11,2024-06-19,2024-06-23,Road,1440,41,4099.78,168090.98,Rainy,Central,No,95.2,EcomExpress,,0,0,1
8204,5001.0,4.8,4.0,2024-11-16,2024-11-20,2024-11-21,Sea,1064,74,4274.38,316304.12,Rainy,North,No,79.1,FedEx,Weather,0,1,0
8205,1107.0,5.0,9.0,2024-02-01,2024-02-10,2024-02-10,Air,29,18,887.32,15971.76,Cloudy,West,Yes,99.8,EcomExpress,Customs,1,0,1
8206,4430.0,2.7,8.0,2024-02-01,2024-02-09,2024-02-14,Sea,950,25,507.79,12694.75,Cloudy,North,Yes,92.9,Delhivery,Traffic,0,0,1
8207,5624.0,2.7,7.0,2024-08-01,2024-08-08,2024-08-13,Road,1064,90,3972.4,357516.0,Clear,East,Yes,99.4,BlueDart,Weather,0,0,1
8208,3606.0,3.1,2.0,2024-06-27,2024-06-29,2024-07-04,Air,943,98,1160.29,113708.42,Clear,West,No,74.9,DHL,Customs,0,0,1
8209,9292.0,3.7,4.0,2024-03-17,2024-03-21,2024-03-25,Sea,298,89,2612.48,232510.72,Clear,West,No,97.1,EcomExpress,Traffic,0,1,0
8210,9905.0,4.6,2.0,2024-04-04,2024-04-06,2024-04-08,Sea,1484,88,2786.05,245172.4,Clear,West,Yes,85.5,DHL,Operational,0,0,1
8211,2471.0,4.0,4.0,2024-02-10,2024-02-14,2024-02-16,Sea,743,32,1242.82,39770.24,Cloudy,Central,No,87.1,Delhivery,,0,1,0
8212,4244.0,4.5,4.0,2024-08-30,2024-09-03,2024-09-06,Air,669,57,2921.58,166530.06,Clear,West,No,89.7,EcomExpress,Traffic,0,0,1
8213,1926.0,3.0,7.0,2024-05-20,2024-05-27,2024-05-30,Air,112,44,4213.08,185375.52,Cloudy,East,Yes,70.4,EcomExpress,Customs,0,0,1
8214,4108.0,4.1,9.0,2024-01-03,2024-01-12,2024-01-12,Road,1455,9,1454.65,13091.85,Storm,North,No,75.6,BlueDart,Customs,1,0,1
8215,3700.0,3.8,10.0,2024-09-12,2024-09-22,2024-09-26,Air,573,82,3639.46,298435.72,Clear,West,Yes,92.2,EcomExpress,Traffic,0,0,1
8216,1713.0,4.1,6.0,2024-10-05,2024-10-11,2024-10-13,Sea,695,5,2073.71,10368.55,Cloudy,West,No,84.6,FedEx,Operational,0,1,0
8217,3103.0,3.6,6.0,2024-08-20,2024-08-26,2024-08-25,Road,270,14,3693.51,51709.14,Storm,West,No,72.4,BlueDart,Operational,1,0,1
8218,7364.0,3.2,7.0,2024-04-17,2024-04-24,2024-04-29,Road,1155,100,4677.21,467721.0,Cloudy,South,Yes,84.8,DHL,Traffic,0,0,1
8219,5275.0,2.6,9.0,2024-01-17,2024-01-26,2024-01-27,Sea,1110,57,300.38,17121.66,Rainy,North,No,95.6,BlueDart,Traffic,0,0,1
8220,6885.0,3.9,4.0,2024-10-19,2024-10-23,2024-10-26,Road,655,34,2262.14,76912.76,Clear,West,Yes,97.2,FedEx,Customs,0,1,0
8221,2697.0,4.3,8.0,2024-10-21,2024-10-29,2024-10-28,Sea,1371,98,3120.1,305769.8,Cloudy,West,No,98.8,Delhivery,Weather,1,0,1
8222,4852.0,3.3,5.0,2024-07-19,2024-07-24,2024-07-29,Sea,677,40,882.21,35288.4,Rainy,South,No,88.4,FedEx,Customs,0,0,1
8223,7163.0,4.8,4.0,2024-10-22,2024-10-26,2024-10-25,Sea,1077,90,4745.97,427137.3,Cloudy,West,Yes,85.9,Delhivery,Customs,1,0,1
8224,4172.0,3.3,3.0,2024-06-23,2024-06-26,2024-06-28,Road,1465,23,4060.17,93383.91,Clear,West,Yes,89.4,EcomExpress,,0,1,0
8225,3062.0,2.8,5.0,2024-11-07,2024-11-12,2024-11-14,Air,1128,77,708.09,54522.93,Storm,Central,Yes,70.6,EcomExpress,Traffic,0,0,1
8226,3165.0,3.2,8.0,2024-03-08,2024-03-16,2024-03-20,Air,1491,69,1085.54,74902.26,Storm,North,Yes,84.5,FedEx,Traffic,0,0,1
8227,5456.0,3.6,9.0,2024-01-13,2024-01-22,2024-01-25,Air,435,17,2854.35,48523.95,Cloudy,Central,No,80.2,FedEx,Customs,0,1,0
8228,8944.0,2.7,9.0,2024-04-07,2024-04-16,2024-04-17,Air,564,99,1771.14,175342.86,Rainy,East,No,75.4,DHL,Traffic,0,1,0
8229,5539.0,2.6,4.0,2024-10-10,2024-10-14,2024-10-13,Road,451,24,4395.74,105497.76,Clear,North,No,99.0,EcomExpress,Customs,1,0,1
8230,5070.0,3.3,9.0,2024-03-31,2024-04-09,2024-04-08,Air,261,20,736.93,14738.6,Clear,North,No,92.2,BlueDart,Customs,1,1,1
8231,3959.0,3.5,6.0,2024-11-22,2024-11-28,2024-11-28,Road,137,36,2714.56,97724.16,Cloudy,North,Yes,81.6,BlueDart,Operational,1,0,1
8232,5475.0,2.9,3.0,2024-09-15,2024-09-18,2024-09-18,Sea,1118,50,3737.87,186893.5,Cloudy,East,Yes,91.2,FedEx,,1,1,1
8233,6025.0,4.1,9.0,2024-10-14,2024-10-23,2024-10-23,Sea,1070,70,4016.56,281159.2,Storm,West,Yes,90.4,FedEx,,1,0,1
8234,8084.0,4.6,7.0,2024-11-04,2024-11-11,2024-11-13,Road,1372,53,459.44,24350.32,Cloudy,Central,Yes,75.4,DHL,Traffic,0,0,1
8235,3481.0,3.3,5.0,2024-01-25,2024-01-30,2024-01-30,Road,406,79,2041.57,161284.03,Cloudy,East,No,79.0,FedEx,Customs,1,0,1
8236,6724.0,2.6,10.0,2024-02-03,2024-02-13,2024-02-16,Sea,1317,89,2041.62,181704.18,Clear,South,No,73.2,EcomExpress,Weather,0,1,0
8237,8209.0,4.9,3.0,2024-11-25,2024-11-28,2024-11-30,Sea,1448,93,2396.9,222911.7,Cloudy,South,Yes,79.7,BlueDart,Operational,0,0,1
8238,6614.0,4.0,4.0,2024-06-16,2024-06-20,2024-06-25,Sea,1076,78,3852.79,300517.62,Clear,East,Yes,81.3,DHL,,0,1,0
8239,3768.0,5.0,10.0,2024-04-25,2024-05-05,2024-05-09,Sea,864,17,4273.29,72645.93,Clear,South,No,78.2,FedEx,Weather,0,0,1
8240,3475.0,3.6,6.0,2024-05-18,2024-05-24,2024-05-26,Sea,493,15,2917.46,43761.9,Clear,South,No,77.3,FedEx,Operational,0,1,0
8241,1765.0,5.0,6.0,2024-08-04,2024-08-10,2024-08-10,Sea,343,89,368.91,32832.99,Rainy,North,Yes,88.2,DHL,Traffic,1,1,1
8242,9979.0,2.9,4.0,2024-05-12,2024-05-16,2024-05-18,Road,849,80,4819.45,385556.0,Clear,South,No,79.7,DHL,Customs,0,1,0
8243,2364.0,4.1,3.0,2024-05-01,2024-05-04,2024-05-08,Sea,693,72,4739.88,341271.36,Clear,North,No,74.3,FedEx,Traffic,0,0,1
8244,9926.0,3.3,4.0,2024-01-24,2024-01-28,2024-01-31,Air,89,93,1524.84,141810.12,Cloudy,South,Yes,99.2,DHL,Weather,0,0,1
8245,7876.0,4.4,5.0,2024-06-04,2024-06-09,2024-06-08,Road,1171,30,4491.88,134756.4,Cloudy,West,Yes,85.5,EcomExpress,,1,0,1
8246,4627.0,3.0,5.0,2024-07-04,2024-07-09,2024-07-10,Air,558,13,2588.45,33649.85,Clear,North,Yes,84.6,Delhivery,Customs,0,0,1
8247,9623.0,2.7,10.0,2024-05-13,2024-05-23,2024-05-28,Road,675,75,1319.91,98993.25,Cloudy,North,Yes,83.1,Delhivery,Operational,0,0,1
8248,6576.0,3.8,9.0,2024-01-25,2024-02-03,2024-02-02,Road,1025,57,1746.41,99545.37,Cloudy,East,Yes,75.9,DHL,Traffic,1,0,1
8249,3704.0,2.7,6.0,2024-08-24,2024-08-30,2024-09-03,Air,711,18,3351.36,60324.48,Rainy,South,Yes,74.6,Delhivery,,0,1,0
8250,6713.0,2.9,6.0,2024-10-07,2024-10-13,2024-10-16,Road,805,93,1788.24,166306.32,Cloudy,South,No,97.8,EcomExpress,,0,0,1
8251,7227.0,4.9,8.0,2024-02-21,2024-02-29,2024-03-04,Air,592,44,525.61,23126.84,Cloudy,North,No,80.2,FedEx,Traffic,0,0,1
8252,5176.0,2.8,8.0,2024-01-11,2024-01-19,2024-01-21,Air,1266,72,2675.07,192605.04,Storm,East,No,89.6,Delhivery,Customs,0,0,1
8253,8851.0,3.3,6.0,2024-09-16,2024-09-22,2024-09-23,Sea,399,28,811.92,22733.76,Cloudy,North,Yes,71.4,Delhivery,,0,0,1
8254,6830.0,4.9,4.0,2024-03-24,2024-03-28,2024-03-29,Sea,199,97,4801.59,465754.23,Cloudy,West,No,91.9,EcomExpress,Customs,0,1,0
8255,1542.0,3.4,6.0,2024-08-12,2024-08-18,2024-08-23,Sea,1451,44,3689.95,162357.8,Clear,West,No,92.3,FedEx,Traffic,0,0,1
8256,8148.0,3.0,10.0,2024-07-19,2024-07-29,2024-08-02,Road,782,34,195.08,6632.72,Storm,West,No,70.8,EcomExpress,,0,0,1
8257,2643.0,4.6,7.0,2024-04-26,2024-05-03,2024-05-04,Road,533,96,3694.14,354637.44,Storm,North,No,87.9,DHL,Traffic,0,0,1
8258,2563.0,3.5,7.0,2024-09-05,2024-09-12,2024-09-13,Road,1274,41,3299.03,135260.23,Rainy,North,No,82.6,EcomExpress,,0,0,1
8259,7207.0,4.0,2.0,2024-08-31,2024-09-02,2024-09-01,Air,637,71,112.78,8007.38,Rainy,East,No,71.5,BlueDart,Weather,1,1,1
8260,4907.0,2.9,7.0,2024-07-21,2024-07-28,2024-07-30,Sea,1265,5,2112.49,10562.45,Rainy,East,Yes,92.1,DHL,Weather,0,1,0
8261,4494.0,4.9,3.0,2024-06-28,2024-07-01,2024-07-05,Road,1208,55,4439.11,244151.05,Cloudy,North,Yes,75.6,FedEx,,0,0,1
8262,8692.0,3.2,3.0,2024-11-07,2024-11-10,2024-11-13,Air,1283,89,2331.94,207542.66,Storm,West,Yes,78.1,BlueDart,,0,0,1
8263,3522.0,3.6,4.0,2024-02-08,2024-02-12,2024-02-15,Air,1103,76,4795.84,364483.84,Rainy,South,No,79.0,FedEx,Weather,0,0,1
8264,1114.0,3.1,5.0,2024-10-07,2024-10-12,2024-10-14,Air,510,55,801.73,44095.15,Storm,West,No,98.2,BlueDart,Operational,0,0,1
8265,3495.0,4.5,10.0,2024-06-11,2024-06-21,2024-06-25,Sea,1046,41,2959.93,121357.13,Clear,East,No,85.2,BlueDart,Customs,0,0,1
8266,9502.0,3.2,7.0,2024-05-02,2024-05-09,2024-05-14,Air,258,30,4178.34,125350.2,Storm,West,No,79.5,BlueDart,Operational,0,0,1
8267,1587.0,2.9,9.0,2024-09-02,2024-09-11,2024-09-12,Road,72,98,3214.63,315033.74,Cloudy,South,Yes,92.5,EcomExpress,,0,0,1
8268,4830.0,3.4,8.0,2024-09-29,2024-10-07,2024-10-09,Air,284,23,4332.68,99651.64,Clear,East,No,95.8,Delhivery,Weather,0,1,0
8269,1363.0,3.5,10.0,2024-10-30,2024-11-09,2024-11-11,Sea,1078,45,3734.12,168035.4,Clear,North,No,77.7,BlueDart,Customs,0,0,1
8270,3813.0,2.7,10.0,2024-04-06,2024-04-16,2024-04-18,Road,1008,40,1527.73,61109.2,Clear,East,No,73.1,Delhivery,Operational,0,1,0
8271,7968.0,4.7,5.0,2024-02-18,2024-02-23,2024-02-26,Road,973,4,576.83,2307.32,Storm,West,Yes,98.8,Delhivery,Customs,0,1,0
8272,1316.0,4.1,4.0,2024-06-30,2024-07-04,2024-07-09,Sea,426,17,3688.25,62700.25,Cloudy,East,Yes,82.7,DHL,Traffic,0,1,0
8273,5164.0,4.2,4.0,2024-06-20,2024-06-24,2024-06-26,Road,917,98,1616.46,158413.08,Rainy,North,Yes,99.2,EcomExpress,Operational,0,0,1
8274,9312.0,4.7,7.0,2024-01-06,2024-01-13,2024-01-18,Road,85,96,2678.87,257171.52,Rainy,South,No,97.8,DHL,Traffic,0,1,0
8275,2269.0,3.5,2.0,2024-02-19,2024-02-21,2024-02-22,Sea,1246,20,2883.81,57676.2,Cloudy,Central,No,74.0,FedEx,Weather,0,0,1
8276,9658.0,4.0,4.0,2024-08-24,2024-08-28,2024-09-02,Air,889,59,1873.07,110511.13,Clear,Central,No,83.5,DHL,Customs,0,1,0
8277,3069.0,4.8,7.0,2024-05-19,2024-05-26,2024-05-26,Road,698,69,2402.48,165771.12,Storm,South,No,83.7,BlueDart,,1,1,1
8278,6356.0,4.6,6.0,2024-02-24,2024-03-01,2024-03-01,Air,62,39,3763.47,146775.33,Clear,West,Yes,92.4,DHL,Operational,1,1,1
8279,7315.0,4.4,4.0,2024-04-07,2024-04-11,2024-04-14,Air,213,1,3384.29,3384.29,Cloudy,North,Yes,89.5,BlueDart,,0,1,0
8280,9867.0,3.0,5.0,2024-02-29,2024-03-05,2024-03-07,Sea,460,72,1960.18,141132.96,Storm,South,Yes,90.4,DHL,Customs,0,0,1
8281,5747.0,3.6,4.0,2024-11-09,2024-11-13,2024-11-12,Air,31,11,545.23,5997.53,Cloudy,North,No,98.3,Delhivery,,1,1,1
8282,6492.0,5.0,6.0,2024-05-15,2024-05-21,2024-05-26,Sea,223,82,4987.41,408967.62,Storm,East,No,70.6,EcomExpress,,0,0,1
8283,6526.0,3.2,9.0,2024-01-15,2024-01-24,2024-01-28,Sea,1295,48,3709.84,178072.32,Cloudy,West,No,82.5,FedEx,Weather,0,0,1
8284,8487.0,3.0,5.0,2024-05-10,2024-05-15,2024-05-15,Road,687,66,2754.3,181783.8,Storm,North,Yes,74.4,EcomExpress,Operational,1,0,1
8285,6113.0,4.6,3.0,2024-03-21,2024-03-24,2024-03-24,Road,477,25,292.46,7311.5,Cloudy,Central,No,96.9,BlueDart,Weather,1,0,1
8286,9344.0,3.0,6.0,2024-08-14,2024-08-20,2024-08-24,Road,529,24,3947.99,94751.76,Cloudy,West,No,88.7,Delhivery,Weather,0,0,1
8287,9701.0,2.6,9.0,2024-08-30,2024-09-08,2024-09-08,Sea,1031,99,1289.15,127625.85,Storm,North,Yes,99.2,FedEx,Weather,1,0,1
8288,1853.0,4.0,8.0,2024-08-22,2024-08-30,2024-08-30,Road,1499,60,1647.36,98841.6,Storm,North,Yes,87.9,DHL,Traffic,1,0,1
8289,5422.0,3.0,10.0,2024-01-10,2024-01-20,2024-01-23,Sea,1058,48,2045.69,98193.12,Storm,Central,Yes,76.0,FedEx,Weather,0,0,1
8290,5673.0,4.8,7.0,2024-04-15,2024-04-22,2024-04-24,Sea,638,31,1739.62,53928.22,Clear,South,Yes,99.7,EcomExpress,Traffic,0,0,1
8291,2778.0,3.7,4.0,2024-02-15,2024-02-19,2024-02-21,Air,1213,67,1360.59,91159.53,Rainy,West,No,90.6,EcomExpress,Customs,0,0,1
8292,2848.0,3.4,8.0,2024-07-22,2024-07-30,2024-07-29,Air,285,80,431.09,34487.2,Clear,West,No,91.7,Delhivery,Operational,1,0,1
8293,1879.0,3.5,4.0,2024-03-31,2024-04-04,2024-04-04,Road,708,4,2734.28,10937.12,Clear,West,Yes,95.7,BlueDart,Customs,1,1,1
8294,3649.0,2.5,3.0,2024-02-05,2024-02-08,2024-02-11,Sea,1128,67,1197.17,80210.39,Rainy,South,No,95.2,BlueDart,,0,0,1
8295,6386.0,3.6,9.0,2024-02-04,2024-02-13,2024-02-12,Road,1396,51,3186.5,162511.5,Clear,West,Yes,99.2,DHL,Operational,1,1,1
8296,4393.0,3.2,10.0,2024-07-27,2024-08-06,2024-08-05,Sea,1232,100,3116.2,311620.0,Rainy,West,Yes,75.9,EcomExpress,Customs,1,1,1
8297,4603.0,4.0,5.0,2024-01-13,2024-01-18,2024-01-22,Road,732,97,119.61,11602.17,Storm,Central,Yes,84.4,EcomExpress,,0,1,0
8298,7652.0,4.1,2.0,2024-10-29,2024-10-31,2024-11-01,Sea,1244,19,2551.23,48473.37,Clear,Central,No,93.0,EcomExpress,Customs,0,0,1
8299,9631.0,4.8,2.0,2024-05-03,2024-05-05,2024-05-08,Air,1159,22,2889.5,63569.0,Rainy,Central,No,97.9,BlueDart,,0,0,1
8300,7859.0,4.4,7.0,2024-09-19,2024-09-26,2024-09-27,Road,1413,94,4589.33,431397.02,Storm,South,Yes,95.1,Delhivery,Operational,0,0,1
8301,6540.0,4.6,8.0,2024-03-04,2024-03-12,2024-03-14,Road,890,69,1756.67,121210.23,Storm,East,No,90.8,DHL,Customs,0,0,1
8302,6655.0,4.7,8.0,2024-05-18,2024-05-26,2024-05-26,Sea,46,84,1773.16,148945.44,Cloudy,East,Yes,82.4,EcomExpress,Operational,1,1,1
8303,6832.0,4.1,10.0,2024-09-28,2024-10-08,2024-10-10,Road,1043,3,2332.6,6997.8,Clear,East,Yes,81.3,Delhivery,Traffic,0,1,0
8304,,2.5,,2024-03-07,2024-03-13,2024-03-14,Sea,1393,99,2501.29,,Clear,North,No,93.6,Delhivery,Traffic,0,0,1
8305,6039.0,3.7,9.0,2024-09-04,2024-09-13,2024-09-12,Road,237,22,2933.1,64528.2,Storm,East,No,81.7,Delhivery,,1,0,1
8306,6825.0,3.9,6.0,2024-01-31,2024-02-06,2024-02-10,Sea,864,80,2105.56,168444.8,Storm,West,Yes,97.4,Delhivery,Weather,0,0,1
8307,1736.0,4.5,7.0,2024-03-05,2024-03-12,2024-03-12,Road,269,34,4269.97,145178.98,Clear,West,No,99.5,Delhivery,Customs,1,0,1
8308,6926.0,4.1,8.0,2024-05-23,2024-05-31,2024-06-05,Sea,1112,15,909.9,13648.5,Cloudy,North,Yes,91.6,EcomExpress,Customs,0,0,1
8309,4501.0,4.0,3.0,2024-05-07,2024-05-10,2024-05-09,Sea,400,26,1579.95,41078.7,Cloudy,South,Yes,86.7,FedEx,Weather,1,0,1
8310,7621.0,3.1,9.0,2024-03-14,2024-03-23,2024-03-27,Air,329,85,4776.53,406005.05,Clear,West,No,86.8,FedEx,Weather,0,0,1
8311,6569.0,4.6,8.0,2024-04-02,2024-04-10,2024-04-14,Road,959,20,2324.94,46498.8,Storm,North,No,84.9,DHL,,0,0,1
8312,2436.0,4.7,5.0,2024-01-21,2024-01-26,2024-01-25,Sea,218,27,447.67,12087.09,Storm,South,No,89.9,FedEx,Customs,1,1,1
8313,6126.0,3.5,10.0,2024-02-10,2024-02-20,2024-02-21,Sea,1019,20,1874.63,37492.6,Rainy,South,No,81.2,FedEx,Operational,0,1,0
8314,8087.0,2.9,5.0,2024-10-12,2024-10-17,2024-10-22,Air,986,49,4893.95,239803.55,Storm,Central,No,82.5,Delhivery,,0,1,0
8315,1099.0,4.8,4.0,2024-11-11,2024-11-15,2024-11-14,Sea,939,4,694.18,2776.72,Clear,North,Yes,90.2,DHL,,1,0,1
8316,1228.0,2.8,3.0,2024-10-15,2024-10-18,2024-10-21,Sea,1109,75,2155.48,161661.0,Clear,North,Yes,79.7,FedEx,Customs,0,0,1
8317,8882.0,2.9,3.0,2024-02-05,2024-02-08,2024-02-11,Air,445,68,4020.24,273376.32,Clear,Central,Yes,82.4,EcomExpress,Weather,0,0,1
8318,1103.0,3.6,10.0,2024-08-05,2024-08-15,2024-08-16,Road,614,34,4030.2,137026.8,Cloudy,South,Yes,91.8,BlueDart,Weather,0,0,1
8319,5193.0,4.3,5.0,2024-06-27,2024-07-02,2024-07-06,Road,727,72,2211.78,159248.16,Storm,North,No,70.4,EcomExpress,Weather,0,0,1
8320,1760.0,2.9,7.0,2024-10-20,2024-10-27,2024-10-28,Road,364,70,3573.68,250157.6,Rainy,East,No,88.5,Delhivery,Customs,0,1,0
8321,7072.0,3.4,6.0,2024-02-04,2024-02-10,2024-02-15,Air,509,22,3653.99,80387.78,Rainy,East,Yes,83.8,BlueDart,Customs,0,1,0
8322,3460.0,4.2,8.0,2024-07-20,2024-07-28,2024-07-28,Air,1199,93,3675.77,341846.61,Cloudy,Central,No,87.2,FedEx,,1,1,1
8323,5175.0,4.8,6.0,2024-02-15,2024-02-21,2024-02-22,Sea,1489,44,2377.26,104599.44,Cloudy,South,No,78.3,FedEx,Weather,0,0,1
8324,3735.0,4.3,5.0,2024-03-25,2024-03-30,2024-03-30,Road,781,75,1835.51,137663.25,Cloudy,Central,No,83.4,Delhivery,Traffic,1,0,1
8325,5388.0,3.4,2.0,2024-05-18,2024-05-20,2024-05-25,Sea,242,69,4223.0,291387.0,Storm,North,Yes,86.6,DHL,Weather,0,1,0
8326,4113.0,3.8,7.0,2024-04-07,2024-04-14,2024-04-15,Road,627,65,3968.68,257964.2,Cloudy,East,No,96.3,DHL,Operational,0,1,0
8327,3365.0,4.0,8.0,2024-05-06,2024-05-14,2024-05-13,Road,1121,92,4668.13,429467.96,Clear,West,No,76.5,EcomExpress,Operational,1,0,1
8328,6827.0,3.4,10.0,2024-09-27,2024-10-07,2024-10-07,Air,554,69,2399.12,165539.28,Cloudy,South,No,94.7,BlueDart,Traffic,1,0,1
8329,9914.0,3.2,10.0,2024-02-24,2024-03-05,2024-03-05,Road,1182,48,4117.03,197617.44,Cloudy,West,No,93.9,EcomExpress,Weather,1,1,1
8330,1496.0,4.4,9.0,2024-07-06,2024-07-15,2024-07-17,Road,796,60,4818.42,289105.2,Storm,Central,No,98.5,Delhivery,Operational,0,1,0
8331,9866.0,3.0,2.0,2024-06-15,2024-06-17,2024-06-21,Sea,1159,46,4341.69,199717.74,Cloudy,North,No,79.0,BlueDart,Traffic,0,1,0
8332,8240.0,4.5,2.0,2024-08-05,2024-08-07,2024-08-10,Air,1171,4,2509.11,10036.44,Storm,North,Yes,77.9,Delhivery,,0,0,1
8333,1985.0,4.0,5.0,2024-03-12,2024-03-17,2024-03-19,Road,1131,80,1128.09,90247.2,Rainy,North,Yes,95.2,FedEx,Weather,0,0,1
8334,3737.0,3.4,6.0,2024-10-12,2024-10-18,2024-10-21,Road,778,99,2119.31,209811.69,Cloudy,South,No,90.7,DHL,Operational,0,1,0
8335,1391.0,4.7,6.0,2024-11-20,2024-11-26,2024-11-26,Sea,1015,75,2894.71,217103.25,Storm,South,No,98.6,BlueDart,Operational,1,0,1
8336,1414.0,3.4,5.0,2024-01-05,2024-01-10,2024-01-15,Road,1303,47,2609.13,122629.11,Rainy,West,No,88.3,Delhivery,,0,0,1
8337,8363.0,3.4,2.0,2024-09-30,2024-10-02,2024-10-01,Road,22,8,4746.02,37968.16,Clear,West,No,89.5,BlueDart,Weather,1,0,1
8338,1688.0,2.7,5.0,2024-06-15,2024-06-20,2024-06-19,Air,474,97,4719.98,457838.06,Storm,West,No,93.0,BlueDart,Weather,1,1,1
8339,9244.0,3.2,9.0,2024-09-11,2024-09-20,2024-09-19,Air,932,43,1072.93,46135.99,Storm,South,Yes,79.9,Delhivery,Operational,1,0,1
8340,3399.0,3.8,4.0,2024-01-21,2024-01-25,2024-01-28,Road,576,3,2746.23,8238.69,Storm,East,Yes,87.4,EcomExpress,Operational,0,1,0
8341,1935.0,3.5,6.0,2024-05-01,2024-05-07,2024-05-12,Sea,773,40,4642.73,185709.2,Storm,South,No,77.5,BlueDart,Traffic,0,0,1
8342,3758.0,3.7,5.0,2024-02-23,2024-02-28,2024-03-03,Sea,125,33,3490.67,115192.11,Rainy,East,No,76.0,Delhivery,Operational,0,0,1
8343,1207.0,4.2,10.0,2024-04-17,2024-04-27,2024-04-30,Air,1244,5,4035.79,20178.95,Rainy,West,Yes,83.2,DHL,Customs,0,0,1
8344,8622.0,4.6,7.0,2024-07-16,2024-07-23,2024-07-22,Air,81,77,1479.91,113953.07,Storm,East,No,84.5,Delhivery,Traffic,1,0,1
8345,1737.0,4.4,9.0,2024-07-03,2024-07-12,2024-07-16,Road,488,33,3337.76,110146.08,Clear,Central,No,89.8,DHL,Weather,0,0,1
8346,7378.0,4.7,8.0,2024-10-17,2024-10-25,2024-10-29,Air,480,19,3258.35,61908.65,Rainy,East,Yes,73.7,BlueDart,,0,0,1
8347,3968.0,3.4,5.0,2024-07-19,2024-07-24,2024-07-23,Sea,110,14,1552.92,21740.88,Storm,South,Yes,98.0,Delhivery,Customs,1,0,1
8348,6518.0,4.4,4.0,2024-10-27,2024-10-31,2024-11-03,Sea,590,98,1565.8,153448.4,Clear,Central,No,80.5,Delhivery,Customs,0,1,0
8349,2771.0,3.0,5.0,2024-01-17,2024-01-22,2024-01-23,Sea,297,45,1210.65,54479.25,Cloudy,Central,Yes,85.0,Delhivery,Weather,0,0,1
8350,2671.0,3.4,6.0,2024-07-23,2024-07-29,2024-07-29,Road,1012,30,3395.01,101850.3,Storm,West,Yes,95.7,BlueDart,Operational,1,0,1
8351,1637.0,3.4,7.0,2024-03-27,2024-04-03,2024-04-04,Air,418,11,1470.08,16170.88,Storm,Central,Yes,75.5,Delhivery,,0,0,1
8352,6419.0,4.2,10.0,2024-01-28,2024-02-07,2024-02-07,Air,1134,89,1026.16,91328.24,Clear,West,No,73.3,EcomExpress,Weather,1,1,1
8353,4585.0,4.8,2.0,2024-01-22,2024-01-24,2024-01-29,Sea,570,13,1692.93,22008.09,Cloudy,West,Yes,81.4,BlueDart,Operational,0,0,1
8354,3948.0,3.8,8.0,2024-03-20,2024-03-28,2024-03-31,Road,840,53,3746.63,198571.39,Rainy,South,No,95.9,DHL,,0,0,1
8355,6183.0,4.5,4.0,2024-06-18,2024-06-22,2024-06-25,Air,107,66,1248.31,82388.46,Storm,North,No,82.6,BlueDart,Weather,0,0,1
8356,1834.0,2.9,9.0,2024-04-01,2024-04-10,2024-04-09,Air,1282,14,1308.93,18325.02,Clear,Central,No,94.8,DHL,Customs,1,0,1
8357,1146.0,3.0,10.0,2024-10-13,2024-10-23,2024-10-23,Road,421,1,3707.98,3707.98,Storm,North,No,84.8,EcomExpress,Traffic,1,1,1
8358,3539.0,3.2,2.0,2024-04-17,2024-04-19,2024-04-21,Road,819,28,4419.41,123743.48,Rainy,East,No,76.9,DHL,Weather,0,0,1
8359,8993.0,5.0,5.0,2024-04-01,2024-04-06,2024-04-08,Road,1385,65,861.45,55994.25,Clear,West,No,70.6,BlueDart,,0,0,1
8360,8835.0,4.3,3.0,2024-06-29,2024-07-02,2024-07-04,Sea,368,34,4250.6,144520.4,Storm,Central,Yes,77.5,BlueDart,,0,1,0
8361,4771.0,3.5,3.0,2024-05-11,2024-05-14,2024-05-16,Air,483,94,4734.36,445029.84,Storm,South,No,98.1,EcomExpress,Weather,0,1,0
8362,6710.0,4.2,3.0,2024-08-23,2024-08-26,2024-08-29,Air,1426,67,1795.45,120295.15,Clear,Central,No,94.4,DHL,Traffic,0,0,1
8363,2516.0,3.3,2.0,2024-07-09,2024-07-11,2024-07-10,Air,1147,40,1094.94,43797.6,Rainy,West,No,76.1,FedEx,Operational,1,0,1
8364,4153.0,3.5,6.0,2024-07-05,2024-07-11,2024-07-15,Air,803,23,2829.72,65083.56,Cloudy,West,Yes,73.5,BlueDart,,0,0,1
8365,4690.0,3.3,9.0,2024-07-31,2024-08-09,2024-08-13,Air,690,67,2362.14,158263.38,Storm,East,Yes,76.1,Delhivery,Operational,0,0,1
8366,5109.0,3.7,2.0,2024-05-11,2024-05-13,2024-05-15,Road,104,63,4357.18,274502.34,Rainy,South,Yes,91.8,Delhivery,Traffic,0,1,0
8367,1198.0,4.0,7.0,2024-01-25,2024-02-01,2024-02-04,Road,1054,12,2177.49,26129.88,Storm,East,Yes,81.2,FedEx,Customs,0,0,1
8368,8080.0,2.6,5.0,2024-11-22,2024-11-27,2024-11-28,Sea,790,50,1972.8,98640.0,Clear,South,No,87.0,Delhivery,Traffic,0,0,1
8369,9089.0,4.7,5.0,2024-04-21,2024-04-26,2024-04-25,Road,1324,92,982.98,90434.16,Rainy,East,Yes,98.2,Delhivery,Operational,1,1,1
8370,8802.0,2.8,5.0,2024-02-07,2024-02-12,2024-02-15,Air,1440,63,4687.87,295335.81,Clear,East,Yes,73.0,EcomExpress,,0,0,1
8371,9583.0,2.9,6.0,2024-08-29,2024-09-04,2024-09-08,Road,182,5,1714.94,8574.7,Clear,North,No,80.6,BlueDart,Traffic,0,0,1
8372,6543.0,4.9,10.0,2024-08-29,2024-09-08,2024-09-07,Sea,1005,45,4447.3,200128.5,Storm,North,Yes,81.6,EcomExpress,Customs,1,0,1
8373,9855.0,4.3,7.0,2024-03-13,2024-03-20,2024-03-19,Sea,909,37,987.28,36529.36,Clear,South,Yes,89.5,FedEx,,1,0,1
8374,3126.0,3.5,5.0,2024-03-29,2024-04-03,2024-04-06,Air,165,60,2361.28,141676.8,Rainy,Central,No,91.5,EcomExpress,Traffic,0,0,1
8375,6841.0,4.9,7.0,2024-09-26,2024-10-03,2024-10-08,Sea,196,1,1002.04,1002.04,Storm,East,No,92.7,BlueDart,Operational,0,0,1
8376,8494.0,3.6,10.0,2024-05-02,2024-05-12,2024-05-11,Road,37,16,1611.62,25785.92,Cloudy,East,No,99.8,EcomExpress,Traffic,1,0,1
8377,2144.0,4.7,9.0,2024-09-27,2024-10-06,2024-10-10,Air,215,1,1445.57,1445.57,Cloudy,East,Yes,99.0,EcomExpress,Weather,0,0,1
8378,3380.0,4.9,10.0,2024-03-12,2024-03-22,2024-03-24,Air,1416,31,140.06,4341.86,Rainy,West,Yes,82.7,FedEx,Customs,0,0,1
8379,4956.0,2.6,5.0,2024-05-19,2024-05-24,2024-05-24,Sea,1003,73,4537.75,331255.75,Rainy,East,No,71.4,Delhivery,Traffic,1,1,1
8380,8470.0,3.4,8.0,2024-03-05,2024-03-13,2024-03-14,Road,382,9,4765.07,42885.63,Rainy,North,No,98.9,FedEx,Weather,0,0,1
8381,5043.0,2.8,2.0,2024-08-14,2024-08-16,2024-08-21,Road,939,45,176.34,7935.3,Storm,Central,No,80.8,EcomExpress,,0,0,1
8382,6698.0,2.9,10.0,2024-08-29,2024-09-08,2024-09-10,Air,532,59,1745.77,103000.43,Cloudy,South,No,85.2,Delhivery,Customs,0,0,1
8383,3253.0,3.5,10.0,2024-05-19,2024-05-29,2024-05-29,Air,1099,62,1000.47,62029.14,Rainy,East,Yes,97.0,BlueDart,Operational,1,1,1
8384,7749.0,2.9,2.0,2024-04-26,2024-04-28,2024-04-27,Road,1337,90,1492.52,134326.8,Rainy,North,Yes,85.7,EcomExpress,Traffic,1,0,1
8385,9959.0,3.2,4.0,2024-04-29,2024-05-03,2024-05-07,Air,89,31,1351.51,41896.81,Cloudy,North,No,96.5,BlueDart,Customs,0,0,1
8386,4257.0,3.8,9.0,2024-03-30,2024-04-08,2024-04-07,Road,307,42,4903.06,205928.52,Clear,North,No,81.2,EcomExpress,,1,1,1
8387,2654.0,3.1,5.0,2024-03-16,2024-03-21,2024-03-22,Air,1287,68,4136.96,281313.28,Storm,South,No,81.7,EcomExpress,Customs,0,1,0
8388,4260.0,3.6,10.0,2024-11-01,2024-11-11,2024-11-16,Sea,502,43,214.45,9221.35,Cloudy,East,Yes,94.3,DHL,Weather,0,0,1
8389,4476.0,4.0,7.0,2024-10-25,2024-11-01,2024-11-04,Air,1175,16,4988.12,79809.92,Storm,East,Yes,82.8,Delhivery,Weather,0,0,1
8390,7547.0,4.0,9.0,2024-11-18,2024-11-27,2024-11-30,Air,151,63,161.41,10168.83,Rainy,Central,No,72.2,DHL,,0,0,1
8391,6192.0,4.2,2.0,2024-11-15,2024-11-17,2024-11-18,Road,1428,22,139.52,3069.44,Storm,South,Yes,86.0,FedEx,Weather,0,0,1
8392,3775.0,3.1,5.0,2024-05-06,2024-05-11,2024-05-13,Road,494,75,3065.31,229898.25,Storm,South,No,93.8,FedEx,Weather,0,0,1
8393,8405.0,2.6,9.0,2024-08-06,2024-08-15,2024-08-14,Sea,852,50,2445.04,122252.0,Storm,Central,Yes,95.4,EcomExpress,Traffic,1,0,1
8394,1044.0,3.5,7.0,2024-08-15,2024-08-22,2024-08-21,Sea,489,24,569.03,13656.72,Storm,West,Yes,71.2,Delhivery,,1,0,1
8395,5267.0,4.3,9.0,2024-05-09,2024-05-18,2024-05-21,Sea,1388,67,3581.35,239950.45,Cloudy,East,No,88.2,EcomExpress,Operational,0,0,1
8396,1119.0,3.1,7.0,2024-06-01,2024-06-08,2024-06-11,Road,753,1,3005.95,3005.95,Cloudy,North,Yes,76.2,DHL,,0,1,0
8397,3346.0,2.6,5.0,2024-10-09,2024-10-14,2024-10-18,Air,829,35,2332.13,81624.55,Storm,West,No,83.7,EcomExpress,Weather,0,0,1
8398,5590.0,3.4,6.0,2024-08-04,2024-08-10,2024-08-11,Sea,251,5,1792.3,8961.5,Storm,East,Yes,87.7,BlueDart,Weather,0,1,0
8399,1212.0,4.1,5.0,2024-06-01,2024-06-06,2024-06-06,Sea,718,43,3484.6,149837.8,Clear,South,No,84.7,EcomExpress,Customs,1,1,1
8400,6155.0,3.2,5.0,2024-04-16,2024-04-21,2024-04-20,Sea,912,72,1448.75,104310.0,Cloudy,East,Yes,95.0,BlueDart,Operational,1,0,1
8401,1395.0,4.1,4.0,2024-04-26,2024-04-30,2024-05-03,Sea,1306,47,3063.05,143963.35,Clear,West,No,74.8,FedEx,Operational,0,0,1
8402,9641.0,4.5,7.0,2024-09-25,2024-10-02,2024-10-06,Sea,619,96,3260.08,312967.68,Clear,Central,No,70.3,DHL,Operational,0,0,1
8403,6419.0,4.0,9.0,2024-10-13,2024-10-22,2024-10-21,Sea,1109,43,943.35,40564.05,Cloudy,East,Yes,70.7,EcomExpress,Customs,1,1,1
8404,9706.0,4.4,6.0,2024-01-08,2024-01-14,2024-01-18,Sea,309,100,212.22,21222.0,Clear,Central,No,92.4,Delhivery,Weather,0,0,1
8405,2051.0,4.0,3.0,2024-04-14,2024-04-17,2024-04-21,Air,914,40,1283.51,51340.4,Cloudy,Central,No,86.6,EcomExpress,Operational,0,1,0
8406,3895.0,3.0,5.0,2024-08-19,2024-08-24,2024-08-25,Road,229,29,3681.34,106758.86,Rainy,West,Yes,71.6,FedEx,Weather,0,0,1
8407,5193.0,4.5,4.0,2024-02-28,2024-03-03,2024-03-03,Sea,629,51,4704.91,239950.41,Storm,East,No,89.0,DHL,Operational,1,0,1
8408,3527.0,3.6,2.0,2024-03-28,2024-03-30,2024-03-29,Air,108,8,2474.61,19796.88,Clear,East,Yes,95.6,FedEx,Weather,1,0,1
8409,4956.0,3.3,4.0,2024-10-22,2024-10-26,2024-10-30,Road,1143,40,3515.56,140622.4,Clear,Central,Yes,92.3,BlueDart,Weather,0,0,1
8410,4705.0,4.2,10.0,2024-02-09,2024-02-19,2024-02-19,Road,762,57,3358.59,191439.63,Rainy,Central,Yes,70.1,BlueDart,Customs,1,0,1
8411,7948.0,5.0,7.0,2024-05-06,2024-05-13,2024-05-12,Road,885,31,3303.44,102406.64,Clear,North,Yes,94.8,BlueDart,Operational,1,0,1
8412,2625.0,4.5,3.0,2024-06-10,2024-06-13,2024-06-12,Air,508,82,1476.96,121110.72,Cloudy,South,No,73.7,FedEx,Operational,1,0,1
8413,1263.0,4.2,10.0,2024-03-01,2024-03-11,2024-03-11,Road,1261,61,3554.24,216808.64,Cloudy,Central,No,88.3,Delhivery,Weather,1,0,1
8414,4578.0,3.2,4.0,2024-07-13,2024-07-17,2024-07-22,Air,88,70,4092.6,286482.0,Clear,East,Yes,88.7,BlueDart,Traffic,0,1,0
8415,7967.0,3.4,8.0,2024-04-11,2024-04-19,2024-04-19,Air,232,52,3384.28,175982.56,Clear,Central,No,84.5,FedEx,Operational,1,0,1
8416,2100.0,4.6,8.0,2024-01-12,2024-01-20,2024-01-24,Road,1476,81,4509.38,365259.78,Clear,East,No,88.5,DHL,Traffic,0,0,1
8417,6293.0,4.6,7.0,2024-06-20,2024-06-27,2024-06-28,Sea,976,11,2296.03,25256.33,Rainy,Central,Yes,70.9,FedEx,Weather,0,0,1
8418,6601.0,3.2,9.0,2024-10-11,2024-10-20,2024-10-25,Sea,543,2,555.97,1111.94,Storm,West,Yes,83.3,BlueDart,Customs,0,0,1
8419,7238.0,4.0,3.0,2024-11-17,2024-11-20,2024-11-20,Air,357,78,3654.25,285031.5,Rainy,North,No,88.9,BlueDart,Operational,1,1,1
8420,4960.0,3.9,9.0,2024-08-02,2024-08-11,2024-08-15,Road,284,87,2176.17,189326.79,Cloudy,South,No,79.0,FedEx,Customs,0,0,1
8421,1743.0,3.3,8.0,2024-01-23,2024-01-31,2024-02-02,Air,427,79,4828.63,381461.77,Clear,West,Yes,77.5,DHL,Operational,0,0,1
8422,2428.0,4.8,6.0,2024-11-05,2024-11-11,2024-11-11,Air,1376,7,3518.2,24627.4,Rainy,East,Yes,99.2,BlueDart,Weather,1,0,1
8423,6922.0,4.5,6.0,2024-10-15,2024-10-21,2024-10-21,Air,499,55,4542.3,249826.5,Rainy,Central,No,87.5,Delhivery,Traffic,1,0,1
8424,5723.0,4.9,5.0,2024-02-19,2024-02-24,2024-02-28,Sea,1194,49,3267.93,160128.57,Rainy,Central,Yes,92.1,FedEx,Operational,0,0,1
8425,2970.0,4.6,9.0,2024-06-12,2024-06-21,2024-06-20,Road,646,73,3151.04,230025.92,Rainy,North,Yes,87.8,EcomExpress,Weather,1,0,1
8426,4089.0,3.3,4.0,2024-04-13,2024-04-17,2024-04-16,Road,312,72,2453.87,176678.64,Cloudy,East,Yes,71.4,Delhivery,Customs,1,1,1
8427,8346.0,2.7,6.0,2024-07-22,2024-07-28,2024-07-30,Road,870,76,3598.74,273504.24,Cloudy,West,Yes,85.8,DHL,Weather,0,0,1
8428,7062.0,4.0,9.0,2024-09-25,2024-10-04,2024-10-05,Air,144,51,3957.22,201818.22,Rainy,North,Yes,89.9,BlueDart,Operational,0,0,1
8429,6368.0,4.4,9.0,2024-04-03,2024-04-12,2024-04-14,Sea,1276,84,1529.91,128512.44,Storm,East,No,81.0,Delhivery,,0,0,1
8430,9852.0,3.4,8.0,2024-04-13,2024-04-21,2024-04-22,Sea,1140,53,2479.5,131413.5,Rainy,West,Yes,90.1,DHL,Traffic,0,1,0
8431,5196.0,4.2,4.0,2024-08-12,2024-08-16,2024-08-21,Air,263,9,2904.73,26142.57,Rainy,West,No,93.5,FedEx,,0,0,1
8432,8814.0,3.3,7.0,2024-03-16,2024-03-23,2024-03-27,Road,1473,100,789.95,78995.0,Storm,East,Yes,73.8,DHL,Operational,0,1,0
8433,4345.0,4.7,2.0,2024-07-21,2024-07-23,2024-07-26,Air,1176,95,2806.92,266657.4,Rainy,East,No,94.3,Delhivery,,0,1,0
8434,9824.0,4.0,4.0,2024-04-22,2024-04-26,2024-04-30,Sea,241,25,4410.57,110264.25,Rainy,Central,No,78.0,FedEx,Operational,0,0,1
8435,4732.0,2.9,7.0,2024-11-09,2024-11-16,2024-11-20,Sea,452,35,4934.79,172717.65,Cloudy,South,No,91.4,FedEx,Customs,0,1,0
8436,2902.0,3.5,4.0,2024-04-28,2024-05-02,2024-05-04,Air,1294,48,3247.64,155886.72,Storm,West,Yes,98.6,FedEx,Operational,0,1,0
8437,4884.0,4.2,2.0,2024-11-21,2024-11-23,2024-11-28,Road,588,35,1276.88,44690.8,Clear,East,Yes,89.7,Delhivery,Traffic,0,0,1
8438,3768.0,4.6,2.0,2024-04-24,2024-04-26,2024-04-26,Air,812,88,166.25,14630.0,Storm,West,Yes,87.5,FedEx,Customs,1,0,1
8439,8252.0,4.9,8.0,2024-07-13,2024-07-21,2024-07-20,Sea,1495,2,861.7,1723.4,Storm,East,No,74.8,BlueDart,Traffic,1,1,1
8440,5820.0,3.8,5.0,2024-05-03,2024-05-08,2024-05-12,Road,1304,93,487.59,45345.87,Clear,West,No,76.0,DHL,Customs,0,0,1
8441,1073.0,3.2,9.0,2024-02-19,2024-02-28,2024-02-27,Sea,1313,68,4873.93,331427.24,Storm,North,Yes,88.1,DHL,Operational,1,0,1
8442,6938.0,4.2,3.0,2024-03-02,2024-03-05,2024-03-06,Road,779,47,4894.92,230061.24,Cloudy,East,Yes,89.6,Delhivery,Weather,0,1,0
8443,7243.0,4.4,7.0,2024-06-03,2024-06-10,2024-06-13,Air,685,84,2892.26,242949.84,Storm,South,Yes,93.4,DHL,,0,0,1
8444,3948.0,2.9,8.0,2024-03-01,2024-03-09,2024-03-11,Air,1435,33,1825.49,60241.17,Storm,Central,Yes,73.0,FedEx,Operational,0,0,1
8445,9522.0,3.3,4.0,2024-03-02,2024-03-06,2024-03-09,Sea,873,97,2674.17,259394.49,Cloudy,South,No,78.4,EcomExpress,Customs,0,1,0
8446,8881.0,4.5,7.0,2024-06-05,2024-06-12,2024-06-11,Road,317,45,1361.91,61285.95,Cloudy,East,No,72.2,DHL,Customs,1,0,1
8447,3294.0,2.5,3.0,2024-04-10,2024-04-13,2024-04-14,Road,159,73,4614.56,336862.88,Rainy,West,No,75.0,EcomExpress,Traffic,0,0,1
8448,4700.0,4.6,4.0,2024-09-28,2024-10-02,2024-10-06,Road,548,79,4570.62,361078.98,Rainy,West,Yes,91.1,FedEx,Customs,0,1,0
8449,2098.0,4.6,4.0,2024-04-04,2024-04-08,2024-04-13,Road,978,32,4617.01,147744.32,Storm,Central,Yes,89.3,Delhivery,Operational,0,0,1
8450,2997.0,4.5,5.0,2024-05-13,2024-05-18,2024-05-19,Sea,1294,18,2018.97,36341.46,Storm,North,Yes,73.7,EcomExpress,Traffic,0,0,1
8451,3830.0,2.8,6.0,2024-03-08,2024-03-14,2024-03-15,Road,1134,54,809.75,43726.5,Storm,Central,No,82.0,EcomExpress,Weather,0,0,1
8452,7934.0,3.8,10.0,2024-07-11,2024-07-21,2024-07-24,Road,1007,90,3571.39,321425.1,Rainy,South,Yes,91.2,BlueDart,Customs,0,0,1
8453,5164.0,4.4,5.0,2024-10-10,2024-10-15,2024-10-20,Sea,332,14,510.74,7150.36,Cloudy,Central,Yes,84.4,DHL,,0,0,1
8454,7035.0,4.4,4.0,2024-02-14,2024-02-18,2024-02-18,Air,705,50,1703.12,85156.0,Clear,South,No,79.4,BlueDart,Operational,1,0,1
8455,1608.0,2.5,9.0,2024-11-22,2024-12-01,2024-12-01,Sea,929,33,4920.61,162380.13,Cloudy,North,No,85.4,DHL,,1,0,1
8456,5927.0,3.4,4.0,2024-04-08,2024-04-12,2024-04-14,Road,227,49,2330.18,114178.82,Clear,West,Yes,76.4,FedEx,Weather,0,0,1
8457,9581.0,3.3,10.0,2024-08-13,2024-08-23,2024-08-23,Road,296,67,1280.08,85765.36,Storm,West,No,87.4,EcomExpress,Operational,1,0,1
8458,2174.0,3.8,7.0,2024-07-10,2024-07-17,2024-07-20,Road,1353,22,4927.83,108412.26,Storm,Central,Yes,86.1,DHL,Weather,0,0,1
8459,4694.0,2.9,9.0,2024-09-21,2024-09-30,2024-09-29,Air,620,72,1660.92,119586.24,Clear,North,No,91.9,FedEx,,1,1,1
8460,2843.0,3.4,3.0,2024-07-21,2024-07-24,2024-07-23,Sea,687,5,3906.32,19531.6,Rainy,East,No,85.3,BlueDart,,1,1,1
8461,6065.0,3.2,3.0,2024-05-16,2024-05-19,2024-05-24,Sea,268,34,4693.52,159579.68,Storm,West,No,93.4,Delhivery,Weather,0,0,1
8462,4793.0,2.7,6.0,2024-11-10,2024-11-16,2024-11-17,Sea,1104,66,1571.47,103717.02,Rainy,Central,No,80.7,EcomExpress,Weather,0,1,0
8463,7468.0,4.8,2.0,2024-08-17,2024-08-19,2024-08-20,Sea,1137,65,608.4,39546.0,Cloudy,South,Yes,90.2,EcomExpress,Traffic,0,1,0
8464,1636.0,4.1,9.0,2024-09-02,2024-09-11,2024-09-13,Sea,426,73,3076.4,224577.2,Rainy,North,Yes,72.0,Delhivery,,0,0,1
8465,8425.0,3.0,5.0,2024-02-19,2024-02-24,2024-02-23,Road,695,53,3933.68,208485.04,Storm,East,No,70.3,Delhivery,Traffic,1,0,1
8466,1917.0,4.3,9.0,2024-08-01,2024-08-10,2024-08-12,Air,1432,27,3182.23,85920.21,Storm,North,No,85.1,EcomExpress,,0,0,1
8467,8629.0,2.7,5.0,2024-03-14,2024-03-19,2024-03-18,Air,459,64,3060.92,195898.88,Rainy,East,No,99.8,Delhivery,Weather,1,0,1
8468,4801.0,3.4,4.0,2024-02-22,2024-02-26,2024-03-02,Air,218,3,3278.91,9836.73,Cloudy,East,No,86.4,BlueDart,Traffic,0,0,1
8469,7740.0,3.6,7.0,2024-10-29,2024-11-05,2024-11-07,Air,1231,22,2605.74,57326.28,Clear,South,Yes,77.6,BlueDart,Traffic,0,0,1
8470,7365.0,3.0,2.0,2024-01-18,2024-01-20,2024-01-21,Road,292,50,1643.78,82189.0,Clear,North,Yes,98.1,BlueDart,Customs,0,0,1
8471,6227.0,3.7,2.0,2024-02-05,2024-02-07,2024-02-12,Air,1171,14,2902.77,40638.78,Rainy,South,No,82.5,EcomExpress,Traffic,0,0,1
8472,1003.0,2.9,5.0,2024-01-10,2024-01-15,2024-01-19,Air,144,93,4584.8,426386.4,Clear,North,No,92.4,EcomExpress,Customs,0,0,1
8473,9733.0,4.7,2.0,2024-03-20,2024-03-22,2024-03-25,Sea,556,37,1669.34,61765.58,Cloudy,West,No,76.1,DHL,Traffic,0,0,1
8474,4391.0,4.6,7.0,2024-02-01,2024-02-08,2024-02-10,Air,837,41,1405.08,57608.28,Storm,West,Yes,87.5,DHL,,0,0,1
8475,2402.0,4.5,2.0,2024-02-25,2024-02-27,2024-03-02,Air,144,45,1064.9,47920.5,Clear,North,No,76.8,BlueDart,Customs,0,1,0
8476,2014.0,2.6,7.0,2024-09-28,2024-10-05,2024-10-08,Sea,1323,45,3261.42,146763.9,Cloudy,North,No,98.7,DHL,,0,1,0
8477,4718.0,3.2,2.0,2024-04-24,2024-04-26,2024-04-26,Road,1191,7,2642.5,18497.5,Storm,South,No,87.7,BlueDart,Operational,1,0,1
8478,5666.0,2.6,2.0,2024-09-02,2024-09-04,2024-09-09,Sea,286,80,140.91,11272.8,Rainy,East,Yes,77.4,BlueDart,Traffic,0,0,1
8479,7815.0,3.8,4.0,2024-01-20,2024-01-24,2024-01-27,Air,872,12,3194.46,38333.52,Cloudy,South,No,84.8,BlueDart,Weather,0,1,0
8480,5962.0,4.5,9.0,2024-01-16,2024-01-25,2024-01-27,Road,615,74,1376.77,101880.98,Clear,South,No,87.5,Delhivery,,0,0,1
8481,6844.0,4.0,3.0,2024-10-11,2024-10-14,2024-10-19,Road,70,33,1107.76,36556.08,Cloudy,Central,Yes,84.9,BlueDart,Customs,0,0,1
8482,4192.0,2.9,2.0,2024-06-05,2024-06-07,2024-06-07,Road,1451,26,892.13,23195.38,Rainy,North,Yes,81.0,FedEx,Traffic,1,0,1
8483,7226.0,4.6,8.0,2024-10-11,2024-10-19,2024-10-20,Sea,1276,70,2898.32,202882.4,Clear,West,Yes,73.3,EcomExpress,Customs,0,0,1
8484,5344.0,3.3,9.0,2024-08-05,2024-08-14,2024-08-16,Road,115,18,1380.33,24845.94,Clear,West,No,81.8,FedEx,Weather,0,0,1
8485,6509.0,2.8,2.0,2024-09-28,2024-09-30,2024-09-30,Road,1012,67,4343.88,291039.96,Rainy,West,No,92.6,EcomExpress,Customs,1,1,1
8486,5116.0,3.8,10.0,2024-01-29,2024-02-08,2024-02-09,Air,76,91,3064.29,278850.39,Cloudy,East,No,93.1,BlueDart,Weather,0,0,1
8487,6380.0,4.3,10.0,2024-05-09,2024-05-19,2024-05-24,Sea,1121,9,2686.22,24175.98,Storm,East,Yes,90.2,FedEx,,0,0,1
8488,7456.0,4.9,5.0,2024-07-04,2024-07-09,2024-07-13,Road,822,95,1856.01,176320.95,Clear,North,Yes,97.4,Delhivery,Weather,0,0,1
8489,7758.0,3.5,8.0,2024-05-30,2024-06-07,2024-06-07,Air,798,5,1188.22,5941.1,Cloudy,South,No,92.0,BlueDart,Customs,1,0,1
8490,3198.0,4.1,10.0,2024-03-01,2024-03-11,2024-03-10,Sea,86,57,4647.59,264912.63,Cloudy,Central,Yes,85.2,BlueDart,Operational,1,0,1
8491,4865.0,3.2,8.0,2024-11-13,2024-11-21,2024-11-22,Road,66,3,449.31,1347.93,Cloudy,Central,Yes,83.4,EcomExpress,Weather,0,0,1
8492,9300.0,3.2,10.0,2024-03-20,2024-03-30,2024-03-29,Road,552,28,2442.36,68386.08,Storm,North,No,70.2,BlueDart,Traffic,1,0,1
8493,9128.0,4.5,2.0,2024-11-22,2024-11-24,2024-11-25,Sea,1110,87,1624.98,141373.26,Rainy,North,Yes,80.8,EcomExpress,Traffic,0,0,1
8494,4105.0,3.0,6.0,2024-06-22,2024-06-28,2024-07-02,Sea,1419,68,425.94,28963.92,Clear,East,No,94.6,DHL,Weather,0,1,0
8495,5684.0,3.6,6.0,2024-08-03,2024-08-09,2024-08-09,Road,971,77,1253.46,96516.42,Clear,Central,Yes,81.5,Delhivery,Operational,1,1,1
8496,5058.0,3.2,9.0,2024-03-20,2024-03-29,2024-03-29,Sea,731,83,2924.32,242718.56,Clear,East,Yes,76.5,DHL,Weather,1,0,1
8497,4266.0,4.3,10.0,2024-09-11,2024-09-21,2024-09-24,Road,157,21,608.56,12779.76,Clear,North,Yes,83.1,Delhivery,Operational,0,0,1
8498,1912.0,4.0,8.0,2024-08-05,2024-08-13,2024-08-13,Road,72,40,1281.0,51240.0,Storm,Central,Yes,99.2,EcomExpress,Operational,1,0,1
8499,6513.0,2.7,8.0,2024-09-04,2024-09-12,2024-09-11,Road,1080,21,889.08,18670.68,Cloudy,North,Yes,83.5,EcomExpress,Traffic,1,0,1
8500,4458.0,2.6,3.0,2024-08-08,2024-08-11,2024-08-10,Air,1304,21,2896.07,60817.47,Rainy,Central,No,97.4,Delhivery,,1,0,1
8501,2660.0,2.7,8.0,2024-06-20,2024-06-28,2024-06-30,Air,499,94,312.08,29335.52,Storm,North,No,88.5,DHL,Customs,0,0,1
8502,3720.0,4.2,2.0,2024-04-19,2024-04-21,2024-04-20,Air,1035,50,3625.14,181257.0,Clear,South,No,72.9,DHL,Customs,1,0,1
8503,9914.0,4.8,10.0,2024-05-29,2024-06-08,2024-06-13,Road,493,10,1455.95,14559.5,Cloudy,West,No,74.9,Delhivery,Weather,0,0,1
8504,5775.0,4.8,9.0,2024-07-31,2024-08-09,2024-08-08,Air,439,34,3773.7,128305.8,Clear,South,Yes,81.8,EcomExpress,,1,0,1
8505,7084.0,4.3,6.0,2024-01-09,2024-01-15,2024-01-20,Road,542,33,3984.91,131502.03,Rainy,West,Yes,92.7,Delhivery,Customs,0,0,1
8506,1979.0,3.8,9.0,2024-06-17,2024-06-26,2024-06-26,Air,110,33,3439.1,113490.3,Storm,North,No,92.5,DHL,,1,0,1
8507,7396.0,3.3,9.0,2024-05-01,2024-05-10,2024-05-15,Air,801,98,2250.07,220506.86,Cloudy,North,No,77.3,DHL,Weather,0,0,1
8508,7737.0,2.5,9.0,2024-02-28,2024-03-08,2024-03-07,Road,1230,60,139.86,8391.6,Storm,North,No,88.7,Delhivery,Traffic,1,0,1
8509,6183.0,2.9,10.0,2024-04-15,2024-04-25,2024-04-30,Sea,511,21,2194.38,46081.98,Cloudy,Central,No,98.5,BlueDart,Weather,0,0,1
8510,5687.0,4.9,7.0,2024-04-20,2024-04-27,2024-05-02,Road,150,52,4782.67,248698.84,Storm,East,No,96.2,EcomExpress,Operational,0,1,0
8511,6345.0,4.7,5.0,2024-08-31,2024-09-05,2024-09-07,Road,563,93,3272.58,304349.94,Rainy,North,Yes,99.9,EcomExpress,Customs,0,1,0
8512,6240.0,3.4,7.0,2024-03-18,2024-03-25,2024-03-25,Sea,800,20,3811.91,76238.2,Rainy,West,No,82.3,FedEx,Operational,1,0,1
8513,3319.0,4.5,8.0,2024-09-27,2024-10-05,2024-10-05,Sea,1239,56,3366.91,188546.96,Rainy,East,No,80.3,FedEx,Customs,1,0,1
8514,4677.0,3.1,9.0,2024-08-19,2024-08-28,2024-08-31,Air,1244,57,1845.48,105192.36,Rainy,Central,No,80.9,Delhivery,Traffic,0,0,1
8515,6647.0,2.9,6.0,2024-09-11,2024-09-17,2024-09-16,Air,1051,38,2648.34,100636.92,Rainy,Central,No,81.6,BlueDart,Weather,1,0,1
8516,9616.0,4.3,2.0,2024-05-03,2024-05-05,2024-05-05,Road,1140,50,4718.36,235918.0,Cloudy,East,Yes,94.3,BlueDart,Customs,1,0,1
8517,9444.0,2.6,2.0,2024-05-20,2024-05-22,2024-05-22,Sea,79,81,2994.7,242570.7,Rainy,East,Yes,93.8,Delhivery,Customs,1,0,1
8518,9528.0,3.0,10.0,2024-08-20,2024-08-30,2024-09-03,Road,158,46,2025.88,93190.48,Cloudy,East,No,98.2,Delhivery,Traffic,0,0,1
8519,5588.0,3.1,3.0,2024-03-15,2024-03-18,2024-03-22,Air,1386,25,387.58,9689.5,Clear,Central,Yes,87.0,BlueDart,Weather,0,0,1
8520,3652.0,4.1,6.0,2024-03-29,2024-04-04,2024-04-04,Road,958,34,3497.49,118914.66,Storm,East,Yes,94.1,FedEx,Customs,1,0,1
8521,2870.0,3.8,4.0,2024-04-16,2024-04-20,2024-04-21,Sea,419,84,1093.07,91817.88,Cloudy,Central,No,74.4,BlueDart,Operational,0,0,1
8522,1892.0,3.8,6.0,2024-02-13,2024-02-19,2024-02-24,Sea,1305,6,3647.41,21884.46,Clear,East,Yes,93.4,BlueDart,Operational,0,0,1
8523,8165.0,3.0,9.0,2024-01-30,2024-02-08,2024-02-09,Air,637,81,1599.65,129571.65,Cloudy,South,No,98.5,Delhivery,Operational,0,0,1
8524,9553.0,4.9,7.0,2024-03-17,2024-03-24,2024-03-25,Air,668,48,3715.1,178324.8,Rainy,North,Yes,82.2,Delhivery,Weather,0,1,0
8525,3086.0,3.4,10.0,2024-01-27,2024-02-06,2024-02-08,Road,688,90,4056.3,365067.0,Rainy,North,Yes,92.5,DHL,Customs,0,1,0
8526,4049.0,4.0,2.0,2024-08-16,2024-08-18,2024-08-18,Sea,750,45,337.79,15200.55,Cloudy,South,Yes,83.2,Delhivery,Traffic,1,0,1
8527,8900.0,4.8,7.0,2024-02-14,2024-02-21,2024-02-22,Air,569,53,2439.68,129303.04,Storm,North,Yes,80.8,FedEx,Customs,0,0,1
8528,4010.0,4.7,10.0,2024-04-20,2024-04-30,2024-05-01,Road,540,30,3843.28,115298.4,Clear,South,No,97.4,BlueDart,Operational,0,1,0
8529,5331.0,4.2,4.0,2024-10-13,2024-10-17,2024-10-21,Sea,633,99,4813.39,476525.61,Clear,North,Yes,97.3,FedEx,,0,1,0
8530,3352.0,2.6,2.0,2024-09-17,2024-09-19,2024-09-23,Air,255,10,3469.36,34693.6,Rainy,Central,No,98.4,FedEx,Weather,0,0,1
8531,1071.0,4.5,7.0,2024-10-22,2024-10-29,2024-11-03,Sea,15,33,2663.72,87902.76,Clear,East,Yes,71.6,Delhivery,Customs,0,0,1
8532,8334.0,2.9,4.0,2024-06-27,2024-07-01,2024-07-05,Air,724,82,1190.26,97601.32,Cloudy,North,Yes,97.3,EcomExpress,,0,0,1
8533,1137.0,4.0,4.0,2024-05-13,2024-05-17,2024-05-16,Air,1156,75,1816.12,136209.0,Clear,North,Yes,86.3,Delhivery,Operational,1,0,1
8534,9735.0,4.5,3.0,2024-05-01,2024-05-04,2024-05-05,Sea,916,14,2399.12,33587.68,Rainy,Central,Yes,85.9,EcomExpress,Weather,0,0,1
8535,5090.0,4.3,3.0,2024-08-19,2024-08-22,2024-08-21,Sea,1317,99,2750.22,272271.78,Rainy,West,No,96.0,Delhivery,Weather,1,0,1
8536,8858.0,3.2,3.0,2024-08-02,2024-08-05,2024-08-09,Air,1297,93,3630.71,337656.03,Cloudy,West,No,78.9,FedEx,Customs,0,0,1
8537,4816.0,4.1,4.0,2024-05-10,2024-05-14,2024-05-16,Road,1307,78,2813.43,219447.54,Rainy,East,No,91.1,FedEx,Operational,0,0,1
8538,9364.0,4.9,4.0,2024-06-30,2024-07-04,2024-07-09,Sea,1137,7,2962.45,20737.15,Rainy,Central,No,85.1,FedEx,,0,1,0
8539,5687.0,4.1,9.0,2024-06-11,2024-06-20,2024-06-22,Road,816,6,2484.1,14904.6,Storm,Central,Yes,97.1,BlueDart,Customs,0,0,1
8540,3065.0,4.7,8.0,2024-07-13,2024-07-21,2024-07-22,Sea,686,69,2499.88,172491.72,Rainy,Central,No,80.3,FedEx,Traffic,0,1,0
8541,5513.0,3.7,6.0,2024-07-01,2024-07-07,2024-07-09,Air,664,33,3202.16,105671.28,Rainy,West,Yes,74.0,BlueDart,,0,0,1
8542,1391.0,3.5,2.0,2024-03-29,2024-03-31,2024-04-05,Air,1432,25,983.13,24578.25,Rainy,South,No,93.3,DHL,Customs,0,0,1
8543,6894.0,3.4,10.0,2024-02-03,2024-02-13,2024-02-13,Road,945,4,162.21,648.84,Rainy,North,Yes,71.9,BlueDart,,1,1,1
8544,4174.0,4.7,9.0,2024-04-10,2024-04-19,2024-04-22,Air,411,75,1404.25,105318.75,Cloudy,West,Yes,91.6,Delhivery,Traffic,0,0,1
8545,2151.0,2.6,9.0,2024-01-31,2024-02-09,2024-02-10,Sea,1223,53,4028.56,213513.68,Rainy,North,Yes,78.7,DHL,Customs,0,0,1
8546,4649.0,4.5,7.0,2024-01-21,2024-01-28,2024-02-02,Air,827,29,3083.95,89434.55,Cloudy,West,Yes,90.7,Delhivery,Operational,0,1,0
8547,2960.0,4.6,8.0,2024-01-04,2024-01-12,2024-01-17,Air,334,86,1464.72,125965.92,Cloudy,East,No,75.6,EcomExpress,Operational,0,0,1
8548,3515.0,4.1,2.0,2024-04-12,2024-04-14,2024-04-18,Road,1405,41,967.06,39649.46,Clear,South,Yes,77.7,FedEx,Weather,0,0,1
8549,2830.0,4.7,7.0,2024-07-28,2024-08-04,2024-08-07,Sea,1134,13,1006.59,13085.67,Storm,South,Yes,72.6,BlueDart,,0,1,0
8550,8099.0,4.0,8.0,2024-04-17,2024-04-25,2024-04-25,Sea,1144,22,2961.52,65153.44,Rainy,South,No,95.7,BlueDart,Traffic,1,0,1
8551,2290.0,5.0,2.0,2024-08-24,2024-08-26,2024-08-27,Road,58,41,3576.95,146654.95,Rainy,Central,Yes,90.7,Delhivery,Traffic,0,1,0
8552,5427.0,2.7,9.0,2024-10-05,2024-10-14,2024-10-18,Air,723,44,4497.52,197890.88,Clear,West,No,95.6,BlueDart,Traffic,0,1,0
8553,1296.0,3.7,8.0,2024-10-16,2024-10-24,2024-10-27,Road,593,54,523.71,28280.34,Storm,North,Yes,90.9,BlueDart,Operational,0,0,1
8554,8267.0,3.8,2.0,2024-09-12,2024-09-14,2024-09-15,Air,970,73,196.48,14343.04,Storm,South,Yes,72.5,EcomExpress,Traffic,0,0,1
8555,7116.0,4.2,6.0,2024-06-18,2024-06-24,2024-06-24,Sea,1105,84,2346.18,197079.12,Rainy,West,Yes,90.7,EcomExpress,Weather,1,0,1
8556,9046.0,3.7,2.0,2024-09-24,2024-09-26,2024-09-29,Road,885,78,1536.83,119872.74,Clear,South,No,79.4,FedEx,Traffic,0,0,1
8557,9107.0,2.6,2.0,2024-09-12,2024-09-14,2024-09-14,Air,518,24,2665.24,63965.76,Rainy,East,Yes,85.9,BlueDart,,1,0,1
8558,8017.0,4.8,9.0,2024-10-23,2024-11-01,2024-11-03,Road,648,57,3547.65,202216.05,Clear,West,No,97.2,Delhivery,Weather,0,0,1
8559,5167.0,3.5,2.0,2024-07-21,2024-07-23,2024-07-27,Road,1252,48,1830.12,87845.76,Clear,East,No,84.0,Delhivery,Operational,0,1,0
8560,6730.0,4.5,6.0,2024-01-18,2024-01-24,2024-01-26,Air,1024,16,4307.37,68917.92,Cloudy,Central,No,97.4,DHL,Operational,0,0,1
8561,2377.0,3.1,4.0,2024-06-03,2024-06-07,2024-06-11,Road,949,64,672.87,43063.68,Rainy,West,Yes,82.2,FedEx,,0,0,1
8562,3606.0,4.7,9.0,2024-06-14,2024-06-23,2024-06-23,Air,568,87,3326.68,289421.16,Storm,North,No,86.8,Delhivery,Traffic,1,0,1
8563,1212.0,3.2,7.0,2024-10-14,2024-10-21,2024-10-25,Sea,1114,23,2644.96,60834.08,Storm,Central,Yes,95.1,FedEx,Operational,0,0,1
8564,8254.0,4.1,7.0,2024-10-07,2024-10-14,2024-10-14,Road,1164,5,3673.74,18368.7,Rainy,South,No,91.1,FedEx,Weather,1,0,1
8565,1824.0,2.7,10.0,2024-02-24,2024-03-05,2024-03-09,Road,21,50,533.38,26669.0,Rainy,North,Yes,80.1,Delhivery,Traffic,0,1,0
8566,2075.0,3.5,2.0,2024-01-05,2024-01-07,2024-01-06,Road,38,15,2636.88,39553.2,Storm,East,No,95.6,DHL,Customs,1,0,1
8567,8016.0,3.1,4.0,2024-11-21,2024-11-25,2024-11-24,Sea,830,99,3355.4,332184.6,Storm,Central,No,90.5,FedEx,,1,0,1
8568,7074.0,4.0,8.0,2024-01-19,2024-01-27,2024-01-27,Road,664,78,3647.65,284516.7,Cloudy,North,No,80.0,EcomExpress,Customs,1,0,1
8569,6934.0,4.9,7.0,2024-07-30,2024-08-06,2024-08-08,Sea,489,70,2850.68,199547.6,Clear,East,Yes,99.9,Delhivery,Traffic,0,0,1
8570,9119.0,3.3,5.0,2024-09-30,2024-10-05,2024-10-04,Air,711,38,3721.21,141405.98,Clear,South,Yes,97.2,Delhivery,Operational,1,0,1
8571,5680.0,4.2,4.0,2024-09-12,2024-09-16,2024-09-20,Sea,92,64,4072.36,260631.04,Cloudy,North,No,95.9,FedEx,Weather,0,0,1
8572,3337.0,2.8,10.0,2024-02-28,2024-03-09,2024-03-14,Road,227,55,1950.33,107268.15,Storm,North,Yes,76.0,BlueDart,Operational,0,0,1
8573,2983.0,3.8,2.0,2024-04-08,2024-04-10,2024-04-10,Road,226,34,4829.84,164214.56,Rainy,West,No,75.4,DHL,Traffic,1,0,1
8574,1880.0,4.7,10.0,2024-08-10,2024-08-20,2024-08-25,Air,896,50,1817.6,90880.0,Rainy,North,Yes,82.0,BlueDart,Operational,0,1,0
8575,9949.0,4.0,2.0,2024-02-17,2024-02-19,2024-02-21,Road,320,53,1725.95,91475.35,Storm,Central,Yes,87.5,BlueDart,,0,1,0
8576,1409.0,3.4,4.0,2024-07-27,2024-07-31,2024-08-02,Air,1458,78,3434.38,267881.64,Cloudy,East,Yes,70.4,FedEx,,0,1,0
8577,4657.0,3.1,9.0,2024-11-01,2024-11-10,2024-11-10,Air,36,59,612.33,36127.47,Clear,Central,No,90.9,FedEx,,1,0,1
8578,2833.0,2.9,5.0,2024-05-15,2024-05-20,2024-05-22,Road,86,21,2219.68,46613.28,Storm,South,No,76.7,DHL,Operational,0,0,1
8579,4232.0,4.2,5.0,2024-07-21,2024-07-26,2024-07-27,Sea,332,88,1169.72,102935.36,Cloudy,East,No,88.9,BlueDart,Operational,0,1,0
8580,6433.0,2.5,10.0,2024-02-17,2024-02-27,2024-03-02,Air,1159,56,1579.68,88462.08,Clear,South,Yes,95.6,EcomExpress,Traffic,0,1,0
8581,1643.0,3.2,10.0,2024-02-02,2024-02-12,2024-02-16,Air,28,21,651.14,13673.94,Rainy,East,No,94.0,Delhivery,Customs,0,0,1
8582,1047.0,3.2,4.0,2024-11-22,2024-11-26,2024-11-30,Sea,396,1,635.48,635.48,Clear,Central,Yes,77.9,EcomExpress,Customs,0,0,1
8583,6462.0,4.0,7.0,2024-08-15,2024-08-22,2024-08-26,Road,762,49,4528.16,221879.84,Rainy,South,No,78.0,FedEx,Weather,0,0,1
8584,7173.0,2.9,5.0,2024-08-11,2024-08-16,2024-08-21,Sea,47,72,2570.65,185086.8,Storm,North,No,70.1,Delhivery,,0,1,0
8585,4566.0,3.6,5.0,2024-06-07,2024-06-12,2024-06-17,Sea,505,69,2471.28,170518.32,Storm,Central,No,93.7,EcomExpress,,0,0,1
8586,1659.0,4.3,6.0,2024-05-21,2024-05-27,2024-05-31,Road,187,85,4153.77,353070.45,Rainy,East,Yes,95.1,DHL,Operational,0,0,1
8587,3101.0,5.0,2.0,2024-02-17,2024-02-19,2024-02-20,Air,1041,11,4792.32,52715.52,Storm,North,No,72.7,BlueDart,Traffic,0,1,0
8588,8445.0,3.7,7.0,2024-05-13,2024-05-20,2024-05-20,Air,435,18,4724.57,85042.26,Rainy,East,No,80.6,BlueDart,Traffic,1,0,1
8589,8610.0,2.6,9.0,2024-08-05,2024-08-14,2024-08-19,Sea,330,30,784.97,23549.1,Rainy,East,Yes,92.8,DHL,Weather,0,0,1
8590,2974.0,3.2,2.0,2024-11-21,2024-11-23,2024-11-23,Road,1409,37,3262.72,120720.64,Clear,South,No,97.8,EcomExpress,Weather,1,0,1
8591,2159.0,4.3,10.0,2024-01-18,2024-01-28,2024-01-29,Air,675,8,2295.96,18367.68,Rainy,West,No,80.2,FedEx,Weather,0,0,1
8592,5094.0,3.6,2.0,2024-11-18,2024-11-20,2024-11-25,Sea,513,41,4525.12,185529.92,Cloudy,South,Yes,87.7,BlueDart,Weather,0,0,1
8593,1179.0,4.6,8.0,2024-09-16,2024-09-24,2024-09-25,Road,284,23,4640.69,106735.87,Rainy,South,Yes,76.7,BlueDart,Traffic,0,0,1
8594,3706.0,3.7,2.0,2024-08-15,2024-08-17,2024-08-17,Air,1241,22,4497.76,98950.72,Storm,West,Yes,75.6,EcomExpress,Operational,1,0,1
8595,1548.0,2.8,6.0,2024-02-26,2024-03-03,2024-03-05,Road,1263,37,2507.63,92782.31,Clear,West,Yes,77.5,DHL,Customs,0,0,1
8596,4927.0,4.1,2.0,2024-08-20,2024-08-22,2024-08-21,Air,675,38,3310.42,125795.96,Rainy,North,No,70.1,Delhivery,,1,0,1
8597,2434.0,3.1,9.0,2024-04-12,2024-04-21,2024-04-24,Road,246,95,1316.98,125113.1,Rainy,Central,No,70.0,DHL,Operational,0,0,1
8598,6893.0,4.8,2.0,2024-04-18,2024-04-20,2024-04-21,Air,628,14,2527.13,35379.82,Storm,South,Yes,94.2,DHL,,0,0,1
8599,1371.0,4.5,4.0,2024-05-16,2024-05-20,2024-05-23,Air,584,78,1893.9,147724.2,Clear,Central,Yes,76.8,BlueDart,Customs,0,0,1
8600,4095.0,3.9,5.0,2024-06-19,2024-06-24,2024-06-29,Air,565,29,4505.75,130666.75,Storm,East,No,94.4,EcomExpress,Customs,0,0,1
8601,1547.0,3.5,2.0,2024-09-06,2024-09-08,2024-09-12,Road,802,85,328.71,27940.35,Clear,South,No,97.7,Delhivery,Customs,0,0,1
8602,1248.0,2.5,6.0,2024-09-25,2024-10-01,2024-10-02,Air,251,76,1639.06,124568.56,Rainy,North,Yes,78.2,Delhivery,Weather,0,0,1
8603,9965.0,4.1,2.0,2024-09-16,2024-09-18,2024-09-18,Road,932,40,4392.88,175715.2,Storm,West,Yes,78.3,DHL,Customs,1,0,1
8604,9166.0,3.2,10.0,2024-04-14,2024-04-24,2024-04-26,Road,781,45,294.54,13254.3,Rainy,Central,No,94.5,DHL,Traffic,0,1,0
8605,3148.0,4.3,10.0,2024-08-16,2024-08-26,2024-08-30,Road,267,14,4629.45,64812.3,Rainy,West,No,70.2,DHL,Operational,0,0,1
8606,4044.0,3.6,8.0,2024-03-16,2024-03-24,2024-03-27,Air,197,10,956.23,9562.3,Storm,East,Yes,71.7,FedEx,Weather,0,1,0
8607,7415.0,4.6,8.0,2024-09-08,2024-09-16,2024-09-19,Sea,690,20,973.56,19471.2,Cloudy,North,No,84.5,BlueDart,,0,1,0
8608,7282.0,3.4,7.0,2024-02-03,2024-02-10,2024-02-11,Sea,567,73,102.82,7505.86,Clear,East,Yes,72.1,EcomExpress,Traffic,0,1,0
8609,9774.0,3.4,9.0,2024-07-06,2024-07-15,2024-07-20,Sea,931,59,3278.71,193443.89,Cloudy,North,No,73.5,EcomExpress,Operational,0,1,0
8610,6385.0,4.4,4.0,2024-03-20,2024-03-24,2024-03-25,Sea,1224,26,4918.45,127879.7,Clear,East,No,94.4,DHL,,0,0,1
8611,7878.0,3.9,7.0,2024-05-15,2024-05-22,2024-05-26,Sea,1130,82,3545.09,290697.38,Storm,North,Yes,91.9,FedEx,Traffic,0,0,1
8612,4378.0,3.7,6.0,2024-02-13,2024-02-19,2024-02-20,Air,815,88,647.97,57021.36,Rainy,Central,No,80.2,DHL,Operational,0,0,1
8613,8950.0,2.9,7.0,2024-01-23,2024-01-30,2024-02-04,Air,877,3,731.33,2193.99,Clear,South,Yes,89.9,BlueDart,,0,0,1
8614,4590.0,3.5,6.0,2024-03-31,2024-04-06,2024-04-08,Road,1398,10,4237.31,42373.1,Clear,West,Yes,85.5,FedEx,Customs,0,1,0
8615,9768.0,3.6,6.0,2024-10-12,2024-10-18,2024-10-17,Road,535,80,1400.73,112058.4,Cloudy,South,No,70.6,BlueDart,Weather,1,1,1
8616,1814.0,4.1,8.0,2024-06-07,2024-06-15,2024-06-15,Road,1236,59,977.86,57693.74,Clear,East,Yes,87.7,Delhivery,Weather,1,0,1
8617,4660.0,3.7,7.0,2024-06-25,2024-07-02,2024-07-06,Air,407,19,2308.86,43868.34,Cloudy,East,Yes,90.2,EcomExpress,Weather,0,0,1
8618,7730.0,3.1,4.0,2024-07-22,2024-07-26,2024-07-25,Sea,44,11,3669.66,40366.26,Rainy,South,Yes,80.6,EcomExpress,,1,0,1
8619,2064.0,2.8,3.0,2024-09-03,2024-09-06,2024-09-06,Road,320,29,2609.6,75678.4,Clear,North,No,80.7,FedEx,Customs,1,0,1
8620,4201.0,2.8,10.0,2024-08-23,2024-09-02,2024-09-07,Road,603,98,2457.48,240833.04,Cloudy,West,No,78.9,DHL,Operational,0,0,1
8621,7493.0,4.0,9.0,2024-02-21,2024-03-01,2024-03-02,Air,160,3,1426.12,4278.36,Rainy,East,Yes,73.0,Delhivery,,0,0,1
8622,5828.0,3.8,7.0,2024-07-24,2024-07-31,2024-08-02,Air,204,5,2083.18,10415.9,Cloudy,Central,Yes,79.5,DHL,Customs,0,0,1
8623,8198.0,2.7,2.0,2024-01-31,2024-02-02,2024-02-04,Air,837,10,1006.23,10062.3,Rainy,Central,Yes,76.9,BlueDart,Customs,0,0,1
8624,3035.0,4.7,3.0,2024-11-16,2024-11-19,2024-11-21,Air,753,43,2791.91,120052.13,Clear,West,Yes,73.1,DHL,,0,1,0
8625,3976.0,3.2,2.0,2024-02-17,2024-02-19,2024-02-21,Sea,1246,27,2492.48,67296.96,Cloudy,South,Yes,73.9,BlueDart,Operational,0,1,0
8626,3346.0,3.2,10.0,2024-11-21,2024-12-01,2024-12-05,Sea,1198,24,1771.78,42522.72,Storm,East,No,88.0,BlueDart,,0,0,1
8627,1914.0,3.2,6.0,2024-05-19,2024-05-25,2024-05-27,Air,1447,75,2735.05,205128.75,Storm,North,Yes,70.4,FedEx,,0,1,0
8628,4433.0,3.4,10.0,2024-05-12,2024-05-22,2024-05-24,Sea,983,89,3893.63,346533.07,Cloudy,East,Yes,93.1,BlueDart,,0,1,0
8629,8762.0,3.7,2.0,2024-01-23,2024-01-25,2024-01-28,Air,22,10,867.84,8678.4,Cloudy,Central,No,87.9,Delhivery,Customs,0,0,1
8630,4160.0,2.8,2.0,2024-03-30,2024-04-01,2024-04-06,Sea,1359,68,3967.05,269759.4,Rainy,North,No,81.0,EcomExpress,Weather,0,1,0
8631,3857.0,4.2,3.0,2024-02-14,2024-02-17,2024-02-19,Air,85,45,457.72,20597.4,Cloudy,West,Yes,72.7,Delhivery,Operational,0,0,1
8632,9216.0,4.6,8.0,2024-06-20,2024-06-28,2024-06-27,Air,467,24,4529.82,108715.68,Clear,South,No,92.3,BlueDart,Operational,1,0,1
8633,5475.0,3.2,6.0,2024-09-12,2024-09-18,2024-09-19,Road,534,34,1583.52,53839.68,Clear,West,Yes,89.2,EcomExpress,Traffic,0,0,1
8634,6167.0,4.4,8.0,2024-04-25,2024-05-03,2024-05-08,Sea,944,18,3608.8,64958.4,Storm,North,No,75.8,FedEx,Weather,0,0,1
8635,8875.0,4.8,6.0,2024-08-07,2024-08-13,2024-08-14,Air,490,25,697.75,17443.75,Storm,North,Yes,71.2,EcomExpress,,0,0,1
8636,9874.0,4.3,8.0,2024-04-23,2024-05-01,2024-05-03,Air,459,87,3936.74,342496.38,Storm,Central,No,93.2,BlueDart,Operational,0,0,1
8637,4623.0,4.6,10.0,2024-01-15,2024-01-25,2024-01-28,Sea,305,75,2618.44,196383.0,Clear,North,Yes,80.4,Delhivery,Weather,0,0,1
8638,3885.0,4.4,6.0,2024-03-01,2024-03-07,2024-03-11,Air,784,78,341.65,26648.7,Rainy,Central,Yes,96.1,Delhivery,Traffic,0,0,1
8639,4839.0,3.8,9.0,2024-08-29,2024-09-07,2024-09-10,Sea,1016,29,4826.71,139974.59,Storm,East,Yes,91.4,EcomExpress,Weather,0,0,1
8640,9242.0,4.3,4.0,2024-03-15,2024-03-19,2024-03-23,Sea,64,4,1503.29,6013.16,Clear,East,No,80.8,Delhivery,Traffic,0,0,1
8641,6234.0,3.6,9.0,2024-05-17,2024-05-26,2024-05-28,Road,285,96,2999.9,287990.4,Clear,West,Yes,83.1,DHL,Weather,0,0,1
8642,4604.0,2.8,6.0,2024-06-27,2024-07-03,2024-07-08,Air,897,17,4299.99,73099.83,Storm,South,No,96.4,BlueDart,,0,0,1
8643,5040.0,2.7,3.0,2024-11-06,2024-11-09,2024-11-14,Sea,708,29,4124.64,119614.56,Rainy,Central,No,89.9,Delhivery,Traffic,0,0,1
8644,4119.0,4.9,2.0,2024-03-11,2024-03-13,2024-03-14,Sea,161,48,4404.64,211422.72,Rainy,South,No,86.4,BlueDart,Traffic,0,0,1
8645,3716.0,2.5,4.0,2024-03-02,2024-03-06,2024-03-10,Road,125,5,2239.62,11198.1,Clear,Central,Yes,92.4,EcomExpress,Customs,0,1,0
8646,6770.0,4.4,7.0,2024-10-26,2024-11-02,2024-11-03,Road,1358,51,3046.46,155369.46,Rainy,South,Yes,82.1,Delhivery,Customs,0,1,0
8647,8056.0,2.6,7.0,2024-08-28,2024-09-04,2024-09-09,Air,362,86,2279.92,196073.12,Clear,Central,No,82.5,FedEx,Customs,0,0,1
8648,8399.0,3.8,8.0,2024-09-12,2024-09-20,2024-09-21,Air,214,16,2846.56,45544.96,Rainy,Central,Yes,94.8,BlueDart,Operational,0,0,1
8649,6344.0,4.4,4.0,2024-01-11,2024-01-15,2024-01-14,Road,771,74,2834.3,209738.2,Clear,North,Yes,98.4,FedEx,Traffic,1,0,1
8650,8193.0,3.7,6.0,2024-03-29,2024-04-04,2024-04-03,Sea,991,50,428.3,21415.0,Storm,Central,Yes,90.3,BlueDart,,1,0,1
8651,6520.0,3.4,10.0,2024-06-18,2024-06-28,2024-07-01,Air,809,66,2661.49,175658.34,Storm,West,No,87.6,Delhivery,Traffic,0,0,1
8652,7577.0,5.0,4.0,2024-10-27,2024-10-31,2024-11-05,Air,700,81,2038.83,165145.23,Cloudy,West,No,91.2,DHL,Traffic,0,1,0
8653,8045.0,2.6,2.0,2024-10-10,2024-10-12,2024-10-15,Road,1138,88,894.65,78729.2,Storm,South,No,93.2,Delhivery,,0,0,1
8654,4423.0,3.2,2.0,2024-07-19,2024-07-21,2024-07-23,Sea,699,87,2950.89,256727.43,Clear,Central,No,78.5,BlueDart,Customs,0,0,1
8655,1809.0,4.5,4.0,2024-04-10,2024-04-14,2024-04-15,Road,17,9,1031.13,9280.17,Clear,Central,Yes,87.7,DHL,Weather,0,0,1
8656,3032.0,3.0,3.0,2024-10-06,2024-10-09,2024-10-12,Road,365,100,2279.0,227900.0,Rainy,East,No,77.8,DHL,Traffic,0,1,0
8657,5019.0,4.5,4.0,2024-06-28,2024-07-02,2024-07-05,Air,592,85,1453.29,123529.65,Storm,Central,Yes,84.5,Delhivery,Weather,0,0,1
8658,1047.0,3.3,9.0,2024-03-17,2024-03-26,2024-03-28,Road,1354,55,2650.97,145803.35,Clear,North,No,71.3,FedEx,Customs,0,1,0
8659,4972.0,4.7,5.0,2024-08-24,2024-08-29,2024-09-02,Road,988,70,3606.18,252432.6,Storm,Central,Yes,79.4,BlueDart,Customs,0,1,0
8660,5480.0,3.1,6.0,2024-10-05,2024-10-11,2024-10-14,Sea,1035,1,693.98,693.98,Storm,South,No,81.4,EcomExpress,Operational,0,1,0
8661,3281.0,4.1,2.0,2024-08-18,2024-08-20,2024-08-23,Road,560,34,2415.74,82135.16,Cloudy,West,No,80.8,Delhivery,Traffic,0,1,0
8662,9459.0,2.9,8.0,2024-04-12,2024-04-20,2024-04-20,Road,1416,14,2345.25,32833.5,Cloudy,West,No,86.7,EcomExpress,Customs,1,0,1
8663,2786.0,4.6,9.0,2024-11-05,2024-11-14,2024-11-17,Air,504,67,4625.78,309927.26,Clear,North,No,77.8,FedEx,,0,0,1
8664,1270.0,3.4,5.0,2024-03-19,2024-03-24,2024-03-26,Air,985,44,2555.58,112445.52,Cloudy,Central,No,91.1,FedEx,Weather,0,0,1
8665,7542.0,4.2,2.0,2024-01-09,2024-01-11,2024-01-10,Road,776,79,345.38,27285.02,Clear,North,Yes,98.5,BlueDart,,1,0,1
8666,7930.0,3.1,7.0,2024-01-01,2024-01-08,2024-01-09,Road,476,86,1453.38,124990.68,Rainy,Central,No,79.1,DHL,,0,0,1
8667,9139.0,2.7,7.0,2024-04-08,2024-04-15,2024-04-20,Road,1108,60,2176.3,130578.0,Cloudy,North,No,70.8,FedEx,Customs,0,0,1
8668,9296.0,4.8,7.0,2024-08-14,2024-08-21,2024-08-21,Air,794,57,1944.92,110860.44,Rainy,Central,No,95.8,FedEx,Customs,1,0,1
8669,5569.0,2.8,10.0,2024-06-20,2024-06-30,2024-07-01,Road,1395,61,2573.71,156996.31,Cloudy,South,Yes,94.7,EcomExpress,,0,0,1
8670,3316.0,4.1,5.0,2024-04-06,2024-04-11,2024-04-12,Road,1221,91,1414.69,128736.79,Cloudy,South,No,84.0,BlueDart,Traffic,0,1,0
8671,8987.0,3.7,5.0,2024-01-09,2024-01-14,2024-01-19,Air,460,48,4039.61,193901.28,Storm,East,No,81.0,FedEx,Operational,0,0,1
8672,3325.0,3.7,4.0,2024-07-16,2024-07-20,2024-07-19,Sea,539,35,3233.11,113158.85,Storm,Central,No,94.2,EcomExpress,Customs,1,0,1
8673,5937.0,3.5,7.0,2024-01-07,2024-01-14,2024-01-16,Air,1454,74,4842.32,358331.68,Clear,South,Yes,95.1,EcomExpress,Weather,0,1,0
8674,4169.0,4.2,9.0,2024-02-09,2024-02-18,2024-02-17,Air,699,69,2307.86,159242.34,Clear,East,Yes,72.3,FedEx,Operational,1,0,1
8675,4795.0,4.2,3.0,2024-03-17,2024-03-20,2024-03-22,Road,732,30,2991.89,89756.7,Clear,South,Yes,90.3,BlueDart,Operational,0,1,0
8676,8904.0,3.2,4.0,2024-10-05,2024-10-09,2024-10-10,Sea,354,51,3666.87,187010.37,Rainy,East,Yes,77.2,Delhivery,,0,1,0
8677,5156.0,3.4,4.0,2024-10-29,2024-11-02,2024-11-06,Air,1273,12,637.67,7652.04,Cloudy,South,No,84.7,FedEx,Operational,0,0,1
8678,4675.0,4.2,5.0,2024-04-08,2024-04-13,2024-04-14,Road,1136,22,1376.91,30292.02,Cloudy,South,No,95.2,Delhivery,Weather,0,0,1
8679,3959.0,2.6,4.0,2024-08-28,2024-09-01,2024-08-31,Road,1285,92,4423.58,406969.36,Cloudy,South,No,72.4,FedEx,,1,0,1
8680,9534.0,3.7,6.0,2024-03-16,2024-03-22,2024-03-24,Sea,95,48,3216.32,154383.36,Storm,South,No,87.8,EcomExpress,Customs,0,1,0
8681,4760.0,3.3,3.0,2024-04-28,2024-05-01,2024-05-04,Road,329,92,4373.77,402386.84,Rainy,North,Yes,96.9,EcomExpress,Weather,0,1,0
8682,1126.0,2.8,10.0,2024-10-27,2024-11-06,2024-11-07,Sea,260,48,4123.56,197930.88,Rainy,Central,Yes,86.1,EcomExpress,Weather,0,1,0
8683,7602.0,4.9,3.0,2024-04-11,2024-04-14,2024-04-19,Sea,424,29,1119.89,32476.81,Clear,South,Yes,75.8,BlueDart,Customs,0,0,1
8684,9097.0,2.6,5.0,2024-02-29,2024-03-05,2024-03-06,Air,503,69,2818.63,194485.47,Rainy,South,No,81.3,Delhivery,Weather,0,0,1
8685,3462.0,5.0,7.0,2024-10-21,2024-10-28,2024-10-31,Air,279,92,1542.04,141867.68,Clear,South,Yes,86.3,FedEx,Weather,0,0,1
8686,8531.0,3.0,4.0,2024-04-30,2024-05-04,2024-05-04,Air,1059,12,2779.49,33353.88,Clear,Central,No,93.4,FedEx,Operational,1,0,1
8687,4888.0,3.6,5.0,2024-06-22,2024-06-27,2024-06-28,Air,536,75,1431.46,107359.5,Storm,North,No,95.5,Delhivery,Traffic,0,1,0
8688,5883.0,4.7,3.0,2024-10-27,2024-10-30,2024-11-04,Air,598,29,2002.9,58084.1,Storm,West,Yes,73.5,Delhivery,Customs,0,1,0
8689,8930.0,3.2,5.0,2024-07-16,2024-07-21,2024-07-22,Sea,592,44,3701.33,162858.52,Rainy,Central,Yes,74.7,BlueDart,,0,0,1
8690,5516.0,4.8,9.0,2024-05-11,2024-05-20,2024-05-22,Road,490,32,3812.03,121984.96,Cloudy,North,Yes,76.8,BlueDart,Operational,0,1,0
8691,6316.0,2.9,9.0,2024-10-16,2024-10-25,2024-10-25,Road,1497,69,4282.14,295467.66,Storm,Central,Yes,82.2,EcomExpress,,1,0,1
8692,8206.0,4.7,10.0,2024-05-02,2024-05-12,2024-05-17,Sea,513,23,658.03,15134.69,Rainy,North,Yes,72.2,BlueDart,Operational,0,0,1
8693,6142.0,3.6,2.0,2024-03-08,2024-03-10,2024-03-10,Sea,199,88,3330.95,293123.6,Storm,West,Yes,91.9,BlueDart,,1,0,1
8694,8820.0,4.9,7.0,2024-08-24,2024-08-31,2024-09-03,Sea,935,36,714.42,25719.12,Clear,South,Yes,83.2,Delhivery,Traffic,0,1,0
8695,7564.0,4.8,4.0,2024-01-03,2024-01-07,2024-01-10,Sea,699,20,191.85,3837.0,Rainy,East,No,76.1,Delhivery,Weather,0,0,1
8696,3467.0,2.9,10.0,2024-07-31,2024-08-10,2024-08-12,Sea,1108,76,2475.2,188115.2,Rainy,North,No,99.7,EcomExpress,Traffic,0,0,1
8697,6072.0,3.1,3.0,2024-11-02,2024-11-05,2024-11-06,Air,1382,67,4591.61,307637.87,Rainy,East,No,77.5,EcomExpress,Customs,0,1,0
8698,7841.0,3.1,9.0,2024-08-12,2024-08-21,2024-08-20,Air,67,54,644.66,34811.64,Cloudy,North,No,89.3,Delhivery,Operational,1,0,1
8699,8256.0,4.0,7.0,2024-04-28,2024-05-05,2024-05-05,Road,528,98,665.13,65182.74,Storm,South,No,96.3,BlueDart,Customs,1,1,1
8700,4920.0,3.5,8.0,2024-04-22,2024-04-30,2024-04-29,Sea,561,91,495.6,45099.6,Storm,North,No,76.4,BlueDart,Traffic,1,0,1
8701,4836.0,3.8,5.0,2024-04-19,2024-04-24,2024-04-23,Road,1236,16,3212.14,51394.24,Cloudy,East,No,89.4,DHL,Weather,1,0,1
8702,3681.0,4.9,8.0,2024-10-04,2024-10-12,2024-10-15,Road,1126,95,2439.56,231758.2,Cloudy,North,No,97.0,DHL,Operational,0,0,1
8703,4302.0,3.6,5.0,2024-10-16,2024-10-21,2024-10-22,Road,962,56,964.12,53990.72,Rainy,South,No,85.3,DHL,,0,0,1
8704,5052.0,4.6,10.0,2024-02-22,2024-03-03,2024-03-03,Air,1013,56,2908.79,162892.24,Cloudy,West,Yes,76.1,DHL,Weather,1,0,1
8705,7293.0,3.1,10.0,2024-08-03,2024-08-13,2024-08-16,Road,466,61,4680.82,285530.02,Rainy,East,No,71.9,BlueDart,Customs,0,1,0
8706,2348.0,4.3,4.0,2024-04-17,2024-04-21,2024-04-23,Air,556,1,3029.7,3029.7,Clear,South,No,98.6,FedEx,Customs,0,0,1
8707,2366.0,3.9,5.0,2024-09-15,2024-09-20,2024-09-23,Sea,382,81,2364.32,191509.92,Cloudy,Central,Yes,81.4,Delhivery,Traffic,0,1,0
8708,7208.0,4.3,4.0,2024-03-13,2024-03-17,2024-03-18,Sea,1234,31,3507.9,108744.9,Cloudy,South,No,72.6,BlueDart,Weather,0,0,1
8709,3929.0,2.9,2.0,2024-09-17,2024-09-19,2024-09-21,Road,1213,42,2018.21,84764.82,Clear,Central,Yes,98.0,Delhivery,,0,0,1
8710,7602.0,4.5,2.0,2024-02-01,2024-02-03,2024-02-07,Road,1113,82,3799.3,311542.6,Rainy,East,No,76.1,EcomExpress,Operational,0,0,1
8711,7485.0,4.3,6.0,2024-10-11,2024-10-17,2024-10-18,Air,244,43,2927.94,125901.42,Clear,North,Yes,96.7,BlueDart,Customs,0,0,1
8712,8748.0,4.7,6.0,2024-04-06,2024-04-12,2024-04-17,Air,227,6,2322.96,13937.76,Rainy,South,No,73.9,Delhivery,Operational,0,1,0
8713,6781.0,3.0,8.0,2024-10-28,2024-11-05,2024-11-04,Sea,201,10,3036.78,30367.8,Clear,Central,Yes,92.4,DHL,Customs,1,0,1
8714,3813.0,2.5,10.0,2024-08-02,2024-08-12,2024-08-17,Road,684,66,4823.33,318339.78,Clear,Central,No,92.5,Delhivery,Operational,0,0,1
8715,5836.0,2.7,9.0,2024-06-10,2024-06-19,2024-06-20,Air,502,89,3992.83,355361.87,Rainy,West,Yes,78.8,BlueDart,Operational,0,0,1
8716,7964.0,4.3,5.0,2024-01-25,2024-01-30,2024-01-29,Road,69,6,1872.59,11235.54,Rainy,South,Yes,77.2,Delhivery,Operational,1,0,1
8717,3563.0,5.0,2.0,2024-08-22,2024-08-24,2024-08-25,Road,420,5,4713.45,23567.25,Rainy,East,Yes,82.1,BlueDart,Traffic,0,0,1
8718,7373.0,3.3,3.0,2024-09-08,2024-09-11,2024-09-11,Sea,345,10,3411.46,34114.6,Rainy,North,No,81.2,BlueDart,Weather,1,1,1
8719,3727.0,4.3,4.0,2024-07-09,2024-07-13,2024-07-13,Sea,864,3,3767.23,11301.69,Cloudy,East,No,97.0,DHL,Customs,1,0,1
8720,9950.0,3.4,8.0,2024-06-07,2024-06-15,2024-06-16,Road,278,62,1220.42,75666.04,Rainy,Central,No,99.5,BlueDart,Customs,0,0,1
8721,8611.0,3.4,9.0,2024-07-27,2024-08-05,2024-08-04,Sea,1133,24,3126.95,75046.8,Clear,West,No,95.6,Delhivery,Traffic,1,1,1
8722,3958.0,4.1,4.0,2024-04-24,2024-04-28,2024-05-02,Sea,52,74,4518.37,334359.38,Storm,North,No,99.5,Delhivery,Operational,0,0,1
8723,4428.0,4.9,6.0,2024-04-25,2024-05-01,2024-05-06,Road,1210,28,4891.87,136972.36,Storm,South,No,89.4,BlueDart,Weather,0,0,1
8724,2678.0,2.6,9.0,2024-05-16,2024-05-25,2024-05-30,Sea,247,3,4264.1,12792.3,Storm,North,No,88.8,BlueDart,,0,0,1
8725,9038.0,2.9,4.0,2024-02-10,2024-02-14,2024-02-17,Sea,196,2,3992.29,7984.58,Clear,West,No,97.8,FedEx,Customs,0,1,0
8726,8836.0,4.3,3.0,2024-03-16,2024-03-19,2024-03-20,Road,1190,87,1486.6,129334.2,Storm,South,No,83.9,DHL,Weather,0,1,0
8727,6612.0,3.8,6.0,2024-04-30,2024-05-06,2024-05-11,Air,911,22,2526.6,55585.2,Clear,South,Yes,87.1,Delhivery,Weather,0,0,1
8728,9231.0,4.0,5.0,2024-10-26,2024-10-31,2024-10-30,Air,52,81,2476.46,200593.26,Cloudy,North,No,75.5,FedEx,Customs,1,1,1
8729,3827.0,4.8,3.0,2024-05-05,2024-05-08,2024-05-09,Road,316,17,3485.91,59260.47,Clear,Central,No,85.4,EcomExpress,Customs,0,1,0
8730,9249.0,4.8,8.0,2024-03-07,2024-03-15,2024-03-15,Sea,1454,86,144.42,12420.12,Rainy,North,No,77.2,BlueDart,Operational,1,0,1
8731,6241.0,2.6,7.0,2024-03-20,2024-03-27,2024-03-28,Sea,553,62,3820.28,236857.36,Clear,Central,No,84.6,BlueDart,,0,0,1
8732,5662.0,4.5,3.0,2024-08-24,2024-08-27,2024-08-29,Road,263,38,204.68,7777.84,Storm,East,Yes,86.0,Delhivery,Customs,0,1,0
8733,8900.0,3.7,3.0,2024-07-17,2024-07-20,2024-07-19,Road,22,66,3491.98,230470.68,Rainy,North,No,79.4,EcomExpress,Customs,1,0,1
8734,5435.0,3.3,4.0,2024-07-15,2024-07-19,2024-07-24,Air,132,16,315.03,5040.48,Storm,South,Yes,81.7,Delhivery,Weather,0,0,1
8735,1190.0,3.2,3.0,2024-05-15,2024-05-18,2024-05-23,Road,1426,35,2493.61,87276.35,Storm,West,No,96.1,Delhivery,Customs,0,0,1
8736,3979.0,4.3,6.0,2024-11-25,2024-12-01,2024-12-06,Air,1437,46,570.01,26220.46,Clear,East,No,73.0,FedEx,Traffic,0,0,1
8737,1338.0,4.7,4.0,2024-06-24,2024-06-28,2024-07-01,Sea,627,86,2725.72,234411.92,Rainy,North,Yes,90.2,DHL,Traffic,0,0,1
8738,5309.0,4.0,8.0,2024-01-04,2024-01-12,2024-01-17,Road,1410,92,680.7,62624.4,Storm,West,Yes,92.8,FedEx,Customs,0,0,1
8739,4587.0,2.7,10.0,2024-03-28,2024-04-07,2024-04-08,Road,569,81,2091.44,169406.64,Storm,Central,Yes,90.6,EcomExpress,Operational,0,0,1
8740,2959.0,3.5,2.0,2024-08-29,2024-08-31,2024-09-02,Air,359,31,192.84,5978.04,Clear,South,Yes,94.0,FedEx,,0,0,1
8741,6015.0,4.6,9.0,2024-11-11,2024-11-20,2024-11-24,Air,1194,1,3396.87,3396.87,Storm,South,No,75.7,FedEx,Traffic,0,0,1
8742,4847.0,5.0,3.0,2024-01-05,2024-01-08,2024-01-13,Sea,929,47,880.87,41400.89,Clear,North,Yes,89.5,EcomExpress,Customs,0,0,1
8743,1820.0,3.3,5.0,2024-06-06,2024-06-11,2024-06-15,Air,590,61,2760.04,168362.44,Cloudy,South,No,87.4,FedEx,Traffic,0,0,1
8744,4571.0,3.1,4.0,2024-09-12,2024-09-16,2024-09-19,Air,445,89,376.92,33545.88,Rainy,South,No,84.6,EcomExpress,Customs,0,0,1
8745,8268.0,4.1,5.0,2024-10-14,2024-10-19,2024-10-24,Air,869,12,2404.24,28850.88,Cloudy,West,Yes,86.0,FedEx,Traffic,0,0,1
8746,2562.0,4.8,2.0,2024-03-06,2024-03-08,2024-03-10,Sea,500,3,2659.87,7979.61,Rainy,West,No,98.0,FedEx,Traffic,0,0,1
8747,1221.0,3.8,6.0,2024-03-01,2024-03-07,2024-03-10,Road,45,44,1908.22,83961.68,Cloudy,Central,No,74.9,DHL,,0,0,1
8748,5747.0,2.9,9.0,2024-03-21,2024-03-30,2024-04-02,Sea,392,2,4973.83,9947.66,Rainy,North,Yes,70.1,DHL,Traffic,0,0,1
8749,2892.0,4.3,6.0,2024-07-17,2024-07-23,2024-07-28,Sea,1117,70,4420.57,309439.9,Rainy,East,Yes,88.9,DHL,Weather,0,0,1
8750,1604.0,4.6,4.0,2024-07-28,2024-08-01,2024-08-04,Road,688,38,2286.2,86875.6,Cloudy,South,Yes,93.8,DHL,Traffic,0,1,0
8751,3019.0,4.8,5.0,2024-02-27,2024-03-03,2024-03-07,Road,1045,87,1503.05,130765.35,Clear,Central,No,76.3,FedEx,Weather,0,0,1
8752,8704.0,3.2,9.0,2024-07-30,2024-08-08,2024-08-08,Road,1345,8,4630.46,37043.68,Cloudy,Central,No,74.6,DHL,Traffic,1,0,1
8753,3111.0,4.7,7.0,2024-08-15,2024-08-22,2024-08-21,Road,1401,83,350.92,29126.36,Clear,West,No,78.8,BlueDart,Operational,1,0,1
8754,4307.0,4.2,8.0,2024-11-22,2024-11-30,2024-11-30,Sea,662,90,1574.69,141722.1,Clear,West,Yes,70.2,EcomExpress,Weather,1,0,1
8755,8963.0,3.1,5.0,2024-07-12,2024-07-17,2024-07-17,Sea,780,91,2562.94,233227.54,Clear,North,No,93.8,FedEx,Traffic,1,0,1
8756,5851.0,3.6,7.0,2024-09-13,2024-09-20,2024-09-23,Road,1304,82,3134.44,257024.08,Clear,Central,Yes,70.3,BlueDart,Traffic,0,0,1
8757,2425.0,3.9,6.0,2024-10-12,2024-10-18,2024-10-20,Air,727,84,3858.0,324072.0,Cloudy,Central,Yes,85.2,DHL,Customs,0,1,0
8758,7938.0,3.8,6.0,2024-07-16,2024-07-22,2024-07-22,Sea,1353,54,309.25,16699.5,Clear,Central,Yes,85.4,DHL,Operational,1,0,1
8759,5345.0,4.8,10.0,2024-03-29,2024-04-08,2024-04-08,Air,917,76,747.3,56794.8,Rainy,South,No,95.3,BlueDart,,1,0,1
8760,7456.0,4.8,3.0,2024-02-17,2024-02-20,2024-02-25,Road,483,35,1296.33,45371.55,Cloudy,Central,No,73.8,Delhivery,Operational,0,1,0
8761,3589.0,3.2,8.0,2024-01-04,2024-01-12,2024-01-15,Air,143,93,708.35,65876.55,Clear,South,Yes,78.9,FedEx,Weather,0,0,1
8762,7714.0,4.6,4.0,2024-03-03,2024-03-07,2024-03-07,Air,29,27,1530.13,41313.51,Cloudy,South,Yes,83.2,DHL,Weather,1,1,1
8763,9948.0,3.8,10.0,2024-05-10,2024-05-20,2024-05-21,Sea,1125,90,4112.27,370104.3,Storm,South,Yes,86.1,EcomExpress,Traffic,0,0,1
8764,6062.0,2.8,2.0,2024-04-02,2024-04-04,2024-04-04,Sea,254,35,836.07,29262.45,Cloudy,Central,Yes,98.4,BlueDart,,1,0,1
8765,1615.0,3.1,7.0,2024-10-25,2024-11-01,2024-10-31,Sea,757,52,4780.28,248574.56,Rainy,South,Yes,97.5,BlueDart,,1,0,1
8766,6861.0,4.2,5.0,2024-07-01,2024-07-06,2024-07-11,Sea,448,58,2018.74,117086.92,Clear,North,Yes,78.9,BlueDart,Operational,0,0,1
8767,9100.0,4.3,8.0,2024-03-13,2024-03-21,2024-03-24,Road,658,61,3962.31,241700.91,Storm,East,Yes,71.5,BlueDart,Customs,0,0,1
8768,9728.0,5.0,4.0,2024-05-14,2024-05-18,2024-05-19,Road,586,22,269.03,5918.66,Rainy,East,Yes,81.2,DHL,Customs,0,0,1
8769,4509.0,2.5,8.0,2024-11-15,2024-11-23,2024-11-25,Road,1456,19,1442.85,27414.15,Storm,South,No,89.2,FedEx,Operational,0,0,1
8770,9283.0,4.5,5.0,2024-06-14,2024-06-19,2024-06-23,Road,1043,78,2176.32,169752.96,Clear,Central,No,80.2,EcomExpress,Customs,0,0,1
8771,6675.0,4.0,3.0,2024-03-18,2024-03-21,2024-03-22,Road,32,51,4283.69,218468.19,Storm,East,Yes,76.3,BlueDart,Weather,0,0,1
8772,7673.0,4.1,3.0,2024-06-14,2024-06-17,2024-06-21,Sea,1039,14,4284.03,59976.42,Rainy,North,No,92.6,Delhivery,Customs,0,0,1
8773,3589.0,4.7,4.0,2024-07-20,2024-07-24,2024-07-26,Road,1222,53,1615.55,85624.15,Clear,Central,No,80.0,FedEx,Operational,0,1,0
8774,5841.0,4.5,10.0,2024-02-14,2024-02-24,2024-02-24,Air,1268,30,2354.05,70621.5,Clear,North,Yes,74.4,BlueDart,Operational,1,0,1
8775,6179.0,4.1,8.0,2024-03-17,2024-03-25,2024-03-28,Road,1142,87,2184.76,190074.12,Storm,East,No,75.1,EcomExpress,Weather,0,1,0
8776,7175.0,3.3,10.0,2024-03-01,2024-03-11,2024-03-16,Sea,748,17,2385.58,40554.86,Rainy,Central,Yes,84.1,DHL,,0,0,1
8777,2680.0,3.6,3.0,2024-09-29,2024-10-02,2024-10-07,Sea,59,72,2296.44,165343.68,Rainy,East,No,89.8,FedEx,Weather,0,1,0
8778,6780.0,4.2,3.0,2024-05-19,2024-05-22,2024-05-21,Sea,295,60,1320.24,79214.4,Clear,Central,Yes,92.0,BlueDart,Weather,1,1,1
8779,6644.0,3.9,4.0,2024-08-17,2024-08-21,2024-08-24,Road,502,80,208.51,16680.8,Clear,West,Yes,90.7,BlueDart,Customs,0,1,0
8780,9763.0,3.4,9.0,2024-03-15,2024-03-24,2024-03-23,Road,703,58,924.43,53616.94,Rainy,East,No,99.9,DHL,,1,0,1
8781,4942.0,3.4,9.0,2024-05-04,2024-05-13,2024-05-14,Air,353,33,4569.32,150787.56,Rainy,East,No,99.4,DHL,Weather,0,1,0
8782,9652.0,2.8,7.0,2024-08-22,2024-08-29,2024-08-28,Air,52,43,1120.93,48199.99,Storm,West,Yes,74.5,BlueDart,Weather,1,0,1
8783,6377.0,3.1,9.0,2024-11-03,2024-11-12,2024-11-16,Road,509,94,4613.58,433676.52,Clear,Central,No,97.9,FedEx,Traffic,0,1,0
8784,6663.0,3.1,6.0,2024-08-02,2024-08-08,2024-08-08,Air,765,14,2972.82,41619.48,Storm,Central,No,74.5,Delhivery,Customs,1,0,1
8785,2198.0,3.3,8.0,2024-07-11,2024-07-19,2024-07-22,Road,927,38,4812.76,182884.88,Storm,East,Yes,96.2,Delhivery,,0,0,1
8786,6753.0,3.3,5.0,2024-09-30,2024-10-05,2024-10-08,Sea,1452,54,736.62,39777.48,Cloudy,Central,No,85.8,FedEx,Operational,0,0,1
8787,7572.0,4.9,8.0,2024-02-07,2024-02-15,2024-02-18,Air,290,14,2571.25,35997.5,Storm,Central,No,89.6,BlueDart,,0,0,1
8788,3189.0,3.6,10.0,2024-09-28,2024-10-08,2024-10-07,Road,743,35,2332.38,81633.3,Clear,West,No,75.5,Delhivery,Operational,1,1,1
8789,2129.0,2.8,2.0,2024-06-26,2024-06-28,2024-06-27,Sea,1377,30,2704.42,81132.6,Rainy,Central,Yes,94.5,BlueDart,Customs,1,0,1
8790,2682.0,4.5,5.0,2024-08-16,2024-08-21,2024-08-24,Air,616,56,2918.11,163414.16,Rainy,South,Yes,88.3,EcomExpress,,0,0,1
8791,9239.0,2.8,8.0,2024-08-18,2024-08-26,2024-08-25,Sea,205,86,3734.92,321203.12,Rainy,East,No,95.3,FedEx,Weather,1,1,1
8792,4311.0,3.5,3.0,2024-08-05,2024-08-08,2024-08-07,Sea,505,94,3773.98,354754.12,Rainy,East,Yes,91.5,EcomExpress,Weather,1,0,1
8793,8983.0,4.8,5.0,2024-05-16,2024-05-21,2024-05-23,Air,972,5,3524.48,17622.4,Clear,South,Yes,83.5,DHL,Customs,0,0,1
8794,1726.0,5.0,6.0,2024-05-05,2024-05-11,2024-05-16,Air,1495,38,1078.85,40996.3,Storm,North,Yes,97.9,FedEx,,0,1,0
8795,2849.0,2.6,4.0,2024-05-11,2024-05-15,2024-05-14,Air,1016,55,2934.36,161389.8,Clear,South,Yes,79.9,Delhivery,,1,1,1
8796,6359.0,3.7,7.0,2024-10-28,2024-11-04,2024-11-06,Air,51,91,3747.22,340997.02,Cloudy,South,No,71.3,EcomExpress,Operational,0,0,1
8797,6752.0,2.9,7.0,2024-07-25,2024-08-01,2024-08-02,Sea,1471,13,986.91,12829.83,Rainy,North,Yes,92.8,EcomExpress,Weather,0,0,1
8798,1110.0,4.5,4.0,2024-01-01,2024-01-05,2024-01-10,Sea,396,80,3042.44,243395.2,Cloudy,West,No,75.0,BlueDart,Weather,0,0,1
8799,9034.0,3.4,7.0,2024-03-13,2024-03-20,2024-03-25,Air,413,67,4269.75,286073.25,Cloudy,North,Yes,92.4,BlueDart,Traffic,0,0,1
8800,8200.0,3.8,5.0,2024-04-19,2024-04-24,2024-04-23,Sea,1145,17,4412.93,75019.81,Cloudy,East,No,90.2,DHL,Customs,1,0,1
8801,5867.0,5.0,3.0,2024-06-29,2024-07-02,2024-07-04,Air,1174,44,2321.05,102126.2,Storm,Central,Yes,94.0,Delhivery,,0,1,0
8802,3460.0,3.6,2.0,2024-06-16,2024-06-18,2024-06-22,Road,186,83,1716.95,142506.85,Cloudy,Central,No,90.3,EcomExpress,Weather,0,1,0
8803,5985.0,3.1,5.0,2024-07-04,2024-07-09,2024-07-09,Road,1018,36,4083.16,146993.76,Cloudy,East,Yes,84.1,Delhivery,,1,0,1
8804,6713.0,4.3,3.0,2024-09-03,2024-09-06,2024-09-08,Road,859,70,4226.76,295873.2,Cloudy,South,No,91.7,FedEx,Operational,0,0,1
8805,4626.0,3.6,8.0,2024-02-25,2024-03-04,2024-03-08,Sea,36,8,3431.63,27453.04,Storm,East,No,70.1,EcomExpress,Weather,0,1,0
8806,5447.0,4.4,9.0,2024-03-09,2024-03-18,2024-03-19,Road,1051,62,4841.96,300201.52,Cloudy,South,Yes,73.4,FedEx,Traffic,0,1,0
8807,8573.0,2.7,5.0,2024-06-19,2024-06-24,2024-06-23,Road,1175,39,4595.82,179236.98,Rainy,Central,Yes,72.2,FedEx,Traffic,1,0,1
8808,8553.0,3.1,10.0,2024-01-11,2024-01-21,2024-01-24,Sea,1481,80,1954.24,156339.2,Storm,South,No,80.9,Delhivery,Operational,0,0,1
8809,7276.0,4.2,9.0,2024-05-11,2024-05-20,2024-05-22,Road,225,50,1124.97,56248.5,Storm,South,No,71.4,Delhivery,,0,1,0
8810,1697.0,2.7,5.0,2024-10-29,2024-11-03,2024-11-02,Road,446,7,4762.52,33337.64,Storm,South,Yes,74.7,Delhivery,Operational,1,0,1
8811,3080.0,4.8,8.0,2024-01-20,2024-01-28,2024-01-28,Road,468,39,4572.04,178309.56,Storm,South,Yes,84.2,Delhivery,Customs,1,1,1
8812,7322.0,2.9,2.0,2024-03-24,2024-03-26,2024-03-30,Sea,312,86,2774.92,238643.12,Storm,West,Yes,75.4,EcomExpress,Traffic,0,1,0
8813,3109.0,4.1,4.0,2024-01-21,2024-01-25,2024-01-26,Sea,1349,84,4717.68,396285.12,Rainy,East,No,74.3,Delhivery,,0,1,0
8814,3151.0,4.5,5.0,2024-01-16,2024-01-21,2024-01-22,Air,504,72,2792.0,201024.0,Rainy,East,No,86.5,Delhivery,,0,0,1
8815,9063.0,3.6,8.0,2024-07-27,2024-08-04,2024-08-04,Sea,1393,13,4227.32,54955.16,Clear,East,Yes,85.1,EcomExpress,Operational,1,1,1
8816,6279.0,4.0,3.0,2024-02-14,2024-02-17,2024-02-21,Air,1356,49,3007.92,147388.08,Cloudy,South,No,72.8,FedEx,Traffic,0,0,1
8817,4935.0,4.9,4.0,2024-11-01,2024-11-05,2024-11-06,Air,1072,100,2296.34,229634.0,Rainy,North,No,71.1,DHL,Operational,0,0,1
8818,8697.0,4.3,6.0,2024-04-03,2024-04-09,2024-04-10,Air,1160,5,3531.52,17657.6,Cloudy,South,Yes,86.4,DHL,Customs,0,0,1
8819,7810.0,3.6,7.0,2024-06-06,2024-06-13,2024-06-18,Road,546,10,767.37,7673.7,Cloudy,West,No,89.8,Delhivery,Customs,0,0,1
8820,5688.0,2.7,3.0,2024-08-21,2024-08-24,2024-08-25,Road,1383,37,4763.27,176240.99,Cloudy,North,No,98.3,DHL,Operational,0,0,1
8821,3918.0,4.6,8.0,2024-10-27,2024-11-04,2024-11-07,Road,25,4,715.67,2862.68,Storm,South,No,95.3,Delhivery,Customs,0,1,0
8822,1417.0,2.9,4.0,2024-10-02,2024-10-06,2024-10-08,Air,176,34,4543.33,154473.22,Clear,West,No,97.3,DHL,Weather,0,0,1
8823,3789.0,4.1,5.0,2024-06-15,2024-06-20,2024-06-19,Air,498,48,1340.03,64321.44,Storm,East,No,96.0,EcomExpress,Customs,1,1,1
8824,3732.0,4.0,10.0,2024-03-29,2024-04-08,2024-04-07,Sea,1424,94,857.86,80638.84,Storm,North,Yes,80.3,EcomExpress,Traffic,1,0,1
8825,3173.0,3.9,7.0,2024-06-05,2024-06-12,2024-06-13,Road,17,61,1878.73,114602.53,Clear,North,No,71.1,FedEx,Operational,0,0,1
8826,8508.0,4.3,2.0,2024-06-25,2024-06-27,2024-06-30,Air,975,5,3323.83,16619.15,Cloudy,South,No,87.1,FedEx,Operational,0,0,1
8827,3280.0,2.6,2.0,2024-11-04,2024-11-06,2024-11-05,Sea,1449,92,4100.51,377246.92,Storm,North,Yes,78.0,FedEx,Weather,1,0,1
8828,4707.0,4.6,3.0,2024-08-30,2024-09-02,2024-09-01,Sea,626,74,2765.65,204658.1,Cloudy,West,Yes,79.2,BlueDart,Traffic,1,0,1
8829,7531.0,4.9,3.0,2024-08-08,2024-08-11,2024-08-15,Air,1442,71,4582.4,325350.4,Clear,West,No,92.8,DHL,Weather,0,0,1
8830,6710.0,3.0,9.0,2024-10-20,2024-10-29,2024-11-02,Sea,352,90,1901.31,171117.9,Clear,West,Yes,98.4,EcomExpress,,0,1,0
8831,1926.0,4.6,9.0,2024-05-10,2024-05-19,2024-05-23,Sea,66,38,2291.43,87074.34,Clear,North,Yes,85.1,EcomExpress,Operational,0,0,1
8832,7272.0,3.3,8.0,2024-01-04,2024-01-12,2024-01-13,Air,952,60,749.27,44956.2,Cloudy,South,No,82.7,DHL,,0,0,1
8833,2483.0,3.3,4.0,2024-04-20,2024-04-24,2024-04-28,Air,391,59,1833.16,108156.44,Cloudy,South,Yes,79.5,BlueDart,,0,1,0
8834,5127.0,3.5,7.0,2024-04-25,2024-05-02,2024-05-04,Sea,900,68,4723.58,321203.44,Storm,East,No,95.1,Delhivery,Operational,0,0,1
8835,3576.0,4.0,3.0,2024-02-13,2024-02-16,2024-02-15,Air,874,54,2353.85,127107.9,Rainy,North,No,87.1,DHL,Weather,1,0,1
8836,2778.0,3.4,4.0,2024-02-24,2024-02-28,2024-03-02,Air,1230,9,4567.91,41111.19,Rainy,North,No,77.9,BlueDart,Weather,0,1,0
8837,2438.0,3.7,5.0,2024-02-10,2024-02-15,2024-02-18,Air,41,10,939.93,9399.3,Clear,Central,Yes,71.8,BlueDart,Customs,0,1,0
8838,8042.0,2.8,2.0,2024-01-11,2024-01-13,2024-01-15,Air,954,15,1001.52,15022.8,Rainy,North,Yes,75.1,Delhivery,,0,0,1
8839,9899.0,3.4,6.0,2024-10-12,2024-10-18,2024-10-22,Air,127,70,1851.3,129591.0,Clear,East,No,76.8,EcomExpress,,0,1,0
8840,5471.0,4.8,9.0,2024-07-04,2024-07-13,2024-07-15,Road,1351,71,4363.08,309778.68,Rainy,South,Yes,99.5,Delhivery,Weather,0,0,1
8841,8587.0,3.7,5.0,2024-10-11,2024-10-16,2024-10-17,Air,944,15,4471.14,67067.1,Cloudy,Central,No,92.6,DHL,Operational,0,0,1
8842,4295.0,4.9,2.0,2024-02-27,2024-02-29,2024-03-05,Road,635,88,2082.64,183272.32,Storm,East,Yes,76.9,EcomExpress,Operational,0,0,1
8843,6965.0,4.6,6.0,2024-01-12,2024-01-18,2024-01-18,Sea,647,6,1895.9,11375.4,Rainy,North,No,78.3,EcomExpress,Weather,1,0,1
8844,,2.6,,2024-05-27,2024-06-06,2024-06-06,Sea,756,35,259.96,,Clear,East,No,72.1,BlueDart,Weather,1,0,1
8845,7759.0,3.0,2.0,2024-11-07,2024-11-09,2024-11-11,Road,570,36,4944.36,177996.96,Cloudy,West,No,70.7,EcomExpress,,0,0,1
8846,6792.0,4.6,2.0,2024-02-24,2024-02-26,2024-02-28,Sea,927,58,229.04,13284.32,Cloudy,East,Yes,86.8,Delhivery,Operational,0,1,0
8847,6621.0,4.8,7.0,2024-08-23,2024-08-30,2024-09-04,Air,930,24,1681.38,40353.12,Rainy,North,Yes,89.7,BlueDart,Weather,0,0,1
8848,4355.0,4.2,10.0,2024-04-29,2024-05-09,2024-05-14,Sea,606,64,4155.9,265977.6,Cloudy,South,Yes,76.2,FedEx,Operational,0,0,1
8849,3757.0,3.2,7.0,2024-06-28,2024-07-05,2024-07-06,Road,1173,27,684.78,18489.06,Cloudy,North,No,95.0,FedEx,,0,0,1
8850,4958.0,4.0,7.0,2024-06-18,2024-06-25,2024-06-30,Sea,395,41,4370.17,179176.97,Rainy,Central,No,83.2,FedEx,Operational,0,0,1
8851,,4.5,,2024-09-26,2024-10-02,2024-10-03,Road,955,85,2863.36,,Rainy,Central,No,82.0,DHL,,0,0,1
8852,6861.0,4.0,10.0,2024-09-15,2024-09-25,2024-09-26,Sea,1393,38,2161.58,82140.04,Rainy,West,No,95.2,Delhivery,,0,1,0
8853,,3.8,,2024-11-03,2024-11-10,2024-11-12,Sea,1007,22,1136.51,,Clear,Central,No,98.2,BlueDart,Traffic,0,1,0
8854,2089.0,4.3,5.0,2024-10-05,2024-10-10,2024-10-11,Road,1035,52,1800.74,93638.48,Rainy,East,Yes,91.0,BlueDart,Traffic,0,1,0
8855,1226.0,3.2,6.0,2024-10-26,2024-11-01,2024-11-05,Sea,45,70,3239.26,226748.2,Clear,East,Yes,93.7,EcomExpress,Operational,0,1,0
8856,8030.0,2.7,7.0,2024-10-27,2024-11-03,2024-11-05,Air,1325,90,888.7,79983.0,Rainy,East,Yes,73.4,BlueDart,Weather,0,1,0
8857,8926.0,2.9,7.0,2024-03-01,2024-03-08,2024-03-10,Air,1011,55,4776.46,262705.3,Cloudy,South,No,90.0,DHL,Operational,0,0,1
8858,5429.0,2.9,9.0,2024-10-24,2024-11-02,2024-11-01,Air,1477,93,4220.92,392545.56,Cloudy,South,Yes,73.7,EcomExpress,,1,0,1
8859,3567.0,3.9,6.0,2024-06-06,2024-06-12,2024-06-17,Sea,477,2,4072.97,8145.94,Clear,West,Yes,81.2,EcomExpress,Customs,0,0,1
8860,6290.0,2.5,7.0,2024-05-14,2024-05-21,2024-05-24,Sea,380,18,4370.01,78660.18,Storm,South,Yes,72.4,Delhivery,Traffic,0,0,1
8861,4266.0,4.0,7.0,2024-06-24,2024-07-01,2024-07-04,Air,1475,93,1206.96,112247.28,Clear,West,Yes,71.6,EcomExpress,Operational,0,0,1
8862,3137.0,4.8,6.0,2024-10-19,2024-10-25,2024-10-27,Road,1128,44,2059.72,90627.68,Rainy,Central,Yes,86.4,EcomExpress,Operational,0,1,0
8863,4076.0,2.6,5.0,2024-11-01,2024-11-06,2024-11-08,Sea,494,65,1527.89,99312.85,Cloudy,East,Yes,96.7,EcomExpress,,0,0,1
8864,3219.0,3.9,5.0,2024-06-14,2024-06-19,2024-06-24,Sea,1435,42,3121.37,131097.54,Clear,South,No,78.8,BlueDart,,0,0,1
8865,6258.0,2.6,4.0,2024-05-31,2024-06-04,2024-06-04,Road,279,77,265.54,20446.58,Storm,East,No,73.5,BlueDart,Weather,1,0,1
8866,4576.0,4.1,6.0,2024-09-02,2024-09-08,2024-09-09,Sea,1169,55,3960.81,217844.55,Storm,Central,No,95.9,BlueDart,Customs,0,0,1
8867,4077.0,4.4,2.0,2024-10-26,2024-10-28,2024-11-02,Road,492,10,3133.88,31338.8,Storm,West,Yes,98.0,Delhivery,Traffic,0,1,0
8868,4055.0,4.1,10.0,2024-11-26,2024-12-06,2024-12-10,Road,675,12,422.17,5066.04,Clear,South,Yes,76.9,DHL,Weather,0,0,1
8869,1041.0,3.9,6.0,2024-03-16,2024-03-22,2024-03-23,Road,1309,7,4568.19,31977.33,Storm,North,No,97.9,BlueDart,Operational,0,1,0
8870,1593.0,3.0,9.0,2024-09-05,2024-09-14,2024-09-19,Road,1176,49,137.93,6758.57,Clear,North,No,72.5,FedEx,Customs,0,0,1
8871,1154.0,4.5,5.0,2024-01-31,2024-02-05,2024-02-06,Road,471,70,1984.22,138895.4,Clear,South,Yes,94.7,BlueDart,Weather,0,0,1
8872,5758.0,4.7,8.0,2024-11-20,2024-11-28,2024-11-27,Air,179,43,2585.16,111161.88,Clear,South,Yes,76.9,EcomExpress,Traffic,1,0,1
8873,1644.0,4.5,6.0,2024-01-12,2024-01-18,2024-01-19,Air,670,76,2524.08,191830.08,Rainy,East,Yes,70.3,Delhivery,Weather,0,0,1
8874,8276.0,3.1,7.0,2024-09-17,2024-09-24,2024-09-27,Air,1351,73,3430.52,250427.96,Storm,North,No,77.7,DHL,Operational,0,0,1
8875,6688.0,3.6,2.0,2024-10-30,2024-11-01,2024-11-01,Road,946,4,1626.82,6507.28,Clear,South,No,98.6,EcomExpress,Weather,1,0,1
8876,3334.0,4.3,6.0,2024-09-17,2024-09-23,2024-09-27,Air,1430,25,4720.54,118013.5,Storm,North,Yes,70.5,FedEx,Customs,0,0,1
8877,9520.0,3.6,4.0,2024-01-12,2024-01-16,2024-01-19,Air,1425,66,1634.06,107847.96,Clear,South,No,74.6,EcomExpress,,0,0,1
8878,9671.0,4.4,3.0,2024-07-20,2024-07-23,2024-07-26,Sea,871,86,4701.63,404340.18,Cloudy,East,No,96.8,FedEx,,0,1,0
8879,4203.0,3.4,9.0,2024-05-21,2024-05-30,2024-06-02,Road,606,75,1468.36,110127.0,Rainy,North,No,76.2,DHL,Weather,0,0,1
8880,1753.0,2.7,2.0,2024-08-09,2024-08-11,2024-08-13,Road,1244,25,310.88,7772.0,Cloudy,West,No,88.6,EcomExpress,Traffic,0,0,1
8881,6937.0,4.1,7.0,2024-01-24,2024-01-31,2024-02-03,Sea,312,28,3818.75,106925.0,Storm,West,Yes,75.6,FedEx,Customs,0,0,1
8882,8108.0,3.9,5.0,2024-10-16,2024-10-21,2024-10-21,Road,569,46,1027.03,47243.38,Storm,West,No,93.0,Delhivery,Traffic,1,0,1
8883,1869.0,3.2,7.0,2024-05-01,2024-05-08,2024-05-12,Sea,138,44,3445.69,151610.36,Cloudy,Central,No,84.5,EcomExpress,Operational,0,0,1
8884,7267.0,4.2,6.0,2024-03-16,2024-03-22,2024-03-25,Air,337,12,3781.92,45383.04,Rainy,North,No,82.5,DHL,,0,1,0
8885,8028.0,3.3,4.0,2024-09-21,2024-09-25,2024-09-30,Sea,848,50,1034.37,51718.5,Clear,South,Yes,92.8,DHL,Traffic,0,1,0
8886,4279.0,4.9,5.0,2024-05-07,2024-05-12,2024-05-16,Air,124,57,2770.87,157939.59,Cloudy,West,No,99.2,Delhivery,,0,0,1
8887,9815.0,4.1,2.0,2024-06-07,2024-06-09,2024-06-14,Road,579,33,3586.84,118365.72,Cloudy,East,Yes,93.0,EcomExpress,Weather,0,0,1
8888,4216.0,2.5,7.0,2024-03-17,2024-03-24,2024-03-23,Sea,257,62,4930.24,305674.88,Cloudy,East,No,80.8,EcomExpress,Traffic,1,1,1
8889,6502.0,2.5,5.0,2024-09-08,2024-09-13,2024-09-13,Sea,1004,67,2489.36,166787.12,Rainy,East,No,70.7,Delhivery,Customs,1,1,1
8890,1917.0,3.1,8.0,2024-10-31,2024-11-08,2024-11-10,Sea,1376,96,4398.15,422222.4,Storm,West,No,74.5,BlueDart,Customs,0,0,1
8891,3830.0,2.8,6.0,2024-10-17,2024-10-23,2024-10-27,Air,350,78,3841.63,299647.14,Storm,West,Yes,90.0,EcomExpress,Customs,0,0,1
8892,5982.0,3.6,9.0,2024-10-07,2024-10-16,2024-10-21,Sea,1105,92,2395.66,220400.72,Clear,Central,No,70.3,DHL,Customs,0,0,1
8893,9148.0,3.6,9.0,2024-03-01,2024-03-10,2024-03-15,Road,1450,55,2971.97,163458.35,Rainy,Central,Yes,74.9,FedEx,Traffic,0,0,1
8894,9132.0,3.5,9.0,2024-01-11,2024-01-20,2024-01-20,Air,626,58,622.49,36104.42,Storm,Central,No,84.4,Delhivery,Weather,1,0,1
8895,7386.0,4.5,10.0,2024-05-14,2024-05-24,2024-05-25,Air,774,51,788.23,40199.73,Rainy,South,No,74.6,Delhivery,Traffic,0,0,1
8896,6254.0,4.3,8.0,2024-05-23,2024-05-31,2024-06-04,Air,333,95,4502.05,427694.75,Storm,Central,Yes,81.2,FedEx,Traffic,0,0,1
8897,2465.0,4.1,9.0,2024-08-24,2024-09-02,2024-09-05,Road,1159,39,4938.47,192600.33,Clear,West,No,78.3,BlueDart,Operational,0,1,0
8898,6533.0,3.1,9.0,2024-01-13,2024-01-22,2024-01-25,Sea,1289,3,2509.47,7528.41,Storm,North,Yes,94.1,Delhivery,Operational,0,1,0
8899,8495.0,3.4,3.0,2024-08-24,2024-08-27,2024-08-27,Air,843,35,3653.82,127883.7,Clear,East,No,99.2,BlueDart,Weather,1,1,1
8900,9182.0,2.7,9.0,2024-02-26,2024-03-06,2024-03-10,Air,119,69,4196.93,289588.17,Storm,East,Yes,70.6,BlueDart,Customs,0,0,1
8901,7104.0,4.0,10.0,2024-05-07,2024-05-17,2024-05-16,Road,1013,26,1043.75,27137.5,Storm,East,Yes,78.2,Delhivery,Customs,1,0,1
8902,2771.0,3.1,2.0,2024-11-07,2024-11-09,2024-11-10,Air,1075,42,2627.19,110341.98,Cloudy,North,Yes,87.6,BlueDart,Customs,0,0,1
8903,6918.0,2.6,9.0,2024-02-01,2024-02-10,2024-02-14,Sea,394,26,832.76,21651.76,Storm,West,No,81.2,BlueDart,Weather,0,0,1
8904,8754.0,4.5,6.0,2024-09-18,2024-09-24,2024-09-28,Air,1363,82,1750.1,143508.2,Cloudy,East,No,75.6,EcomExpress,Weather,0,0,1
8905,8383.0,3.3,5.0,2024-04-23,2024-04-28,2024-05-01,Sea,882,54,197.9,10686.6,Storm,West,No,91.4,EcomExpress,Traffic,0,0,1
8906,2829.0,4.7,8.0,2024-02-05,2024-02-13,2024-02-18,Air,896,23,3485.38,80163.74,Clear,Central,Yes,74.2,BlueDart,Traffic,0,0,1
8907,8479.0,4.9,8.0,2024-01-06,2024-01-14,2024-01-16,Road,1236,46,4930.43,226799.78,Clear,Central,Yes,90.3,EcomExpress,Customs,0,1,0
8908,6374.0,2.5,6.0,2024-02-24,2024-03-01,2024-03-01,Air,1099,29,1445.56,41921.24,Rainy,South,No,79.9,Delhivery,Operational,1,1,1
8909,6365.0,3.0,10.0,2024-10-28,2024-11-07,2024-11-12,Sea,998,45,439.25,19766.25,Storm,West,Yes,94.8,EcomExpress,Weather,0,0,1
8910,6323.0,4.6,5.0,2024-03-05,2024-03-10,2024-03-14,Sea,182,32,664.31,21257.92,Cloudy,West,Yes,83.6,FedEx,Traffic,0,0,1
8911,8121.0,4.7,5.0,2024-02-09,2024-02-14,2024-02-18,Road,541,98,2613.23,256096.54,Rainy,North,No,97.1,DHL,,0,0,1
8912,3235.0,3.4,9.0,2024-03-14,2024-03-23,2024-03-23,Air,1120,71,4434.59,314855.89,Rainy,East,Yes,94.4,Delhivery,Weather,1,0,1
8913,7754.0,3.7,2.0,2024-07-28,2024-07-30,2024-07-30,Sea,425,95,3266.9,310355.5,Clear,Central,No,89.4,BlueDart,Customs,1,1,1
8914,7020.0,3.6,7.0,2024-03-30,2024-04-06,2024-04-11,Road,1070,96,3527.37,338627.52,Storm,East,Yes,77.0,FedEx,Traffic,0,1,0
8915,1647.0,3.6,2.0,2024-10-09,2024-10-11,2024-10-16,Road,424,22,1005.09,22111.98,Storm,Central,No,98.5,Delhivery,Operational,0,0,1
8916,6548.0,3.3,6.0,2024-11-24,2024-11-30,2024-12-03,Sea,1403,37,1767.38,65393.06,Clear,Central,No,93.3,BlueDart,Traffic,0,1,0
8917,1318.0,2.8,10.0,2024-01-04,2024-01-14,2024-01-15,Road,392,73,2773.49,202464.77,Cloudy,East,Yes,86.8,BlueDart,Traffic,0,0,1
8918,3745.0,4.3,5.0,2024-09-05,2024-09-10,2024-09-11,Air,1001,18,4983.42,89701.56,Clear,West,Yes,84.1,BlueDart,Customs,0,0,1
8919,7944.0,3.8,3.0,2024-10-09,2024-10-12,2024-10-13,Air,1351,99,2526.47,250120.53,Rainy,Central,No,76.8,FedEx,Operational,0,0,1
8920,4774.0,4.8,8.0,2024-03-15,2024-03-23,2024-03-26,Road,960,69,445.7,30753.3,Clear,East,Yes,81.6,FedEx,,0,0,1
8921,3817.0,4.2,5.0,2024-07-10,2024-07-15,2024-07-15,Sea,653,62,623.28,38643.36,Rainy,Central,No,75.2,Delhivery,Operational,1,0,1
8922,1803.0,2.9,8.0,2024-03-08,2024-03-16,2024-03-19,Road,516,44,4080.4,179537.6,Clear,East,No,83.6,FedEx,Operational,0,0,1
8923,7713.0,2.7,5.0,2024-03-27,2024-04-01,2024-04-04,Sea,1397,64,4999.13,319944.32,Rainy,West,Yes,99.2,EcomExpress,Operational,0,0,1
8924,8876.0,4.5,6.0,2024-11-08,2024-11-14,2024-11-17,Sea,93,94,2003.46,188325.24,Cloudy,West,Yes,77.0,BlueDart,Weather,0,0,1
8925,3389.0,4.2,5.0,2024-03-10,2024-03-15,2024-03-16,Air,1340,19,2626.86,49910.34,Rainy,East,Yes,76.7,Delhivery,,0,1,0
8926,7945.0,2.9,10.0,2024-05-12,2024-05-22,2024-05-25,Road,1167,10,3607.13,36071.3,Cloudy,North,No,93.9,Delhivery,,0,1,0
8927,2079.0,4.8,7.0,2024-10-18,2024-10-25,2024-10-25,Sea,362,14,3578.67,50101.38,Clear,West,Yes,97.7,Delhivery,Weather,1,0,1
8928,7888.0,3.2,3.0,2024-06-07,2024-06-10,2024-06-15,Air,55,24,3441.74,82601.76,Storm,North,No,74.0,FedEx,Customs,0,0,1
8929,3177.0,4.7,4.0,2024-09-15,2024-09-19,2024-09-23,Road,490,77,2038.34,156952.18,Storm,North,No,85.9,EcomExpress,Operational,0,1,0
8930,8039.0,4.3,9.0,2024-08-11,2024-08-20,2024-08-24,Sea,593,1,2127.68,2127.68,Storm,South,No,83.6,EcomExpress,Weather,0,1,0
8931,4845.0,3.0,7.0,2024-03-22,2024-03-29,2024-04-03,Sea,712,18,1738.89,31300.02,Cloudy,North,Yes,96.1,FedEx,Customs,0,0,1
8932,4700.0,4.9,8.0,2024-05-11,2024-05-19,2024-05-24,Air,1347,59,3428.18,202262.62,Rainy,West,No,72.6,Delhivery,Operational,0,1,0
8933,1250.0,3.0,8.0,2024-08-31,2024-09-08,2024-09-07,Sea,1100,8,1578.54,12628.32,Cloudy,West,No,82.7,EcomExpress,Weather,1,1,1
8934,9462.0,3.0,6.0,2024-05-09,2024-05-15,2024-05-19,Air,385,34,4497.82,152925.88,Storm,Central,No,78.4,FedEx,Operational,0,0,1
8935,2837.0,2.7,10.0,2024-04-11,2024-04-21,2024-04-23,Road,476,55,3215.94,176876.7,Cloudy,North,Yes,86.4,FedEx,Customs,0,0,1
8936,9975.0,4.4,10.0,2024-03-31,2024-04-10,2024-04-13,Road,464,8,1337.3,10698.4,Clear,Central,Yes,73.5,DHL,Weather,0,1,0
8937,1612.0,2.5,6.0,2024-04-23,2024-04-29,2024-05-02,Sea,1456,92,2325.75,213969.0,Clear,East,No,72.2,BlueDart,Traffic,0,0,1
8938,8830.0,3.1,6.0,2024-10-15,2024-10-21,2024-10-20,Air,661,14,2860.2,40042.8,Clear,North,No,80.0,FedEx,Traffic,1,0,1
8939,6407.0,4.3,2.0,2024-09-05,2024-09-07,2024-09-10,Road,1010,39,1864.86,72729.54,Clear,West,No,94.4,BlueDart,,0,0,1
8940,6550.0,4.1,8.0,2024-06-08,2024-06-16,2024-06-20,Road,1474,86,3942.02,339013.72,Cloudy,East,Yes,74.1,DHL,Operational,0,1,0
8941,,3.4,,2024-01-17,2024-01-24,2024-01-29,Sea,1050,33,3709.06,,Cloudy,West,Yes,88.9,Delhivery,Customs,0,0,1
8942,5709.0,3.9,10.0,2024-04-14,2024-04-24,2024-04-23,Sea,590,38,3142.77,119425.26,Rainy,West,No,70.8,Delhivery,Traffic,1,1,1
8943,5430.0,3.7,4.0,2024-03-24,2024-03-28,2024-04-02,Road,1395,55,1520.81,83644.55,Rainy,West,No,72.0,FedEx,Operational,0,1,0
8944,4757.0,3.1,5.0,2024-09-07,2024-09-12,2024-09-16,Road,1060,55,2208.96,121492.8,Storm,Central,Yes,74.5,FedEx,,0,1,0
8945,2433.0,3.1,3.0,2024-03-04,2024-03-07,2024-03-07,Air,102,95,203.08,19292.6,Clear,East,Yes,86.7,FedEx,,1,0,1
8946,1296.0,2.7,8.0,2024-04-09,2024-04-17,2024-04-18,Sea,410,10,2239.82,22398.2,Storm,West,Yes,85.2,EcomExpress,,0,0,1
8947,8686.0,3.4,9.0,2024-01-09,2024-01-18,2024-01-17,Air,520,97,2288.3,221965.1,Storm,East,No,81.2,FedEx,,1,0,1
8948,,4.7,,2024-06-09,2024-06-14,2024-06-15,Road,948,18,3092.93,,Storm,South,Yes,75.1,BlueDart,Operational,0,1,0
8949,2038.0,3.6,4.0,2024-06-23,2024-06-27,2024-06-29,Sea,1391,79,2154.66,170218.14,Rainy,West,Yes,80.6,Delhivery,Weather,0,1,0
8950,8039.0,4.9,9.0,2024-05-07,2024-05-16,2024-05-16,Sea,366,79,388.1,30659.9,Clear,South,No,93.6,BlueDart,Customs,1,0,1
8951,2906.0,3.1,3.0,2024-02-04,2024-02-07,2024-02-09,Road,672,91,4430.88,403210.08,Storm,West,No,74.4,DHL,Operational,0,1,0
8952,3069.0,4.4,2.0,2024-07-19,2024-07-21,2024-07-22,Air,1369,82,2727.84,223682.88,Cloudy,Central,No,91.1,EcomExpress,Customs,0,0,1
8953,7222.0,3.4,9.0,2024-03-09,2024-03-18,2024-03-21,Road,584,51,3225.71,164511.21,Storm,North,No,91.8,FedEx,Operational,0,1,0
8954,1816.0,3.4,3.0,2024-03-11,2024-03-14,2024-03-19,Air,1151,58,1294.45,75078.1,Rainy,East,Yes,95.0,DHL,Weather,0,0,1
8955,5967.0,4.7,7.0,2024-01-29,2024-02-05,2024-02-08,Air,1177,41,1277.66,52384.06,Clear,Central,No,83.8,EcomExpress,Operational,0,0,1
8956,1371.0,2.7,7.0,2024-02-01,2024-02-08,2024-02-11,Air,1034,42,4982.05,209246.1,Storm,West,No,99.6,FedEx,Operational,0,0,1
8957,7738.0,4.6,8.0,2024-06-03,2024-06-11,2024-06-10,Air,245,2,1733.09,3466.18,Cloudy,South,Yes,73.4,Delhivery,,1,0,1
8958,9124.0,2.9,5.0,2024-10-15,2024-10-20,2024-10-21,Sea,1318,37,4114.76,152246.12,Storm,Central,No,95.7,DHL,Customs,0,0,1
8959,8278.0,3.1,9.0,2024-08-20,2024-08-29,2024-08-29,Road,700,57,3913.97,223096.29,Storm,West,No,99.7,DHL,,1,0,1
8960,2238.0,3.3,10.0,2024-10-14,2024-10-24,2024-10-28,Air,832,95,2654.32,252160.4,Storm,West,No,84.7,FedEx,,0,0,1
8961,1952.0,4.4,10.0,2024-06-08,2024-06-18,2024-06-22,Road,1318,95,4907.37,466200.15,Clear,North,No,82.4,Delhivery,Customs,0,1,0
8962,4540.0,3.2,6.0,2024-04-15,2024-04-21,2024-04-23,Sea,1141,84,3945.95,331459.8,Cloudy,East,No,91.9,Delhivery,Traffic,0,0,1
8963,5549.0,3.9,8.0,2024-05-03,2024-05-11,2024-05-15,Sea,39,4,245.86,983.44,Rainy,Central,Yes,72.2,EcomExpress,Customs,0,0,1
8964,9335.0,3.4,9.0,2024-05-16,2024-05-25,2024-05-28,Air,963,5,2428.37,12141.85,Cloudy,North,No,87.3,EcomExpress,Customs,0,0,1
8965,9199.0,3.0,6.0,2024-02-02,2024-02-08,2024-02-08,Air,535,87,4211.53,366403.11,Clear,West,Yes,92.9,Delhivery,Customs,1,0,1
8966,8515.0,3.3,2.0,2024-08-14,2024-08-16,2024-08-20,Sea,1199,52,3138.86,163220.72,Cloudy,Central,No,94.4,DHL,Customs,0,0,1
8967,4600.0,4.6,2.0,2024-10-11,2024-10-13,2024-10-12,Road,1469,31,691.01,21421.31,Rainy,South,No,74.5,FedEx,Weather,1,0,1
8968,8705.0,3.8,5.0,2024-08-31,2024-09-05,2024-09-05,Air,1296,31,3850.06,119351.86,Clear,East,Yes,77.6,BlueDart,Operational,1,1,1
8969,1837.0,3.5,3.0,2024-02-09,2024-02-12,2024-02-12,Road,854,4,2113.77,8455.08,Clear,South,No,93.9,BlueDart,Weather,1,0,1
8970,3403.0,3.0,6.0,2024-06-10,2024-06-16,2024-06-19,Air,42,38,316.85,12040.3,Rainy,Central,Yes,90.7,DHL,Weather,0,0,1
8971,2939.0,3.7,6.0,2024-06-12,2024-06-18,2024-06-23,Air,674,4,2396.6,9586.4,Clear,North,Yes,81.1,EcomExpress,Traffic,0,0,1
8972,7498.0,3.1,4.0,2024-08-05,2024-08-09,2024-08-09,Road,969,33,766.37,25290.21,Storm,East,No,79.3,Delhivery,Weather,1,0,1
8973,6353.0,3.0,8.0,2024-10-07,2024-10-15,2024-10-20,Sea,892,25,770.98,19274.5,Storm,West,No,77.8,FedEx,Operational,0,0,1
8974,3531.0,3.5,8.0,2024-01-29,2024-02-06,2024-02-08,Air,425,13,4679.24,60830.12,Clear,Central,Yes,91.2,BlueDart,Customs,0,0,1
8975,5325.0,3.7,8.0,2024-07-02,2024-07-10,2024-07-15,Air,1149,26,2334.42,60694.92,Storm,South,No,91.0,Delhivery,,0,0,1
8976,1385.0,5.0,8.0,2024-04-04,2024-04-12,2024-04-17,Road,363,1,4468.21,4468.21,Rainy,West,Yes,76.6,Delhivery,Weather,0,0,1
8977,3626.0,3.5,9.0,2024-06-01,2024-06-10,2024-06-09,Road,483,38,2384.77,90621.26,Cloudy,West,No,95.5,Delhivery,Traffic,1,1,1
8978,3256.0,4.1,3.0,2024-08-04,2024-08-07,2024-08-12,Air,1284,72,3523.15,253666.8,Cloudy,South,Yes,79.4,EcomExpress,Operational,0,1,0
8979,8724.0,4.9,5.0,2024-10-26,2024-10-31,2024-10-30,Air,1091,77,249.2,19188.4,Clear,North,No,82.2,FedEx,Traffic,1,1,1
8980,7079.0,3.4,2.0,2024-04-05,2024-04-07,2024-04-12,Sea,414,80,1342.81,107424.8,Clear,West,Yes,92.5,FedEx,Traffic,0,0,1
8981,8611.0,3.7,8.0,2024-05-14,2024-05-22,2024-05-21,Air,872,62,3198.11,198282.82,Cloudy,North,Yes,70.0,BlueDart,Weather,1,0,1
8982,4897.0,2.8,8.0,2024-08-04,2024-08-12,2024-08-16,Air,890,26,436.96,11360.96,Cloudy,North,No,77.4,EcomExpress,Traffic,0,1,0
8983,3676.0,2.9,10.0,2024-10-19,2024-10-29,2024-11-01,Road,105,73,3816.09,278574.57,Rainy,North,Yes,87.6,DHL,,0,1,0
8984,5160.0,4.3,10.0,2024-03-19,2024-03-29,2024-04-02,Air,270,4,528.9,2115.6,Rainy,South,No,93.1,FedEx,,0,0,1
8985,7902.0,3.2,4.0,2024-05-24,2024-05-28,2024-06-01,Sea,1120,13,4488.56,58351.28,Storm,West,No,94.8,DHL,Weather,0,0,1
8986,9154.0,2.6,5.0,2024-07-31,2024-08-05,2024-08-09,Sea,711,68,3093.36,210348.48,Storm,West,No,88.4,Delhivery,Customs,0,0,1
8987,3086.0,4.4,6.0,2024-04-02,2024-04-08,2024-04-10,Air,1414,99,3125.66,309440.34,Rainy,East,No,98.7,Delhivery,,0,0,1
8988,6175.0,2.7,6.0,2024-04-22,2024-04-28,2024-04-29,Air,721,2,3093.83,6187.66,Cloudy,Central,Yes,99.8,EcomExpress,Weather,0,0,1
8989,9324.0,3.8,2.0,2024-11-09,2024-11-11,2024-11-14,Sea,1021,5,1595.01,7975.05,Storm,South,No,89.4,Delhivery,Customs,0,1,0
8990,6297.0,3.6,2.0,2024-07-17,2024-07-19,2024-07-20,Sea,452,72,1976.12,142280.64,Clear,North,Yes,89.1,EcomExpress,Customs,0,0,1
8991,3405.0,3.2,10.0,2024-11-13,2024-11-23,2024-11-25,Air,783,8,4664.48,37315.84,Storm,South,Yes,85.6,Delhivery,,0,0,1
8992,8606.0,4.8,2.0,2024-04-26,2024-04-28,2024-05-01,Road,531,80,3356.01,268480.8,Cloudy,South,No,86.6,BlueDart,,0,0,1
8993,3530.0,4.4,9.0,2024-10-13,2024-10-22,2024-10-26,Air,1262,63,581.4,36628.2,Storm,West,No,99.1,BlueDart,Weather,0,1,0
8994,3979.0,3.6,2.0,2024-03-03,2024-03-05,2024-03-05,Road,125,70,160.08,11205.6,Cloudy,Central,Yes,75.8,FedEx,Weather,1,1,1
8995,5196.0,3.4,8.0,2024-04-04,2024-04-12,2024-04-12,Sea,678,98,3839.3,376251.4,Storm,West,Yes,82.5,BlueDart,Customs,1,0,1
8996,8394.0,4.7,2.0,2024-06-02,2024-06-04,2024-06-09,Road,281,72,650.39,46828.08,Rainy,West,Yes,90.0,FedEx,Weather,0,1,0
8997,7031.0,4.7,3.0,2024-03-10,2024-03-13,2024-03-13,Road,1205,26,413.47,10750.22,Storm,North,Yes,71.3,EcomExpress,Traffic,1,1,1
8998,3511.0,3.4,6.0,2024-08-18,2024-08-24,2024-08-25,Air,311,34,3695.84,125658.56,Cloudy,Central,No,82.6,Delhivery,,0,1,0
8999,4496.0,4.0,7.0,2024-11-03,2024-11-10,2024-11-13,Air,1132,10,3815.69,38156.9,Cloudy,West,Yes,93.8,Delhivery,Weather,0,1,0
9000,9682.0,4.0,10.0,2024-01-04,2024-01-14,2024-01-18,Road,278,83,1725.02,143176.66,Clear,Central,No,86.2,DHL,Traffic,0,0,1
9001,2148.0,3.8,3.0,2024-10-25,2024-10-28,2024-11-02,Air,896,35,1722.35,60282.25,Cloudy,Central,No,86.4,FedEx,Traffic,0,0,1
9002,3707.0,3.7,3.0,2024-04-23,2024-04-26,2024-04-26,Road,952,32,4418.5,141392.0,Storm,Central,No,74.0,FedEx,,1,0,1
9003,5197.0,4.2,7.0,2024-06-02,2024-06-09,2024-06-14,Sea,1024,14,4220.95,59093.3,Clear,South,Yes,78.0,Delhivery,Customs,0,1,0
9004,3318.0,4.4,9.0,2024-10-15,2024-10-24,2024-10-25,Air,1430,91,317.39,28882.49,Clear,North,No,84.9,FedEx,,0,0,1
9005,6147.0,4.9,7.0,2024-03-27,2024-04-03,2024-04-07,Air,428,29,4151.79,120401.91,Cloudy,Central,No,74.9,DHL,Traffic,0,0,1
9006,1655.0,2.7,4.0,2024-01-11,2024-01-15,2024-01-20,Air,624,81,1943.9,157455.9,Storm,South,No,98.9,Delhivery,Customs,0,0,1
9007,2784.0,2.7,9.0,2024-03-12,2024-03-21,2024-03-20,Air,13,36,1491.55,53695.8,Storm,East,Yes,97.9,Delhivery,Traffic,1,0,1
9008,8235.0,2.5,7.0,2024-04-01,2024-04-08,2024-04-10,Sea,20,74,4855.6,359314.4,Storm,South,Yes,79.3,BlueDart,Weather,0,0,1
9009,7855.0,4.0,3.0,2024-10-19,2024-10-22,2024-10-21,Air,1052,27,1491.07,40258.89,Clear,East,No,97.4,BlueDart,Operational,1,1,1
9010,9730.0,3.0,5.0,2024-06-26,2024-07-01,2024-06-30,Sea,800,1,855.08,855.08,Cloudy,South,No,72.1,Delhivery,,1,0,1
9011,5578.0,2.6,4.0,2024-04-20,2024-04-24,2024-04-23,Air,58,21,3395.15,71298.15,Clear,North,No,97.9,EcomExpress,Weather,1,1,1
9012,1520.0,3.7,9.0,2024-04-24,2024-05-03,2024-05-06,Air,556,68,1509.9,102673.2,Rainy,South,Yes,99.5,DHL,Operational,0,0,1
9013,5252.0,3.7,10.0,2024-06-20,2024-06-30,2024-07-01,Sea,683,90,2326.66,209399.4,Clear,East,Yes,87.3,BlueDart,Customs,0,0,1
9014,8704.0,4.6,3.0,2024-03-10,2024-03-13,2024-03-17,Air,225,39,1815.96,70822.44,Cloudy,South,Yes,72.9,DHL,Operational,0,1,0
9015,2579.0,4.8,4.0,2024-09-04,2024-09-08,2024-09-12,Air,1458,32,2228.24,71303.68,Rainy,North,Yes,99.3,DHL,Weather,0,0,1
9016,1272.0,3.3,4.0,2024-09-12,2024-09-16,2024-09-16,Road,502,60,4565.1,273906.0,Cloudy,South,Yes,95.8,EcomExpress,,1,0,1
9017,9399.0,5.0,8.0,2024-07-24,2024-08-01,2024-08-03,Road,108,24,3627.27,87054.48,Storm,South,Yes,76.5,EcomExpress,Traffic,0,0,1
9018,1671.0,2.8,6.0,2024-06-12,2024-06-18,2024-06-23,Sea,280,20,3696.97,73939.4,Storm,West,Yes,93.8,FedEx,Weather,0,0,1
9019,3303.0,4.8,2.0,2024-01-24,2024-01-26,2024-01-31,Air,334,94,2210.83,207818.02,Cloudy,East,Yes,72.1,DHL,Weather,0,0,1
9020,6330.0,3.8,9.0,2024-02-04,2024-02-13,2024-02-17,Road,713,53,322.08,17070.24,Rainy,South,Yes,99.7,Delhivery,Traffic,0,1,0
9021,3133.0,3.6,10.0,2024-01-01,2024-01-11,2024-01-10,Road,508,85,1761.97,149767.45,Rainy,West,No,74.1,Delhivery,Customs,1,0,1
9022,1243.0,4.6,7.0,2024-05-22,2024-05-29,2024-06-02,Road,661,15,1740.69,26110.35,Storm,Central,Yes,95.4,FedEx,,0,0,1
9023,2382.0,4.8,6.0,2024-02-16,2024-02-22,2024-02-25,Sea,804,13,3757.93,48853.09,Clear,North,No,82.5,Delhivery,Customs,0,0,1
9024,4544.0,4.7,9.0,2024-03-31,2024-04-09,2024-04-11,Sea,1230,31,4655.92,144333.52,Storm,East,No,73.7,BlueDart,,0,1,0
9025,6281.0,4.6,4.0,2024-01-21,2024-01-25,2024-01-27,Road,645,53,605.23,32077.19,Cloudy,East,No,73.4,Delhivery,Operational,0,1,0
9026,6890.0,3.4,6.0,2024-08-14,2024-08-20,2024-08-21,Road,292,85,1069.45,90903.25,Cloudy,East,Yes,73.4,FedEx,Customs,0,0,1
9027,8789.0,4.6,9.0,2024-11-23,2024-12-02,2024-12-02,Road,27,10,2781.49,27814.9,Clear,East,Yes,95.5,DHL,Operational,1,1,1
9028,8451.0,4.2,2.0,2024-02-19,2024-02-21,2024-02-26,Sea,613,81,2064.53,167226.93,Storm,South,No,79.6,EcomExpress,,0,0,1
9029,8980.0,3.4,7.0,2024-05-19,2024-05-26,2024-05-26,Road,799,84,4367.2,366844.8,Rainy,West,No,75.8,DHL,Operational,1,1,1
9030,5507.0,3.7,7.0,2024-10-31,2024-11-07,2024-11-12,Road,1303,84,4507.93,378666.12,Clear,East,No,94.8,DHL,Traffic,0,0,1
9031,7680.0,4.4,7.0,2024-06-27,2024-07-04,2024-07-06,Air,1184,6,4958.86,29753.16,Rainy,Central,No,86.5,Delhivery,Weather,0,0,1
9032,3164.0,4.8,7.0,2024-09-14,2024-09-21,2024-09-26,Air,125,74,659.42,48797.08,Storm,North,No,91.4,DHL,Operational,0,1,0
9033,7277.0,4.0,2.0,2024-02-21,2024-02-23,2024-02-24,Air,1250,24,1408.37,33800.88,Cloudy,Central,Yes,94.1,EcomExpress,Traffic,0,0,1
9034,8947.0,2.7,8.0,2024-07-22,2024-07-30,2024-07-31,Road,771,69,1081.82,74645.58,Rainy,East,Yes,79.1,DHL,,0,0,1
9035,5060.0,4.2,4.0,2024-08-19,2024-08-23,2024-08-23,Road,771,86,1512.52,130076.72,Clear,North,Yes,99.3,Delhivery,Traffic,1,0,1
9036,9264.0,3.8,7.0,2024-03-18,2024-03-25,2024-03-24,Road,322,53,2255.08,119519.24,Storm,Central,Yes,70.2,BlueDart,Operational,1,0,1
9037,4368.0,3.3,8.0,2024-05-23,2024-05-31,2024-05-31,Sea,1444,39,2624.61,102359.79,Storm,East,No,72.9,BlueDart,Operational,1,0,1
9038,9057.0,3.4,6.0,2024-01-24,2024-01-30,2024-01-31,Sea,1457,56,3778.17,211577.52,Rainy,North,No,76.1,DHL,Traffic,0,0,1
9039,4001.0,3.0,3.0,2024-04-22,2024-04-25,2024-04-24,Sea,142,84,3336.6,280274.4,Cloudy,North,Yes,80.7,BlueDart,Operational,1,0,1
9040,5784.0,4.5,6.0,2024-01-30,2024-02-05,2024-02-06,Road,415,31,2290.27,70998.37,Clear,Central,Yes,96.6,FedEx,Customs,0,0,1
9041,1802.0,3.7,7.0,2024-08-22,2024-08-29,2024-09-01,Air,100,81,3972.58,321778.98,Rainy,Central,Yes,96.3,FedEx,Customs,0,0,1
9042,8668.0,4.0,10.0,2024-09-03,2024-09-13,2024-09-14,Road,588,52,241.26,12545.52,Cloudy,North,Yes,96.4,BlueDart,,0,0,1
9043,5337.0,2.8,4.0,2024-06-28,2024-07-02,2024-07-05,Sea,720,30,1295.54,38866.2,Rainy,West,No,72.1,FedEx,Traffic,0,0,1
9044,9419.0,4.5,10.0,2024-08-12,2024-08-22,2024-08-27,Air,742,4,1901.08,7604.32,Rainy,Central,Yes,82.0,FedEx,Weather,0,0,1
9045,2432.0,3.4,3.0,2024-07-11,2024-07-14,2024-07-17,Air,1391,42,4658.22,195645.24,Cloudy,Central,No,94.0,Delhivery,Customs,0,0,1
9046,9900.0,4.7,7.0,2024-06-18,2024-06-25,2024-06-27,Sea,1353,19,249.76,4745.44,Cloudy,Central,No,70.7,Delhivery,Customs,0,0,1
9047,3978.0,2.8,3.0,2024-09-06,2024-09-09,2024-09-14,Road,1435,48,544.06,26114.88,Clear,Central,Yes,83.7,DHL,,0,0,1
9048,2563.0,3.5,3.0,2024-09-08,2024-09-11,2024-09-15,Air,299,22,3795.58,83502.76,Storm,West,No,71.9,FedEx,,0,1,0
9049,4323.0,4.9,4.0,2024-04-07,2024-04-11,2024-04-15,Road,879,70,2048.78,143414.6,Cloudy,West,Yes,87.1,DHL,Operational,0,1,0
9050,9641.0,3.3,2.0,2024-11-17,2024-11-19,2024-11-18,Air,1375,40,2304.13,92165.2,Clear,East,Yes,76.1,FedEx,Customs,1,1,1
9051,6808.0,2.7,2.0,2024-09-22,2024-09-24,2024-09-28,Air,167,5,1191.93,5959.65,Rainy,North,Yes,89.4,BlueDart,Traffic,0,1,0
9052,2216.0,3.3,8.0,2024-10-30,2024-11-07,2024-11-11,Road,670,72,2212.94,159331.68,Clear,Central,No,73.4,BlueDart,Traffic,0,0,1
9053,6231.0,2.6,9.0,2024-05-30,2024-06-08,2024-06-09,Road,1069,31,3739.07,115911.17,Cloudy,West,No,83.4,Delhivery,,0,0,1
9054,6899.0,4.0,6.0,2024-02-08,2024-02-14,2024-02-18,Sea,85,95,1460.35,138733.25,Rainy,Central,Yes,90.1,BlueDart,Traffic,0,0,1
9055,4682.0,4.2,4.0,2024-04-25,2024-04-29,2024-04-28,Air,54,71,3971.2,281955.2,Rainy,Central,Yes,83.7,Delhivery,,1,0,1
9056,7833.0,4.4,6.0,2024-06-17,2024-06-23,2024-06-25,Road,1393,42,2943.55,123629.1,Clear,South,No,89.0,Delhivery,Operational,0,0,1
9057,8731.0,3.5,6.0,2024-02-08,2024-02-14,2024-02-17,Road,752,50,2960.42,148021.0,Rainy,North,No,97.4,BlueDart,Operational,0,0,1
9058,4411.0,4.1,5.0,2024-10-14,2024-10-19,2024-10-21,Sea,241,75,4483.34,336250.5,Rainy,East,No,77.1,DHL,Weather,0,0,1
9059,1259.0,4.9,10.0,2024-07-06,2024-07-16,2024-07-20,Air,22,55,1896.06,104283.3,Storm,East,No,93.4,FedEx,Customs,0,1,0
9060,5615.0,4.5,8.0,2024-03-27,2024-04-04,2024-04-03,Air,910,56,2148.69,120326.64,Cloudy,North,No,77.3,FedEx,Traffic,1,0,1
9061,8931.0,4.3,3.0,2024-02-19,2024-02-22,2024-02-25,Sea,226,32,3225.37,103211.84,Rainy,West,No,96.8,BlueDart,Traffic,0,0,1
9062,4194.0,4.1,9.0,2024-03-14,2024-03-23,2024-03-24,Sea,393,76,4051.83,307939.08,Cloudy,North,Yes,81.8,Delhivery,Weather,0,0,1
9063,8733.0,4.8,4.0,2024-07-22,2024-07-26,2024-07-31,Sea,982,59,2718.52,160392.68,Clear,North,Yes,70.3,FedEx,Customs,0,0,1
9064,4935.0,4.3,2.0,2024-08-31,2024-09-02,2024-09-07,Air,1254,28,2505.31,70148.68,Storm,North,Yes,71.2,DHL,Customs,0,1,0
9065,6683.0,3.6,6.0,2024-08-12,2024-08-18,2024-08-23,Sea,1182,67,1088.12,72904.04,Storm,West,Yes,82.1,EcomExpress,Operational,0,0,1
9066,6514.0,2.8,10.0,2024-08-18,2024-08-28,2024-09-02,Air,663,85,508.17,43194.45,Cloudy,Central,Yes,84.8,Delhivery,,0,1,0
9067,3128.0,5.0,10.0,2024-03-24,2024-04-03,2024-04-05,Air,577,83,2519.31,209102.73,Clear,Central,No,87.1,BlueDart,Customs,0,1,0
9068,8835.0,3.4,8.0,2024-10-29,2024-11-06,2024-11-08,Road,923,82,4611.82,378169.24,Clear,South,No,78.2,BlueDart,Weather,0,0,1
9069,5652.0,4.8,8.0,2024-06-07,2024-06-15,2024-06-14,Air,796,65,920.6,59839.0,Clear,South,Yes,88.6,DHL,Traffic,1,0,1
9070,3816.0,2.6,5.0,2024-01-28,2024-02-02,2024-02-04,Road,990,78,2949.02,230023.56,Cloudy,Central,Yes,85.6,Delhivery,Traffic,0,1,0
9071,9344.0,2.9,2.0,2024-10-18,2024-10-20,2024-10-19,Sea,735,20,2393.08,47861.6,Rainy,East,No,88.8,EcomExpress,Traffic,1,0,1
9072,9081.0,4.1,7.0,2024-11-20,2024-11-27,2024-11-26,Road,888,8,1576.19,12609.52,Cloudy,Central,Yes,79.4,BlueDart,,1,0,1
9073,2126.0,3.2,7.0,2024-03-20,2024-03-27,2024-04-01,Road,1416,18,3865.71,69582.78,Cloudy,Central,Yes,92.9,Delhivery,Operational,0,0,1
9074,7134.0,2.7,4.0,2024-07-16,2024-07-20,2024-07-25,Road,1197,31,4860.5,150675.5,Cloudy,West,No,76.8,DHL,Customs,0,0,1
9075,8493.0,3.6,7.0,2024-03-21,2024-03-28,2024-04-02,Road,119,84,123.11,10341.24,Storm,South,No,80.7,FedEx,Weather,0,0,1
9076,1943.0,4.8,8.0,2024-08-21,2024-08-29,2024-09-01,Air,1474,37,2811.15,104012.55,Cloudy,South,Yes,81.6,FedEx,Weather,0,0,1
9077,5523.0,2.9,10.0,2024-03-17,2024-03-27,2024-03-31,Road,1027,89,2483.81,221059.09,Storm,South,No,99.5,FedEx,Operational,0,1,0
9078,5176.0,2.9,7.0,2024-08-07,2024-08-14,2024-08-15,Sea,1162,75,2832.52,212439.0,Storm,North,Yes,74.8,EcomExpress,Operational,0,0,1
9079,4504.0,5.0,3.0,2024-06-19,2024-06-22,2024-06-27,Sea,448,71,3168.08,224933.68,Cloudy,North,Yes,95.4,DHL,,0,0,1
9080,1278.0,3.7,3.0,2024-05-02,2024-05-05,2024-05-08,Road,473,29,776.39,22515.31,Rainy,Central,Yes,85.8,FedEx,Traffic,0,0,1
9081,7829.0,4.6,5.0,2024-04-25,2024-04-30,2024-05-05,Road,617,100,3931.66,393166.0,Clear,North,No,70.3,DHL,,0,0,1
9082,6867.0,2.6,2.0,2024-07-16,2024-07-18,2024-07-19,Sea,1448,15,1544.11,23161.65,Storm,West,No,86.2,EcomExpress,,0,0,1
9083,9957.0,4.9,10.0,2024-06-01,2024-06-11,2024-06-15,Air,1323,35,4289.8,150143.0,Rainy,West,No,84.6,EcomExpress,Traffic,0,1,0
9084,3807.0,2.8,3.0,2024-08-01,2024-08-04,2024-08-04,Sea,1338,78,2739.98,213718.44,Rainy,Central,Yes,78.1,EcomExpress,Operational,1,0,1
9085,4319.0,4.1,9.0,2024-07-01,2024-07-10,2024-07-10,Sea,871,92,2528.54,232625.68,Clear,North,No,85.1,BlueDart,Weather,1,0,1
9086,4948.0,4.7,6.0,2024-04-27,2024-05-03,2024-05-04,Air,1431,6,506.93,3041.58,Rainy,West,No,87.5,FedEx,,0,1,0
9087,3538.0,2.8,8.0,2024-11-09,2024-11-17,2024-11-20,Air,686,47,4006.61,188310.67,Storm,East,Yes,86.5,EcomExpress,Traffic,0,1,0
9088,2423.0,3.6,7.0,2024-05-17,2024-05-24,2024-05-26,Sea,1142,26,3292.83,85613.58,Storm,East,Yes,87.9,FedEx,Weather,0,0,1
9089,4745.0,2.5,6.0,2024-11-24,2024-11-30,2024-11-30,Air,1052,46,1178.47,54209.62,Storm,South,No,95.5,Delhivery,Customs,1,1,1
9090,8293.0,4.0,3.0,2024-01-20,2024-01-23,2024-01-27,Air,267,35,658.7,23054.5,Rainy,North,Yes,96.8,FedEx,,0,1,0
9091,9185.0,4.9,4.0,2024-02-27,2024-03-02,2024-03-04,Road,195,66,2802.87,184989.42,Cloudy,North,Yes,79.8,Delhivery,Operational,0,0,1
9092,9941.0,4.2,2.0,2024-09-30,2024-10-02,2024-10-07,Road,1432,92,1811.34,166643.28,Cloudy,North,Yes,77.6,EcomExpress,Traffic,0,0,1
9093,4352.0,3.6,4.0,2024-07-06,2024-07-10,2024-07-13,Road,1178,78,2143.12,167163.36,Storm,East,Yes,82.5,BlueDart,Traffic,0,1,0
9094,1634.0,3.7,3.0,2024-08-16,2024-08-19,2024-08-18,Road,1351,56,1536.31,86033.36,Cloudy,West,No,94.0,EcomExpress,Weather,1,0,1
9095,6705.0,2.7,3.0,2024-11-16,2024-11-19,2024-11-19,Air,48,95,4514.13,428842.35,Cloudy,Central,No,73.2,Delhivery,Customs,1,1,1
9096,8238.0,2.6,10.0,2024-08-05,2024-08-15,2024-08-19,Air,70,90,1001.49,90134.1,Clear,East,No,96.6,BlueDart,,0,0,1
9097,4717.0,4.4,7.0,2024-06-04,2024-06-11,2024-06-10,Sea,1083,79,1904.15,150427.85,Cloudy,South,No,88.9,Delhivery,Operational,1,0,1
9098,3379.0,4.5,10.0,2024-06-13,2024-06-23,2024-06-28,Road,381,46,4946.35,227532.1,Rainy,North,No,79.6,EcomExpress,Customs,0,0,1
9099,2801.0,3.7,2.0,2024-06-26,2024-06-28,2024-06-28,Road,568,73,3135.55,228895.15,Clear,South,Yes,75.0,BlueDart,Operational,1,0,1
9100,5061.0,4.8,6.0,2024-08-01,2024-08-07,2024-08-08,Air,1399,22,2063.75,45402.5,Storm,West,Yes,73.5,EcomExpress,Operational,0,0,1
9101,9829.0,2.7,5.0,2024-09-03,2024-09-08,2024-09-13,Road,765,59,1181.68,69719.12,Clear,North,No,77.9,DHL,Traffic,0,0,1
9102,3009.0,3.9,5.0,2024-06-24,2024-06-29,2024-07-04,Road,1238,40,4888.17,195526.8,Storm,East,No,72.2,DHL,Operational,0,0,1
9103,1150.0,3.2,10.0,2024-07-06,2024-07-16,2024-07-17,Road,1436,25,3956.22,98905.5,Cloudy,West,Yes,80.4,BlueDart,,0,1,0
9104,5252.0,3.8,6.0,2024-04-26,2024-05-02,2024-05-06,Air,1251,54,2025.95,109401.3,Cloudy,West,No,70.0,BlueDart,Customs,0,0,1
9105,6982.0,2.9,8.0,2024-11-26,2024-12-04,2024-12-09,Air,344,69,917.87,63333.03,Cloudy,East,No,98.4,FedEx,Weather,0,0,1
9106,7227.0,4.7,5.0,2024-11-23,2024-11-28,2024-12-03,Air,1349,63,1750.54,110284.02,Storm,North,Yes,85.3,Delhivery,Weather,0,1,0
9107,8014.0,2.8,6.0,2024-01-23,2024-01-29,2024-01-28,Sea,238,11,3430.59,37736.49,Rainy,East,Yes,86.3,BlueDart,Weather,1,0,1
9108,4816.0,3.0,9.0,2024-03-30,2024-04-08,2024-04-12,Road,759,49,3444.41,168776.09,Storm,South,No,97.0,Delhivery,,0,1,0
9109,9344.0,4.7,10.0,2024-03-01,2024-03-11,2024-03-15,Air,637,20,1116.92,22338.4,Cloudy,East,No,86.3,DHL,,0,0,1
9110,7802.0,3.1,10.0,2024-05-03,2024-05-13,2024-05-15,Air,674,78,1437.74,112143.72,Cloudy,North,Yes,90.7,BlueDart,,0,0,1
9111,4127.0,2.9,8.0,2024-10-29,2024-11-06,2024-11-10,Road,1011,49,3089.29,151375.21,Cloudy,East,No,93.6,EcomExpress,Customs,0,0,1
9112,5810.0,4.9,4.0,2024-11-12,2024-11-16,2024-11-15,Road,891,38,2304.2,87559.6,Storm,West,No,75.5,EcomExpress,Customs,1,0,1
9113,2000.0,2.7,10.0,2024-08-23,2024-09-02,2024-09-06,Air,773,26,1805.34,46938.84,Clear,South,No,85.2,DHL,Traffic,0,0,1
9114,2053.0,2.6,5.0,2024-09-19,2024-09-24,2024-09-23,Sea,141,26,3426.6,89091.6,Rainy,North,Yes,81.2,DHL,Customs,1,0,1
9115,7489.0,4.8,9.0,2024-10-04,2024-10-13,2024-10-18,Sea,698,41,2446.72,100315.52,Rainy,Central,Yes,76.4,Delhivery,,0,0,1
9116,4367.0,4.3,10.0,2024-03-24,2024-04-03,2024-04-08,Air,1324,22,3253.04,71566.88,Rainy,North,No,72.9,FedEx,Customs,0,1,0
9117,3485.0,3.3,8.0,2024-03-08,2024-03-16,2024-03-18,Road,902,8,3300.53,26404.24,Clear,South,Yes,87.6,DHL,Traffic,0,0,1
9118,6995.0,3.6,5.0,2024-08-16,2024-08-21,2024-08-22,Air,715,81,1681.4,136193.4,Rainy,South,No,82.9,Delhivery,Traffic,0,0,1
9119,6698.0,4.0,3.0,2024-03-25,2024-03-28,2024-03-29,Road,620,76,1304.34,99129.84,Rainy,Central,No,87.3,FedEx,Operational,0,0,1
9120,9704.0,3.2,10.0,2024-05-13,2024-05-23,2024-05-27,Sea,1488,66,300.22,19814.52,Cloudy,South,Yes,76.2,BlueDart,Customs,0,0,1
9121,3595.0,2.8,3.0,2024-02-05,2024-02-08,2024-02-11,Road,1088,39,4298.28,167632.92,Storm,North,No,75.6,FedEx,Operational,0,0,1
9122,5737.0,2.7,2.0,2024-01-25,2024-01-27,2024-01-26,Sea,425,95,2988.81,283936.95,Storm,East,Yes,70.4,BlueDart,Traffic,1,0,1
9123,8876.0,3.3,10.0,2024-08-29,2024-09-08,2024-09-10,Road,666,37,843.46,31208.02,Rainy,South,No,74.7,DHL,,0,0,1
9124,9386.0,4.7,7.0,2024-04-08,2024-04-15,2024-04-14,Sea,1093,68,3996.24,271744.32,Rainy,Central,No,96.6,BlueDart,,1,0,1
9125,8928.0,4.1,3.0,2024-09-15,2024-09-18,2024-09-18,Road,508,91,4954.25,450836.75,Clear,South,No,94.3,DHL,Weather,1,1,1
9126,6230.0,4.9,10.0,2024-05-01,2024-05-11,2024-05-15,Air,933,32,1569.48,50223.36,Clear,South,Yes,70.1,FedEx,Operational,0,0,1
9127,8765.0,2.8,7.0,2024-08-22,2024-08-29,2024-08-28,Air,172,23,2453.47,56429.81,Storm,North,No,73.7,Delhivery,Operational,1,0,1
9128,3522.0,3.9,2.0,2024-03-24,2024-03-26,2024-03-26,Sea,251,72,3148.64,226702.08,Rainy,North,Yes,82.0,FedEx,Customs,1,1,1
9129,2421.0,3.2,2.0,2024-02-23,2024-02-25,2024-02-25,Sea,827,14,829.95,11619.3,Clear,East,No,95.4,DHL,Customs,1,0,1
9130,8761.0,3.9,7.0,2024-03-10,2024-03-17,2024-03-17,Road,589,96,675.53,64850.88,Storm,North,Yes,91.3,EcomExpress,Weather,1,1,1
9131,6494.0,4.9,4.0,2024-05-11,2024-05-15,2024-05-19,Road,1239,40,4921.84,196873.6,Storm,North,No,90.9,Delhivery,Weather,0,1,0
9132,8542.0,2.7,2.0,2024-03-06,2024-03-08,2024-03-09,Road,971,45,2501.99,112589.55,Cloudy,West,No,72.4,EcomExpress,Weather,0,0,1
9133,8504.0,4.7,7.0,2024-04-27,2024-05-04,2024-05-06,Air,850,2,2554.26,5108.52,Cloudy,Central,Yes,90.8,BlueDart,Operational,0,1,0
9134,7812.0,3.6,10.0,2024-06-20,2024-06-30,2024-06-29,Sea,685,6,4763.68,28582.08,Cloudy,Central,No,72.2,Delhivery,,1,0,1
9135,9669.0,3.7,5.0,2024-05-25,2024-05-30,2024-06-02,Road,1345,27,4720.03,127440.81,Cloudy,West,Yes,71.3,EcomExpress,Operational,0,1,0
9136,8032.0,4.8,9.0,2024-04-12,2024-04-21,2024-04-22,Road,121,34,4886.6,166144.4,Cloudy,North,No,73.6,FedEx,Traffic,0,0,1
9137,7001.0,3.0,3.0,2024-05-10,2024-05-13,2024-05-17,Sea,534,40,3405.73,136229.2,Rainy,North,No,87.3,Delhivery,Customs,0,0,1
9138,9779.0,2.8,8.0,2024-07-30,2024-08-07,2024-08-06,Road,427,33,3786.98,124970.34,Clear,North,Yes,81.6,BlueDart,Operational,1,0,1
9139,8434.0,2.9,8.0,2024-02-13,2024-02-21,2024-02-24,Sea,150,12,3692.74,44312.88,Rainy,North,No,90.9,Delhivery,Operational,0,0,1
9140,1214.0,4.5,8.0,2024-10-04,2024-10-12,2024-10-17,Road,1343,60,596.04,35762.4,Cloudy,North,No,96.1,BlueDart,Customs,0,0,1
9141,7361.0,2.7,7.0,2024-10-09,2024-10-16,2024-10-19,Air,618,32,2867.41,91757.12,Rainy,West,Yes,94.5,BlueDart,Operational,0,0,1
9142,8622.0,2.7,10.0,2024-06-13,2024-06-23,2024-06-22,Road,161,45,2306.49,103792.05,Storm,North,Yes,79.1,DHL,,1,0,1
9143,,4.6,,2024-06-28,2024-07-08,2024-07-11,Air,733,84,4864.6,,Storm,North,No,95.2,EcomExpress,Weather,0,0,1
9144,6570.0,2.7,6.0,2024-06-27,2024-07-03,2024-07-06,Sea,1228,20,3128.76,62575.2,Clear,West,Yes,73.0,EcomExpress,,0,0,1
9145,2615.0,2.9,8.0,2024-01-10,2024-01-18,2024-01-17,Sea,960,48,1006.31,48302.88,Cloudy,East,No,89.5,BlueDart,,1,0,1
9146,9265.0,3.8,2.0,2024-07-11,2024-07-13,2024-07-17,Air,1396,53,4110.47,217854.91,Storm,East,Yes,73.5,DHL,,0,0,1
9147,8345.0,4.8,8.0,2024-07-31,2024-08-08,2024-08-07,Road,1148,65,3165.94,205786.1,Rainy,Central,Yes,96.5,BlueDart,Operational,1,0,1
9148,6648.0,4.0,5.0,2024-11-20,2024-11-25,2024-11-27,Road,116,96,4240.95,407131.2,Clear,North,Yes,87.1,FedEx,,0,0,1
9149,1702.0,4.4,2.0,2024-11-06,2024-11-08,2024-11-08,Air,1042,22,4105.19,90314.18,Storm,West,No,77.1,FedEx,Weather,1,0,1
9150,5025.0,3.1,2.0,2024-04-20,2024-04-22,2024-04-22,Sea,995,6,2437.41,14624.46,Clear,East,Yes,73.4,EcomExpress,Weather,1,1,1
9151,3085.0,4.2,5.0,2024-10-08,2024-10-13,2024-10-18,Air,1470,56,3730.23,208892.88,Cloudy,South,No,89.4,EcomExpress,Customs,0,0,1
9152,1976.0,2.8,8.0,2024-09-16,2024-09-24,2024-09-25,Air,959,39,664.26,25906.14,Clear,Central,No,72.3,Delhivery,,0,0,1
9153,9260.0,3.2,9.0,2024-08-16,2024-08-25,2024-08-24,Road,418,76,3439.03,261366.28,Storm,North,Yes,75.2,EcomExpress,Weather,1,0,1
9154,9366.0,4.6,2.0,2024-09-04,2024-09-06,2024-09-10,Road,847,21,2487.7,52241.7,Storm,Central,No,95.0,FedEx,Customs,0,0,1
9155,5122.0,4.1,8.0,2024-11-09,2024-11-17,2024-11-19,Road,484,62,1555.35,96431.7,Clear,North,Yes,86.0,FedEx,,0,1,0
9156,2022.0,4.9,3.0,2024-04-02,2024-04-05,2024-04-04,Road,218,17,3586.84,60976.28,Rainy,West,No,91.0,Delhivery,Weather,1,0,1
9157,7373.0,3.8,4.0,2024-09-08,2024-09-12,2024-09-14,Sea,788,69,4467.41,308251.29,Clear,West,No,97.8,BlueDart,,0,1,0
9158,4655.0,4.6,6.0,2024-04-20,2024-04-26,2024-04-27,Air,623,28,2001.28,56035.84,Storm,West,Yes,98.7,FedEx,Customs,0,1,0
9159,1942.0,2.8,7.0,2024-10-05,2024-10-12,2024-10-16,Road,722,2,3338.64,6677.28,Cloudy,Central,Yes,89.6,Delhivery,Customs,0,1,0
9160,3591.0,2.8,3.0,2024-05-01,2024-05-04,2024-05-08,Sea,606,72,3395.73,244492.56,Clear,West,Yes,93.9,EcomExpress,Weather,0,0,1
9161,3716.0,2.6,6.0,2024-03-13,2024-03-19,2024-03-21,Sea,115,61,2518.0,153598.0,Clear,East,No,89.2,Delhivery,Weather,0,0,1
9162,4868.0,3.3,7.0,2024-04-15,2024-04-22,2024-04-23,Sea,670,64,441.93,28283.52,Storm,East,No,77.9,FedEx,Weather,0,0,1
9163,2816.0,2.7,2.0,2024-08-19,2024-08-21,2024-08-25,Air,524,73,664.57,48513.61,Storm,West,Yes,86.2,DHL,Traffic,0,0,1
9164,1619.0,4.7,7.0,2024-08-09,2024-08-16,2024-08-16,Road,69,65,1833.48,119176.2,Rainy,South,No,99.2,BlueDart,Weather,1,0,1
9165,6218.0,4.4,9.0,2024-04-25,2024-05-04,2024-05-06,Road,1112,2,4208.58,8417.16,Rainy,South,Yes,72.9,FedEx,Operational,0,0,1
9166,9037.0,4.0,4.0,2024-02-13,2024-02-17,2024-02-16,Road,443,53,4359.44,231050.32,Cloudy,Central,Yes,97.9,FedEx,,1,0,1
9167,4514.0,4.0,2.0,2024-10-17,2024-10-19,2024-10-19,Road,94,80,1053.6,84288.0,Clear,South,No,98.9,EcomExpress,Operational,1,0,1
9168,7546.0,3.1,4.0,2024-10-17,2024-10-21,2024-10-26,Road,546,19,4094.6,77797.4,Clear,Central,Yes,90.9,BlueDart,Customs,0,0,1
9169,9083.0,4.6,6.0,2024-10-04,2024-10-10,2024-10-12,Sea,1209,34,4810.45,163555.3,Cloudy,South,Yes,71.3,Delhivery,,0,0,1
9170,7851.0,4.0,8.0,2024-04-28,2024-05-06,2024-05-05,Road,915,34,822.94,27979.96,Cloudy,South,Yes,92.7,FedEx,Traffic,1,1,1
9171,2012.0,3.4,10.0,2024-10-07,2024-10-17,2024-10-16,Road,1497,69,1848.95,127577.55,Storm,Central,No,75.8,EcomExpress,Weather,1,0,1
9172,3167.0,4.2,4.0,2024-06-16,2024-06-20,2024-06-25,Air,1318,56,2805.89,157129.84,Clear,West,Yes,79.3,DHL,Customs,0,1,0
9173,7971.0,3.0,10.0,2024-09-04,2024-09-14,2024-09-14,Air,779,38,3476.03,132089.14,Rainy,North,Yes,86.1,DHL,Traffic,1,0,1
9174,6315.0,2.5,7.0,2024-03-14,2024-03-21,2024-03-25,Sea,1166,61,1889.92,115285.12,Clear,West,Yes,88.8,EcomExpress,Weather,0,0,1
9175,8047.0,4.9,10.0,2024-10-30,2024-11-09,2024-11-08,Sea,1305,16,1924.72,30795.52,Storm,West,Yes,89.3,BlueDart,Traffic,1,0,1
9176,9096.0,3.9,5.0,2024-05-23,2024-05-28,2024-06-01,Road,834,89,1672.64,148864.96,Cloudy,West,Yes,99.6,FedEx,Customs,0,0,1
9177,8486.0,3.6,2.0,2024-02-26,2024-02-28,2024-02-27,Air,484,13,4107.19,53393.47,Storm,South,Yes,79.6,FedEx,Traffic,1,0,1
9178,5354.0,4.0,4.0,2024-03-26,2024-03-30,2024-04-01,Air,1028,74,667.77,49414.98,Clear,North,Yes,76.8,BlueDart,Customs,0,0,1
9179,1791.0,2.8,7.0,2024-10-16,2024-10-23,2024-10-27,Road,230,78,4177.4,325837.2,Storm,West,Yes,97.5,BlueDart,Customs,0,0,1
9180,9489.0,4.8,3.0,2024-02-27,2024-03-01,2024-03-06,Sea,1183,88,1633.08,143711.04,Storm,South,No,89.2,Delhivery,,0,0,1
9181,6445.0,4.1,4.0,2024-09-14,2024-09-18,2024-09-20,Sea,449,69,1369.46,94492.74,Cloudy,North,Yes,90.0,BlueDart,Weather,0,1,0
9182,8642.0,3.8,2.0,2024-10-26,2024-10-28,2024-10-28,Air,295,55,2370.95,130402.25,Storm,Central,Yes,98.5,BlueDart,Traffic,1,1,1
9183,7270.0,4.4,2.0,2024-05-13,2024-05-15,2024-05-20,Road,37,32,2795.78,89464.96,Clear,East,Yes,95.6,DHL,Operational,0,0,1
9184,5098.0,4.8,6.0,2024-08-17,2024-08-23,2024-08-24,Air,70,57,3473.6,197995.2,Rainy,Central,No,75.3,FedEx,Customs,0,1,0
9185,2563.0,4.2,4.0,2024-04-09,2024-04-13,2024-04-13,Road,1023,97,4342.4,421212.8,Cloudy,North,No,71.8,Delhivery,Weather,1,0,1
9186,3924.0,2.6,4.0,2024-08-16,2024-08-20,2024-08-23,Air,649,52,4237.99,220375.48,Rainy,East,No,85.3,EcomExpress,Operational,0,0,1
9187,9724.0,2.8,5.0,2024-05-19,2024-05-24,2024-05-23,Road,383,27,2208.55,59630.85,Clear,Central,Yes,88.1,BlueDart,Customs,1,1,1
9188,9865.0,2.7,3.0,2024-07-10,2024-07-13,2024-07-17,Air,547,66,1368.56,90324.96,Clear,East,No,73.5,FedEx,Customs,0,0,1
9189,3178.0,3.5,5.0,2024-02-07,2024-02-12,2024-02-14,Road,928,66,1981.78,130797.48,Cloudy,North,No,85.0,BlueDart,Operational,0,0,1
9190,2833.0,3.8,3.0,2024-07-14,2024-07-17,2024-07-20,Road,1287,93,3752.28,348962.04,Clear,South,No,94.9,FedEx,Operational,0,1,0
9191,5549.0,3.3,4.0,2024-02-11,2024-02-15,2024-02-15,Air,882,69,2763.92,190710.48,Rainy,North,No,86.8,EcomExpress,Weather,1,1,1
9192,3617.0,3.5,3.0,2024-05-29,2024-06-01,2024-06-06,Road,225,12,440.51,5286.12,Storm,East,No,75.0,DHL,Operational,0,0,1
9193,7395.0,3.1,7.0,2024-02-29,2024-03-07,2024-03-12,Sea,1140,26,3420.54,88934.04,Storm,South,No,92.3,DHL,,0,0,1
9194,1494.0,2.7,7.0,2024-01-28,2024-02-04,2024-02-07,Road,295,89,4660.67,414799.63,Clear,South,No,79.4,BlueDart,Weather,0,1,0
9195,6472.0,4.0,9.0,2024-01-06,2024-01-15,2024-01-19,Road,391,10,160.33,1603.3,Storm,South,No,75.0,DHL,,0,1,0
9196,3178.0,4.5,10.0,2024-11-07,2024-11-17,2024-11-16,Sea,283,52,592.9,30830.8,Storm,East,Yes,87.3,DHL,Operational,1,0,1
9197,6069.0,3.5,5.0,2024-04-13,2024-04-18,2024-04-20,Sea,751,70,4233.92,296374.4,Storm,East,Yes,80.9,FedEx,,0,1,0
9198,9576.0,2.7,9.0,2024-06-20,2024-06-29,2024-06-30,Sea,691,57,516.64,29448.48,Clear,North,No,88.9,BlueDart,Traffic,0,0,1
9199,6510.0,4.8,2.0,2024-08-17,2024-08-19,2024-08-21,Sea,347,69,1841.56,127067.64,Cloudy,Central,No,94.7,BlueDart,,0,1,0
9200,9356.0,2.7,9.0,2024-01-04,2024-01-13,2024-01-15,Sea,1477,26,3212.47,83524.22,Rainy,South,No,72.4,BlueDart,Traffic,0,0,1
9201,3465.0,3.0,9.0,2024-11-03,2024-11-12,2024-11-17,Road,1035,9,3179.69,28617.21,Clear,North,No,80.2,BlueDart,Traffic,0,1,0
9202,8793.0,3.9,2.0,2024-01-30,2024-02-01,2024-02-05,Road,1318,59,3763.95,222073.05,Rainy,Central,Yes,85.6,DHL,Traffic,0,0,1
9203,4537.0,3.3,5.0,2024-02-17,2024-02-22,2024-02-25,Air,902,73,2031.9,148328.7,Cloudy,West,No,84.3,EcomExpress,Weather,0,1,0
9204,7183.0,4.2,9.0,2024-03-17,2024-03-26,2024-03-30,Road,964,56,877.32,49129.92,Rainy,South,Yes,77.3,EcomExpress,Weather,0,1,0
9205,2563.0,4.6,7.0,2024-08-05,2024-08-12,2024-08-13,Air,438,70,4413.07,308914.9,Clear,North,No,80.6,DHL,,0,0,1
9206,9391.0,4.2,4.0,2024-03-11,2024-03-15,2024-03-18,Sea,247,3,1779.98,5339.94,Storm,East,No,91.5,Delhivery,Weather,0,0,1
9207,2076.0,4.0,10.0,2024-09-04,2024-09-14,2024-09-15,Road,172,88,111.54,9815.52,Rainy,North,No,81.3,BlueDart,Operational,0,0,1
9208,7998.0,2.7,3.0,2024-10-10,2024-10-13,2024-10-18,Air,989,5,4189.75,20948.75,Clear,Central,Yes,84.0,DHL,Customs,0,0,1
9209,1746.0,4.7,10.0,2024-07-04,2024-07-14,2024-07-19,Air,1271,98,2321.92,227548.16,Rainy,Central,No,93.5,DHL,Operational,0,0,1
9210,5512.0,4.1,7.0,2024-08-19,2024-08-26,2024-08-30,Road,1201,66,4102.47,270763.02,Cloudy,South,No,83.0,FedEx,Operational,0,0,1
9211,8436.0,4.0,3.0,2024-10-26,2024-10-29,2024-11-02,Air,788,83,2320.26,192581.58,Cloudy,Central,No,70.6,BlueDart,,0,1,0
9212,5329.0,4.5,5.0,2024-01-22,2024-01-27,2024-01-28,Sea,678,51,744.37,37962.87,Cloudy,North,Yes,98.8,Delhivery,Customs,0,0,1
9213,9843.0,4.6,7.0,2024-07-04,2024-07-11,2024-07-15,Road,1039,13,771.66,10031.58,Cloudy,Central,No,77.2,Delhivery,Traffic,0,0,1
9214,1253.0,3.2,7.0,2024-06-04,2024-06-11,2024-06-15,Sea,1016,73,3087.9,225416.7,Clear,North,Yes,77.6,BlueDart,Weather,0,0,1
9215,8645.0,3.3,6.0,2024-04-08,2024-04-14,2024-04-19,Air,1480,33,3628.23,119731.59,Rainy,South,Yes,79.3,Delhivery,Weather,0,0,1
9216,5779.0,4.3,9.0,2024-05-29,2024-06-07,2024-06-08,Sea,1183,67,2873.64,192533.88,Storm,East,No,91.7,EcomExpress,Operational,0,0,1
9217,5243.0,2.8,7.0,2024-05-10,2024-05-17,2024-05-21,Air,483,46,600.87,27640.02,Storm,Central,No,87.8,EcomExpress,Traffic,0,0,1
9218,7710.0,3.8,3.0,2024-09-23,2024-09-26,2024-09-30,Sea,126,64,3609.95,231036.8,Storm,Central,No,82.5,FedEx,Operational,0,0,1
9219,7274.0,4.2,4.0,2024-03-28,2024-04-01,2024-03-31,Sea,768,17,2285.0,38845.0,Rainy,West,Yes,95.1,Delhivery,Weather,1,0,1
9220,1743.0,4.5,9.0,2024-06-13,2024-06-22,2024-06-22,Road,394,24,1532.74,36785.76,Clear,South,No,99.8,FedEx,,1,0,1
9221,9725.0,3.9,6.0,2024-06-19,2024-06-25,2024-06-25,Air,1013,2,2312.19,4624.38,Cloudy,Central,Yes,72.2,Delhivery,Traffic,1,0,1
9222,9469.0,3.2,7.0,2024-02-09,2024-02-16,2024-02-16,Sea,706,52,4827.12,251010.24,Cloudy,Central,No,73.5,BlueDart,Traffic,1,0,1
9223,5009.0,2.5,3.0,2024-07-26,2024-07-29,2024-08-02,Road,1485,31,3046.39,94438.09,Storm,South,Yes,92.3,EcomExpress,Weather,0,0,1
9224,5580.0,4.5,3.0,2024-11-10,2024-11-13,2024-11-18,Air,706,69,2500.41,172528.29,Storm,East,No,71.4,FedEx,,0,1,0
9225,1932.0,3.2,9.0,2024-10-02,2024-10-11,2024-10-10,Air,159,45,3631.47,163416.15,Clear,East,No,81.3,BlueDart,Operational,1,0,1
9226,8761.0,3.9,2.0,2024-01-21,2024-01-23,2024-01-28,Road,1071,51,1462.0,74562.0,Clear,West,No,79.9,EcomExpress,Traffic,0,1,0
9227,9740.0,3.0,10.0,2024-06-06,2024-06-16,2024-06-18,Air,1457,12,3899.31,46791.72,Storm,Central,Yes,76.0,DHL,,0,0,1
9228,4192.0,2.6,10.0,2024-10-22,2024-11-01,2024-10-31,Sea,895,57,850.67,48488.19,Storm,East,Yes,76.0,BlueDart,Traffic,1,0,1
9229,9610.0,3.3,2.0,2024-08-04,2024-08-06,2024-08-09,Air,1357,62,3847.79,238562.98,Cloudy,South,No,89.9,BlueDart,Weather,0,1,0
9230,7648.0,2.8,3.0,2024-10-26,2024-10-29,2024-10-31,Air,448,1,4986.18,4986.18,Storm,East,Yes,70.1,BlueDart,Weather,0,1,0
9231,1640.0,4.0,4.0,2024-03-02,2024-03-06,2024-03-07,Sea,626,7,2438.99,17072.93,Storm,North,Yes,91.9,FedEx,Traffic,0,1,0
9232,7658.0,3.9,5.0,2024-10-24,2024-10-29,2024-11-02,Road,400,83,1397.25,115971.75,Rainy,South,Yes,98.5,Delhivery,Weather,0,0,1
9233,9849.0,4.8,3.0,2024-06-12,2024-06-15,2024-06-20,Air,483,77,2250.79,173310.83,Clear,Central,No,81.9,DHL,Operational,0,0,1
9234,7712.0,3.5,3.0,2024-05-20,2024-05-23,2024-05-27,Sea,907,8,2160.23,17281.84,Rainy,Central,Yes,78.1,Delhivery,,0,0,1
9235,6977.0,4.8,3.0,2024-03-28,2024-03-31,2024-04-01,Sea,1200,11,3711.85,40830.35,Rainy,North,Yes,75.5,BlueDart,,0,0,1
9236,8108.0,3.5,8.0,2024-07-18,2024-07-26,2024-07-31,Road,366,73,1571.24,114700.52,Storm,South,No,98.8,BlueDart,Customs,0,0,1
9237,3532.0,3.5,7.0,2024-08-01,2024-08-08,2024-08-08,Sea,516,4,4258.55,17034.2,Storm,Central,Yes,98.3,DHL,Traffic,1,0,1
9238,4158.0,3.8,7.0,2024-11-07,2024-11-14,2024-11-17,Sea,395,57,651.7,37146.9,Clear,North,Yes,83.6,BlueDart,Customs,0,0,1
9239,3677.0,3.8,6.0,2024-05-22,2024-05-28,2024-05-27,Road,544,63,3127.96,197061.48,Storm,West,Yes,75.2,BlueDart,Traffic,1,0,1
9240,9024.0,4.3,3.0,2024-04-07,2024-04-10,2024-04-09,Sea,1228,29,2391.51,69353.79,Storm,West,No,99.7,BlueDart,Weather,1,1,1
9241,9303.0,2.7,3.0,2024-04-11,2024-04-14,2024-04-16,Sea,1431,20,3857.63,77152.6,Storm,West,Yes,86.1,FedEx,Customs,0,0,1
9242,3840.0,4.1,8.0,2024-08-14,2024-08-22,2024-08-24,Air,1113,90,4494.18,404476.2,Rainy,Central,Yes,84.6,FedEx,Customs,0,0,1
9243,3274.0,4.6,8.0,2024-06-30,2024-07-08,2024-07-10,Sea,215,53,4717.27,250015.31,Clear,East,No,72.0,DHL,,0,1,0
9244,4434.0,3.3,7.0,2024-06-11,2024-06-18,2024-06-21,Road,277,92,1526.84,140469.28,Clear,East,Yes,81.4,BlueDart,Operational,0,0,1
9245,7259.0,3.1,9.0,2024-09-23,2024-10-02,2024-10-05,Sea,676,56,1992.17,111561.52,Storm,West,No,90.5,Delhivery,Traffic,0,0,1
9246,3388.0,2.8,8.0,2024-09-11,2024-09-19,2024-09-19,Sea,42,88,3458.28,304328.64,Cloudy,East,No,89.0,EcomExpress,Weather,1,0,1
9247,8742.0,4.9,2.0,2024-03-18,2024-03-20,2024-03-22,Air,657,69,4393.95,303182.55,Rainy,East,No,84.9,EcomExpress,Weather,0,0,1
9248,7137.0,3.9,10.0,2024-10-17,2024-10-27,2024-10-28,Sea,715,82,444.81,36474.42,Cloudy,West,Yes,71.0,Delhivery,Operational,0,0,1
9249,6261.0,2.9,2.0,2024-02-08,2024-02-10,2024-02-09,Air,1281,52,3476.08,180756.16,Storm,North,No,88.1,DHL,,1,0,1
9250,3940.0,3.5,2.0,2024-01-28,2024-01-30,2024-01-29,Sea,1106,99,4384.08,434023.92,Rainy,North,No,91.2,FedEx,Traffic,1,1,1
9251,3270.0,2.8,4.0,2024-06-18,2024-06-22,2024-06-24,Air,1143,33,1527.8,50417.4,Clear,North,No,96.1,BlueDart,Operational,0,0,1
9252,2321.0,2.9,10.0,2024-06-09,2024-06-19,2024-06-22,Air,1176,65,296.59,19278.35,Storm,West,Yes,92.0,DHL,Weather,0,1,0
9253,8715.0,4.6,8.0,2024-07-25,2024-08-02,2024-08-04,Sea,791,15,231.67,3475.05,Storm,North,Yes,99.8,Delhivery,,0,0,1
9254,8221.0,3.1,10.0,2024-08-28,2024-09-07,2024-09-10,Road,61,95,4315.18,409942.1,Clear,South,No,85.8,BlueDart,Weather,0,0,1
9255,4800.0,3.9,4.0,2024-03-24,2024-03-28,2024-03-29,Air,849,25,2854.92,71373.0,Clear,Central,Yes,91.2,Delhivery,,0,1,0
9256,8316.0,2.9,5.0,2024-03-16,2024-03-21,2024-03-22,Air,657,91,1349.68,122820.88,Clear,North,No,80.4,BlueDart,Operational,0,1,0
9257,4408.0,4.9,8.0,2024-08-19,2024-08-27,2024-09-01,Sea,779,55,3288.8,180884.0,Clear,Central,No,95.0,BlueDart,Traffic,0,0,1
9258,4447.0,2.7,6.0,2024-07-15,2024-07-21,2024-07-22,Air,53,60,4947.1,296826.0,Storm,East,Yes,94.1,Delhivery,,0,0,1
9259,1602.0,4.7,2.0,2024-07-18,2024-07-20,2024-07-25,Road,738,88,3353.41,295100.08,Rainy,West,Yes,96.7,FedEx,Customs,0,0,1
9260,2454.0,3.5,7.0,2024-09-18,2024-09-25,2024-09-25,Road,317,23,2989.06,68748.38,Clear,South,No,89.1,FedEx,Traffic,1,0,1
9261,6130.0,4.7,6.0,2024-11-11,2024-11-17,2024-11-21,Air,933,30,2595.53,77865.9,Clear,South,No,80.1,DHL,Weather,0,0,1
9262,4436.0,4.7,5.0,2024-06-05,2024-06-10,2024-06-15,Air,372,57,181.62,10352.34,Cloudy,East,No,72.0,EcomExpress,Operational,0,0,1
9263,1674.0,3.1,4.0,2024-01-01,2024-01-05,2024-01-07,Road,1054,8,3576.96,28615.68,Clear,West,Yes,74.2,BlueDart,Customs,0,0,1
9264,5882.0,3.6,8.0,2024-04-11,2024-04-19,2024-04-23,Air,1386,7,2521.71,17651.97,Clear,North,Yes,83.0,FedEx,Weather,0,0,1
9265,9218.0,3.4,4.0,2024-01-03,2024-01-07,2024-01-11,Road,1271,88,2677.02,235577.76,Clear,East,Yes,99.9,FedEx,Operational,0,0,1
9266,7196.0,4.7,2.0,2024-09-16,2024-09-18,2024-09-22,Air,99,3,2914.23,8742.69,Storm,South,Yes,82.5,Delhivery,Customs,0,0,1
9267,6963.0,3.2,9.0,2024-10-31,2024-11-09,2024-11-09,Sea,1278,93,3260.14,303193.02,Rainy,West,Yes,84.8,FedEx,Operational,1,0,1
9268,5972.0,2.8,4.0,2024-11-25,2024-11-29,2024-12-02,Air,890,93,2733.65,254229.45,Cloudy,North,No,85.0,BlueDart,Operational,0,0,1
9269,3013.0,4.8,6.0,2024-10-09,2024-10-15,2024-10-18,Road,513,88,2708.84,238377.92,Cloudy,West,Yes,97.5,DHL,Traffic,0,0,1
9270,1737.0,4.9,10.0,2024-01-04,2024-01-14,2024-01-19,Air,1198,58,3354.28,194548.24,Storm,North,No,94.4,FedEx,Customs,0,0,1
9271,4837.0,3.2,2.0,2024-07-27,2024-07-29,2024-08-03,Sea,756,64,584.66,37418.24,Storm,South,No,93.4,FedEx,Weather,0,1,0
9272,8768.0,4.6,7.0,2024-01-20,2024-01-27,2024-01-27,Road,1472,1,1354.63,1354.63,Storm,Central,Yes,82.1,Delhivery,Weather,1,1,1
9273,2477.0,3.8,10.0,2024-11-06,2024-11-16,2024-11-17,Air,975,63,4334.67,273084.21,Cloudy,South,No,75.0,BlueDart,Traffic,0,0,1
9274,1972.0,3.1,5.0,2024-06-23,2024-06-28,2024-06-30,Air,1383,41,398.33,16331.53,Clear,West,No,78.6,BlueDart,Weather,0,1,0
9275,4624.0,2.6,10.0,2024-11-13,2024-11-23,2024-11-23,Air,994,37,4773.05,176602.85,Storm,West,No,81.5,Delhivery,Customs,1,0,1
9276,1124.0,2.6,6.0,2024-02-11,2024-02-17,2024-02-22,Sea,458,14,1095.14,15331.96,Clear,North,No,92.5,BlueDart,Operational,0,1,0
9277,6368.0,2.9,5.0,2024-06-30,2024-07-05,2024-07-06,Air,344,3,2728.95,8186.85,Storm,South,Yes,94.1,DHL,Traffic,0,1,0
9278,1921.0,3.4,5.0,2024-09-05,2024-09-10,2024-09-15,Air,507,37,4811.96,178042.52,Clear,West,Yes,92.9,FedEx,Traffic,0,0,1
9279,7726.0,4.2,9.0,2024-07-31,2024-08-09,2024-08-09,Air,1030,36,314.4,11318.4,Clear,West,No,91.5,FedEx,,1,0,1
9280,2599.0,5.0,3.0,2024-05-31,2024-06-03,2024-06-04,Air,1425,35,3730.93,130582.55,Cloudy,North,No,95.2,EcomExpress,Customs,0,0,1
9281,4743.0,4.8,4.0,2024-02-21,2024-02-25,2024-02-29,Air,1491,42,2059.64,86504.88,Clear,West,Yes,71.0,DHL,Traffic,0,0,1
9282,3047.0,4.9,4.0,2024-09-07,2024-09-11,2024-09-15,Sea,645,66,979.32,64635.12,Clear,East,Yes,99.7,EcomExpress,Operational,0,1,0
9283,6577.0,4.4,5.0,2024-04-18,2024-04-23,2024-04-28,Air,861,80,3112.52,249001.6,Clear,Central,No,86.3,EcomExpress,Customs,0,0,1
9284,6150.0,2.7,10.0,2024-05-11,2024-05-21,2024-05-26,Sea,553,4,2046.2,8184.8,Rainy,Central,No,72.4,FedEx,,0,1,0
9285,1281.0,3.5,2.0,2024-05-14,2024-05-16,2024-05-20,Road,1268,56,3441.36,192716.16,Cloudy,East,No,95.9,DHL,Operational,0,0,1
9286,6551.0,3.6,8.0,2024-09-21,2024-09-29,2024-09-29,Air,700,40,239.31,9572.4,Rainy,West,Yes,78.7,DHL,Weather,1,1,1
9287,6627.0,4.6,4.0,2024-10-15,2024-10-19,2024-10-24,Sea,111,57,2245.54,127995.78,Rainy,West,Yes,91.0,FedEx,Customs,0,0,1
9288,6034.0,4.2,2.0,2024-02-29,2024-03-02,2024-03-07,Road,193,83,4778.25,396594.75,Clear,East,Yes,80.8,DHL,Customs,0,0,1
9289,6493.0,2.6,2.0,2024-01-13,2024-01-15,2024-01-19,Sea,17,76,3378.63,256775.88,Rainy,East,Yes,79.6,Delhivery,Operational,0,1,0
9290,3759.0,3.2,5.0,2024-05-08,2024-05-13,2024-05-18,Sea,671,70,2529.5,177065.0,Rainy,South,Yes,70.4,Delhivery,Traffic,0,0,1
9291,9387.0,4.6,8.0,2024-01-22,2024-01-30,2024-02-04,Sea,1262,92,3469.97,319237.24,Clear,West,Yes,98.7,EcomExpress,Operational,0,0,1
9292,1265.0,3.4,3.0,2024-02-21,2024-02-24,2024-02-29,Sea,458,99,4471.73,442701.27,Storm,Central,No,71.1,EcomExpress,Weather,0,0,1
9293,3569.0,3.5,8.0,2024-04-05,2024-04-13,2024-04-14,Sea,1279,17,578.27,9830.59,Clear,South,No,79.2,Delhivery,Customs,0,0,1
9294,4674.0,4.0,2.0,2024-05-31,2024-06-02,2024-06-05,Air,1328,35,2142.21,74977.35,Clear,South,No,88.5,DHL,Weather,0,0,1
9295,6391.0,4.2,7.0,2024-05-12,2024-05-19,2024-05-22,Road,133,53,2710.92,143678.76,Cloudy,East,No,97.0,DHL,Operational,0,1,0
9296,4031.0,3.0,7.0,2024-10-27,2024-11-03,2024-11-06,Air,1334,19,1035.39,19672.41,Cloudy,East,Yes,81.3,BlueDart,Operational,0,1,0
9297,9039.0,3.9,7.0,2024-04-13,2024-04-20,2024-04-22,Road,482,60,740.44,44426.4,Storm,West,Yes,81.8,FedEx,Weather,0,1,0
9298,7336.0,3.9,3.0,2024-03-13,2024-03-16,2024-03-20,Sea,291,21,3334.46,70023.66,Rainy,East,No,80.8,DHL,,0,0,1
9299,2726.0,3.6,5.0,2024-02-20,2024-02-25,2024-02-26,Sea,1377,69,1392.57,96087.33,Storm,West,Yes,83.8,Delhivery,Traffic,0,0,1
9300,8821.0,3.7,2.0,2024-03-25,2024-03-27,2024-03-30,Road,1286,91,2343.11,213223.01,Clear,Central,No,82.4,BlueDart,Weather,0,0,1
9301,5880.0,4.7,2.0,2024-10-29,2024-10-31,2024-11-05,Road,32,93,2234.06,207767.58,Cloudy,West,Yes,78.0,Delhivery,Traffic,0,0,1
9302,4195.0,3.4,9.0,2024-09-30,2024-10-09,2024-10-14,Air,134,53,1538.92,81562.76,Clear,West,No,89.0,FedEx,Weather,0,0,1
9303,4680.0,3.5,6.0,2024-04-05,2024-04-11,2024-04-16,Air,1069,55,4673.47,257040.85,Storm,West,Yes,99.6,EcomExpress,,0,0,1
9304,7463.0,3.1,3.0,2024-03-21,2024-03-24,2024-03-28,Air,762,31,3692.5,114467.5,Clear,West,Yes,91.5,Delhivery,,0,0,1
9305,1544.0,4.7,4.0,2024-08-17,2024-08-21,2024-08-25,Road,549,55,4505.55,247805.25,Cloudy,East,Yes,99.6,FedEx,,0,1,0
9306,2774.0,4.3,6.0,2024-02-03,2024-02-09,2024-02-11,Road,695,36,3973.42,143043.12,Cloudy,Central,Yes,98.3,DHL,Operational,0,1,0
9307,2447.0,2.9,9.0,2024-09-23,2024-10-02,2024-10-02,Air,245,47,4243.33,199436.51,Cloudy,West,No,90.5,BlueDart,Operational,1,0,1
9308,5538.0,2.6,4.0,2024-05-27,2024-05-31,2024-06-03,Road,1370,32,1651.4,52844.8,Cloudy,East,Yes,79.5,BlueDart,,0,0,1
9309,7777.0,4.7,7.0,2024-02-10,2024-02-17,2024-02-22,Air,450,49,3452.74,169184.26,Storm,East,No,97.2,DHL,Traffic,0,1,0
9310,9116.0,3.7,8.0,2024-11-10,2024-11-18,2024-11-18,Road,1168,93,1231.99,114575.07,Storm,Central,Yes,86.0,Delhivery,Weather,1,1,1
9311,1457.0,2.5,5.0,2024-05-27,2024-06-01,2024-06-06,Air,745,22,3184.27,70053.94,Clear,West,Yes,88.9,FedEx,Customs,0,0,1
9312,8449.0,4.8,5.0,2024-01-23,2024-01-28,2024-01-27,Road,591,82,3313.3,271690.6,Storm,North,Yes,80.6,EcomExpress,Traffic,1,0,1
9313,5217.0,2.5,2.0,2024-11-15,2024-11-17,2024-11-22,Road,1371,83,2456.81,203915.23,Cloudy,East,No,73.3,Delhivery,Traffic,0,0,1
9314,1370.0,4.7,7.0,2024-02-28,2024-03-06,2024-03-08,Road,1087,1,4924.58,4924.58,Rainy,North,No,94.2,Delhivery,Operational,0,0,1
9315,9114.0,4.6,4.0,2024-07-22,2024-07-26,2024-07-26,Sea,1318,8,2772.3,22178.4,Storm,West,No,96.0,DHL,Operational,1,0,1
9316,3150.0,4.4,3.0,2024-07-26,2024-07-29,2024-08-01,Air,405,68,678.99,46171.32,Storm,North,Yes,85.9,EcomExpress,Operational,0,0,1
9317,2888.0,3.5,3.0,2024-01-14,2024-01-17,2024-01-20,Air,1019,26,4706.19,122360.94,Rainy,North,Yes,99.7,BlueDart,Traffic,0,1,0
9318,6298.0,3.7,9.0,2024-08-04,2024-08-13,2024-08-13,Air,880,92,803.73,73943.16,Cloudy,East,No,82.1,Delhivery,Customs,1,1,1
9319,6393.0,3.5,6.0,2024-02-20,2024-02-26,2024-03-01,Sea,1205,9,2270.17,20431.53,Clear,Central,No,82.5,FedEx,,0,0,1
9320,7472.0,3.6,4.0,2024-01-07,2024-01-11,2024-01-14,Road,1300,51,4854.48,247578.48,Rainy,East,No,83.7,BlueDart,Weather,0,1,0
9321,6898.0,4.6,5.0,2024-04-25,2024-04-30,2024-05-05,Sea,528,24,689.3,16543.2,Storm,West,No,71.4,BlueDart,Operational,0,0,1
9322,5796.0,4.6,10.0,2024-02-08,2024-02-18,2024-02-22,Sea,1487,75,341.93,25644.75,Storm,South,No,85.0,Delhivery,Customs,0,0,1
9323,7941.0,4.5,9.0,2024-09-25,2024-10-04,2024-10-09,Air,963,22,3046.17,67015.74,Rainy,Central,No,97.7,DHL,Customs,0,0,1
9324,1851.0,3.2,9.0,2024-01-12,2024-01-21,2024-01-21,Air,946,100,2402.01,240201.0,Clear,West,No,97.0,FedEx,Weather,1,0,1
9325,7705.0,2.7,6.0,2024-02-16,2024-02-22,2024-02-27,Sea,1140,55,207.78,11427.9,Rainy,West,Yes,79.5,Delhivery,Customs,0,0,1
9326,9173.0,4.9,6.0,2024-01-26,2024-02-01,2024-02-04,Road,227,32,153.16,4901.12,Cloudy,South,Yes,71.5,DHL,Operational,0,0,1
9327,2917.0,4.7,10.0,2024-05-02,2024-05-12,2024-05-11,Air,1383,30,536.51,16095.3,Cloudy,North,Yes,96.4,EcomExpress,Operational,1,0,1
9328,9308.0,3.2,6.0,2024-02-18,2024-02-24,2024-02-24,Sea,391,43,4023.64,173016.52,Storm,North,No,89.9,FedEx,Weather,1,1,1
9329,6546.0,2.9,7.0,2024-06-22,2024-06-29,2024-07-03,Road,1271,43,4405.94,189455.42,Clear,East,Yes,83.0,BlueDart,Traffic,0,1,0
9330,7740.0,3.6,3.0,2024-04-16,2024-04-19,2024-04-24,Road,884,27,1988.98,53702.46,Clear,Central,No,89.8,EcomExpress,Customs,0,0,1
9331,5240.0,4.0,2.0,2024-03-21,2024-03-23,2024-03-24,Road,511,8,2791.24,22329.92,Rainy,North,Yes,79.2,DHL,Operational,0,0,1
9332,3886.0,2.8,10.0,2024-04-02,2024-04-12,2024-04-12,Sea,673,39,3086.75,120383.25,Rainy,North,Yes,93.8,Delhivery,Customs,1,0,1
9333,2971.0,2.7,6.0,2024-02-14,2024-02-20,2024-02-24,Air,1310,92,1135.23,104441.16,Cloudy,South,No,70.9,FedEx,Customs,0,0,1
9334,5827.0,4.6,10.0,2024-11-13,2024-11-23,2024-11-27,Sea,1388,26,739.54,19228.04,Rainy,West,Yes,99.5,BlueDart,Traffic,0,0,1
9335,9688.0,3.1,4.0,2024-08-03,2024-08-07,2024-08-12,Air,1338,2,4984.83,9969.66,Rainy,West,No,89.8,Delhivery,Weather,0,1,0
9336,3212.0,4.0,2.0,2024-06-18,2024-06-20,2024-06-20,Air,673,74,1234.51,91353.74,Storm,Central,Yes,88.9,DHL,,1,0,1
9337,9324.0,3.6,6.0,2024-11-01,2024-11-07,2024-11-07,Road,312,12,1118.91,13426.92,Storm,East,Yes,88.7,BlueDart,,1,0,1
9338,1695.0,4.6,10.0,2024-11-01,2024-11-11,2024-11-14,Road,1351,23,1100.16,25303.68,Clear,East,Yes,89.5,Delhivery,,0,0,1
9339,9441.0,4.7,5.0,2024-09-16,2024-09-21,2024-09-21,Sea,673,93,1989.32,185006.76,Rainy,Central,Yes,98.2,Delhivery,Traffic,1,0,1
9340,7182.0,3.7,5.0,2024-09-23,2024-09-28,2024-09-28,Air,562,53,4047.59,214522.27,Storm,West,No,99.8,FedEx,Customs,1,0,1
9341,3049.0,4.2,8.0,2024-10-22,2024-10-30,2024-11-04,Air,756,76,1921.44,146029.44,Storm,East,No,77.4,Delhivery,Customs,0,0,1
9342,2718.0,2.8,4.0,2024-01-09,2024-01-13,2024-01-14,Road,1284,82,653.5,53587.0,Rainy,West,No,99.9,BlueDart,Customs,0,0,1
9343,7590.0,3.7,10.0,2024-05-30,2024-06-09,2024-06-08,Road,1453,7,3442.63,24098.41,Rainy,East,No,89.2,FedEx,Weather,1,0,1
9344,7011.0,2.5,7.0,2024-05-07,2024-05-14,2024-05-15,Sea,296,19,4812.05,91428.95,Cloudy,East,No,73.3,FedEx,Operational,0,0,1
9345,2411.0,4.6,2.0,2024-03-12,2024-03-14,2024-03-19,Air,1283,87,4982.87,433509.69,Storm,East,Yes,96.0,Delhivery,,0,0,1
9346,9759.0,4.6,10.0,2024-07-16,2024-07-26,2024-07-27,Air,1355,55,3147.29,173100.95,Rainy,South,Yes,70.5,EcomExpress,Customs,0,0,1
9347,6383.0,3.8,10.0,2024-10-26,2024-11-05,2024-11-06,Sea,826,15,725.49,10882.35,Clear,Central,No,80.1,FedEx,Customs,0,1,0
9348,5207.0,2.5,8.0,2024-07-12,2024-07-20,2024-07-23,Road,1118,65,3673.03,238746.95,Storm,West,No,71.8,FedEx,,0,0,1
9349,1248.0,3.8,8.0,2024-07-05,2024-07-13,2024-07-17,Air,579,23,2333.68,53674.64,Rainy,Central,Yes,71.7,FedEx,Traffic,0,0,1
9350,5531.0,4.7,6.0,2024-07-16,2024-07-22,2024-07-21,Road,442,94,4514.12,424327.28,Storm,West,No,84.7,BlueDart,,1,0,1
9351,1156.0,4.5,10.0,2024-02-22,2024-03-03,2024-03-04,Road,1140,87,2342.47,203794.89,Storm,West,No,95.7,DHL,Customs,0,0,1
9352,2483.0,4.0,6.0,2024-06-23,2024-06-29,2024-06-28,Sea,1094,75,1922.39,144179.25,Clear,North,No,72.5,EcomExpress,Traffic,1,1,1
9353,3268.0,3.0,7.0,2024-05-28,2024-06-04,2024-06-03,Road,1084,30,3555.63,106668.9,Rainy,East,No,70.8,EcomExpress,Operational,1,0,1
9354,5788.0,2.9,6.0,2024-01-12,2024-01-18,2024-01-19,Road,80,1,552.93,552.93,Cloudy,North,No,93.3,DHL,Operational,0,0,1
9355,1997.0,3.0,4.0,2024-09-22,2024-09-26,2024-10-01,Air,1076,72,934.06,67252.32,Storm,West,Yes,71.5,EcomExpress,Weather,0,1,0
9356,2513.0,2.7,2.0,2024-02-16,2024-02-18,2024-02-22,Air,1067,64,4502.88,288184.32,Rainy,North,No,77.2,DHL,Traffic,0,0,1
9357,4162.0,2.7,7.0,2024-05-16,2024-05-23,2024-05-22,Sea,730,88,1475.83,129873.04,Cloudy,North,Yes,82.7,DHL,Customs,1,0,1
9358,6820.0,4.6,4.0,2024-08-15,2024-08-19,2024-08-24,Air,89,15,2361.96,35429.4,Storm,South,Yes,72.7,EcomExpress,,0,0,1
9359,9741.0,4.1,3.0,2024-09-02,2024-09-05,2024-09-09,Sea,585,100,699.97,69997.0,Clear,South,No,86.5,Delhivery,Operational,0,0,1
9360,9145.0,4.1,2.0,2024-05-24,2024-05-26,2024-05-30,Sea,916,46,1253.45,57658.7,Clear,East,Yes,82.1,EcomExpress,Operational,0,0,1
9361,3381.0,4.3,8.0,2024-07-21,2024-07-29,2024-07-28,Sea,546,94,4272.59,401623.46,Rainy,South,Yes,84.8,Delhivery,Operational,1,1,1
9362,3522.0,3.6,10.0,2024-05-16,2024-05-26,2024-05-30,Sea,1266,65,2515.69,163519.85,Rainy,West,No,97.2,FedEx,,0,0,1
9363,6960.0,3.0,4.0,2024-05-11,2024-05-15,2024-05-17,Air,1303,90,1613.37,145203.3,Storm,East,No,87.2,EcomExpress,,0,1,0
9364,8060.0,3.6,6.0,2024-02-14,2024-02-20,2024-02-21,Air,823,25,347.71,8692.75,Clear,North,Yes,74.9,Delhivery,Weather,0,0,1
9365,8706.0,3.0,9.0,2024-10-24,2024-11-02,2024-11-07,Air,502,40,3892.6,155704.0,Storm,East,Yes,90.2,DHL,Traffic,0,0,1
9366,7358.0,2.6,9.0,2024-01-30,2024-02-08,2024-02-11,Air,659,53,4550.0,241150.0,Rainy,East,Yes,76.7,FedEx,Customs,0,0,1
9367,2081.0,4.8,7.0,2024-06-22,2024-06-29,2024-06-28,Air,735,20,481.79,9635.8,Rainy,South,Yes,84.6,DHL,Traffic,1,1,1
9368,5274.0,4.6,8.0,2024-10-21,2024-10-29,2024-11-01,Road,1437,27,790.79,21351.33,Storm,East,No,97.2,DHL,,0,0,1
9369,5372.0,3.4,9.0,2024-05-07,2024-05-16,2024-05-18,Sea,686,98,4533.64,444296.72,Cloudy,West,Yes,99.6,BlueDart,Traffic,0,0,1
9370,4124.0,3.2,2.0,2024-07-08,2024-07-10,2024-07-12,Air,1459,67,942.77,63165.59,Storm,North,Yes,85.6,EcomExpress,Operational,0,0,1
9371,9376.0,4.1,7.0,2024-02-16,2024-02-23,2024-02-26,Air,716,36,1770.84,63750.24,Storm,South,Yes,77.1,EcomExpress,Traffic,0,0,1
9372,4189.0,3.4,6.0,2024-10-10,2024-10-16,2024-10-17,Sea,314,30,2080.9,62427.0,Cloudy,South,Yes,89.0,DHL,Customs,0,0,1
9373,6593.0,4.8,4.0,2024-09-02,2024-09-06,2024-09-05,Road,1071,58,3992.59,231570.22,Rainy,North,Yes,89.3,BlueDart,Customs,1,0,1
9374,7083.0,5.0,3.0,2024-07-29,2024-08-01,2024-08-01,Sea,1261,59,4878.83,287850.97,Storm,East,No,74.1,Delhivery,Operational,1,0,1
9375,6747.0,4.9,7.0,2024-07-13,2024-07-20,2024-07-22,Air,657,31,101.25,3138.75,Storm,East,Yes,73.5,BlueDart,Traffic,0,1,0
9376,4494.0,4.7,10.0,2024-09-11,2024-09-21,2024-09-22,Road,1035,29,1376.36,39914.44,Rainy,North,No,73.8,EcomExpress,Operational,0,0,1
9377,2649.0,3.9,8.0,2024-03-27,2024-04-04,2024-04-07,Air,1138,89,384.13,34187.57,Cloudy,South,No,77.5,BlueDart,Operational,0,0,1
9378,4432.0,2.8,7.0,2024-09-10,2024-09-17,2024-09-21,Road,202,100,814.14,81414.0,Storm,Central,No,96.6,BlueDart,Operational,0,0,1
9379,3797.0,4.5,10.0,2024-06-19,2024-06-29,2024-07-02,Road,641,62,2397.01,148614.62,Storm,East,No,95.1,FedEx,Weather,0,0,1
9380,3404.0,4.4,2.0,2024-04-06,2024-04-08,2024-04-11,Sea,456,43,1706.73,73389.39,Cloudy,Central,No,94.0,DHL,Traffic,0,1,0
9381,8722.0,4.6,3.0,2024-01-01,2024-01-04,2024-01-03,Sea,1099,37,1150.71,42576.27,Storm,West,Yes,80.4,Delhivery,Weather,1,0,1
9382,3994.0,4.3,6.0,2024-05-12,2024-05-18,2024-05-21,Road,1193,28,3206.02,89768.56,Rainy,North,No,71.6,Delhivery,Customs,0,1,0
9383,1612.0,3.7,4.0,2024-05-16,2024-05-20,2024-05-21,Sea,556,71,3231.07,229405.97,Cloudy,East,Yes,88.2,BlueDart,,0,0,1
9384,2735.0,4.3,4.0,2024-07-01,2024-07-05,2024-07-09,Road,576,26,4422.61,114987.86,Rainy,Central,No,94.3,EcomExpress,,0,0,1
9385,6904.0,3.6,8.0,2024-03-03,2024-03-11,2024-03-14,Sea,111,100,2857.26,285726.0,Clear,East,Yes,78.3,DHL,Operational,0,1,0
9386,9916.0,4.3,7.0,2024-07-07,2024-07-14,2024-07-14,Road,1255,45,1739.49,78277.05,Clear,East,Yes,70.9,FedEx,Traffic,1,1,1
9387,2780.0,4.5,3.0,2024-02-17,2024-02-20,2024-02-25,Sea,202,84,2817.34,236656.56,Clear,Central,Yes,82.7,BlueDart,,0,1,0
9388,4796.0,4.5,10.0,2024-09-26,2024-10-06,2024-10-11,Air,869,58,233.74,13556.92,Cloudy,East,Yes,71.9,BlueDart,Traffic,0,0,1
9389,4009.0,3.0,4.0,2024-01-11,2024-01-15,2024-01-20,Road,820,75,4737.06,355279.5,Cloudy,North,No,96.9,Delhivery,,0,0,1
9390,3963.0,4.6,9.0,2024-05-06,2024-05-15,2024-05-20,Air,381,97,240.3,23309.1,Storm,East,Yes,75.9,Delhivery,Weather,0,0,1
9391,9948.0,3.7,7.0,2024-05-14,2024-05-21,2024-05-24,Air,45,68,2957.28,201095.04,Rainy,West,No,84.1,EcomExpress,Weather,0,0,1
9392,7700.0,4.6,3.0,2024-08-22,2024-08-25,2024-08-28,Road,69,90,3093.89,278450.1,Clear,South,No,90.4,DHL,Traffic,0,0,1
9393,1084.0,3.7,2.0,2024-11-10,2024-11-12,2024-11-13,Air,231,98,4403.26,431519.48,Rainy,South,Yes,98.9,Delhivery,Customs,0,1,0
9394,4655.0,3.0,8.0,2024-02-25,2024-03-04,2024-03-07,Sea,522,91,1172.21,106671.11,Cloudy,West,No,97.6,Delhivery,Operational,0,1,0
9395,6406.0,4.7,10.0,2024-07-22,2024-08-01,2024-08-06,Sea,399,25,2751.11,68777.75,Rainy,North,Yes,79.8,Delhivery,Customs,0,0,1
9396,3181.0,3.4,5.0,2024-11-09,2024-11-14,2024-11-18,Sea,579,78,3744.13,292042.14,Rainy,Central,Yes,73.2,DHL,Operational,0,1,0
9397,2595.0,4.0,8.0,2024-03-02,2024-03-10,2024-03-11,Air,1187,72,4117.52,296461.44,Clear,South,Yes,92.8,BlueDart,,0,1,0
9398,2057.0,4.9,10.0,2024-05-02,2024-05-12,2024-05-16,Sea,1164,12,2885.81,34629.72,Clear,East,No,96.6,BlueDart,,0,0,1
9399,7360.0,2.5,6.0,2024-09-03,2024-09-09,2024-09-08,Sea,1468,90,1364.07,122766.3,Cloudy,South,Yes,99.4,Delhivery,Traffic,1,0,1
9400,6831.0,3.5,10.0,2024-03-08,2024-03-18,2024-03-18,Sea,448,34,3011.48,102390.32,Storm,North,No,76.1,BlueDart,Customs,1,0,1
9401,5974.0,4.6,6.0,2024-09-14,2024-09-20,2024-09-24,Road,752,2,1165.34,2330.68,Clear,Central,Yes,86.9,DHL,Traffic,0,1,0
9402,4285.0,4.6,2.0,2024-06-05,2024-06-07,2024-06-06,Road,543,88,935.73,82344.24,Rainy,East,No,85.2,Delhivery,Operational,1,0,1
9403,2741.0,3.0,7.0,2024-06-21,2024-06-28,2024-06-30,Road,255,78,1349.22,105239.16,Cloudy,North,Yes,88.3,FedEx,Traffic,0,0,1
9404,8105.0,4.3,9.0,2024-02-08,2024-02-17,2024-02-20,Air,990,40,1793.74,71749.6,Clear,South,No,91.9,EcomExpress,Customs,0,0,1
9405,6398.0,3.1,9.0,2024-03-05,2024-03-14,2024-03-18,Air,404,87,174.54,15184.98,Storm,Central,Yes,90.1,FedEx,Customs,0,0,1
9406,5078.0,4.8,3.0,2024-09-29,2024-10-02,2024-10-04,Air,493,61,241.37,14723.57,Clear,Central,No,77.2,BlueDart,Customs,0,1,0
9407,7734.0,3.5,8.0,2024-01-14,2024-01-22,2024-01-25,Air,671,31,279.72,8671.32,Cloudy,East,No,91.9,FedEx,Customs,0,1,0
9408,8265.0,3.4,2.0,2024-11-25,2024-11-27,2024-12-02,Sea,111,86,4414.49,379646.14,Rainy,West,Yes,86.2,BlueDart,Operational,0,0,1
9409,9814.0,2.7,2.0,2024-02-15,2024-02-17,2024-02-22,Sea,1112,90,3933.04,353973.6,Cloudy,Central,Yes,91.3,Delhivery,Weather,0,0,1
9410,8006.0,4.5,10.0,2024-01-14,2024-01-24,2024-01-25,Road,61,71,983.81,69850.51,Rainy,Central,Yes,94.3,BlueDart,Operational,0,1,0
9411,3032.0,3.0,10.0,2024-11-25,2024-12-05,2024-12-07,Air,503,41,1219.74,50009.34,Clear,South,No,92.7,BlueDart,Traffic,0,0,1
9412,1520.0,3.1,4.0,2024-02-29,2024-03-04,2024-03-03,Road,138,85,3920.78,333266.3,Cloudy,Central,Yes,83.9,BlueDart,Traffic,1,0,1
9413,2012.0,4.1,7.0,2024-01-05,2024-01-12,2024-01-11,Air,315,59,1270.63,74967.17,Cloudy,South,No,85.4,Delhivery,Weather,1,0,1
9414,9961.0,3.5,2.0,2024-03-01,2024-03-03,2024-03-08,Air,1308,69,1521.57,104988.33,Clear,North,No,82.5,BlueDart,Operational,0,0,1
9415,1462.0,4.0,5.0,2024-06-23,2024-06-28,2024-06-30,Air,1326,5,2901.88,14509.4,Rainy,South,No,74.2,BlueDart,Operational,0,1,0
9416,6552.0,3.9,10.0,2024-02-24,2024-03-05,2024-03-08,Air,957,51,1469.01,74919.51,Storm,Central,Yes,73.9,EcomExpress,,0,1,0
9417,5382.0,3.0,4.0,2024-04-17,2024-04-21,2024-04-22,Road,580,23,3867.17,88944.91,Rainy,South,Yes,90.3,FedEx,,0,0,1
9418,9785.0,4.7,8.0,2024-09-02,2024-09-10,2024-09-10,Sea,228,8,4862.23,38897.84,Rainy,North,Yes,98.4,BlueDart,,1,0,1
9419,6661.0,4.9,6.0,2024-01-02,2024-01-08,2024-01-11,Sea,701,81,124.77,10106.37,Storm,North,No,98.6,Delhivery,Operational,0,0,1
9420,8475.0,3.8,9.0,2024-03-25,2024-04-03,2024-04-06,Air,181,81,1258.44,101933.64,Clear,Central,No,72.7,EcomExpress,Weather,0,0,1
9421,7164.0,3.4,10.0,2024-07-07,2024-07-17,2024-07-17,Road,446,31,3593.42,111396.02,Rainy,South,Yes,97.1,DHL,Operational,1,1,1
9422,4792.0,3.1,6.0,2024-05-10,2024-05-16,2024-05-18,Road,390,25,3966.49,99162.25,Storm,Central,No,76.8,BlueDart,Traffic,0,0,1
9423,6414.0,2.9,10.0,2024-06-12,2024-06-22,2024-06-24,Air,381,26,4567.84,118763.84,Clear,Central,Yes,82.7,EcomExpress,Weather,0,0,1
9424,2125.0,5.0,4.0,2024-04-03,2024-04-07,2024-04-06,Road,1391,40,3631.57,145262.8,Storm,East,Yes,95.5,DHL,Weather,1,0,1
9425,6311.0,4.4,4.0,2024-05-16,2024-05-20,2024-05-24,Sea,339,69,1976.63,136387.47,Cloudy,West,Yes,93.1,FedEx,,0,0,1
9426,5494.0,2.6,2.0,2024-11-22,2024-11-24,2024-11-25,Air,223,43,3048.61,131090.23,Cloudy,East,Yes,85.9,DHL,Customs,0,0,1
9427,7144.0,2.5,3.0,2024-09-03,2024-09-06,2024-09-05,Sea,1405,12,137.52,1650.24,Storm,Central,Yes,73.0,Delhivery,Operational,1,0,1
9428,4978.0,2.6,8.0,2024-07-16,2024-07-24,2024-07-27,Sea,1150,60,1983.84,119030.4,Rainy,Central,Yes,97.8,DHL,Operational,0,0,1
9429,6272.0,5.0,6.0,2024-05-14,2024-05-20,2024-05-21,Road,1454,59,1742.75,102822.25,Cloudy,East,No,74.3,FedEx,Customs,0,0,1
9430,7323.0,3.5,3.0,2024-05-01,2024-05-04,2024-05-07,Sea,834,90,4428.27,398544.3,Rainy,Central,No,75.6,DHL,Weather,0,0,1
9431,4410.0,4.4,4.0,2024-11-24,2024-11-28,2024-11-30,Air,583,33,4486.07,148040.31,Clear,South,Yes,84.6,EcomExpress,Customs,0,1,0
9432,3389.0,4.8,6.0,2024-04-11,2024-04-17,2024-04-21,Sea,1255,1,2448.92,2448.92,Storm,West,No,70.8,BlueDart,,0,0,1
9433,4694.0,2.9,5.0,2024-05-11,2024-05-16,2024-05-19,Air,746,88,4068.52,358029.76,Cloudy,East,No,90.4,FedEx,Weather,0,1,0
9434,6557.0,4.3,7.0,2024-07-13,2024-07-20,2024-07-19,Road,1295,61,2395.21,146107.81,Rainy,Central,Yes,70.5,EcomExpress,Traffic,1,1,1
9435,1040.0,4.2,4.0,2024-08-01,2024-08-05,2024-08-05,Road,765,51,205.5,10480.5,Storm,West,No,96.3,EcomExpress,Weather,1,0,1
9436,1852.0,4.5,3.0,2024-10-28,2024-10-31,2024-10-31,Road,403,43,4810.4,206847.2,Clear,East,Yes,93.4,DHL,Operational,1,0,1
9437,3612.0,4.1,10.0,2024-02-06,2024-02-16,2024-02-20,Air,652,36,3192.22,114919.92,Storm,North,Yes,97.6,Delhivery,Traffic,0,0,1
9438,7976.0,2.9,4.0,2024-08-13,2024-08-17,2024-08-18,Road,52,91,4633.43,421642.13,Clear,North,No,94.7,FedEx,Traffic,0,0,1
9439,8158.0,4.5,9.0,2024-03-24,2024-04-02,2024-04-03,Road,1271,84,321.23,26983.32,Cloudy,North,Yes,73.1,FedEx,Traffic,0,1,0
9440,1641.0,4.8,2.0,2024-05-27,2024-05-29,2024-06-01,Air,1298,49,1438.07,70465.43,Clear,East,No,79.4,BlueDart,Operational,0,0,1
9441,7423.0,4.5,10.0,2024-08-17,2024-08-27,2024-09-01,Road,1260,67,4261.45,285517.15,Storm,North,No,78.8,Delhivery,Weather,0,1,0
9442,2933.0,3.3,10.0,2024-08-18,2024-08-28,2024-08-31,Road,1292,97,4958.28,480953.16,Clear,East,No,71.5,Delhivery,Customs,0,1,0
9443,7974.0,3.7,2.0,2024-08-14,2024-08-16,2024-08-17,Air,800,2,3644.67,7289.34,Rainy,West,No,96.3,EcomExpress,,0,0,1
9444,4323.0,2.5,5.0,2024-09-10,2024-09-15,2024-09-17,Road,195,1,3459.95,3459.95,Clear,East,Yes,99.3,EcomExpress,,0,0,1
9445,8850.0,4.2,9.0,2024-09-26,2024-10-05,2024-10-06,Road,696,12,1467.41,17608.92,Cloudy,Central,No,94.8,FedEx,Operational,0,0,1
9446,7492.0,3.9,3.0,2024-06-09,2024-06-12,2024-06-13,Sea,53,13,1256.6,16335.8,Storm,North,Yes,70.4,BlueDart,Operational,0,1,0
9447,6823.0,2.8,5.0,2024-08-15,2024-08-20,2024-08-19,Air,885,66,439.64,29016.24,Cloudy,North,Yes,96.9,EcomExpress,Customs,1,0,1
9448,3659.0,3.6,7.0,2024-02-03,2024-02-10,2024-02-14,Road,419,23,4631.79,106531.17,Cloudy,South,No,76.7,DHL,Weather,0,1,0
9449,6967.0,3.5,2.0,2024-06-04,2024-06-06,2024-06-10,Road,402,72,4480.31,322582.32,Rainy,Central,No,79.6,DHL,Operational,0,0,1
9450,1006.0,3.0,9.0,2024-02-08,2024-02-17,2024-02-17,Sea,471,75,1876.51,140738.25,Storm,North,No,97.4,Delhivery,,1,0,1
9451,5802.0,3.8,9.0,2024-08-15,2024-08-24,2024-08-25,Air,1337,33,157.43,5195.19,Clear,North,Yes,81.1,FedEx,Weather,0,0,1
9452,9892.0,3.2,4.0,2024-09-09,2024-09-13,2024-09-15,Road,1177,22,4835.1,106372.2,Clear,Central,Yes,76.0,EcomExpress,,0,0,1
9453,9823.0,4.7,8.0,2024-07-13,2024-07-21,2024-07-24,Sea,474,12,850.63,10207.56,Storm,East,No,79.9,BlueDart,Traffic,0,1,0
9454,3955.0,3.2,8.0,2024-01-28,2024-02-05,2024-02-04,Road,1247,50,1179.72,58986.0,Clear,Central,Yes,89.2,Delhivery,Weather,1,1,1
9455,9997.0,2.6,8.0,2024-08-31,2024-09-08,2024-09-08,Road,677,87,3025.32,263202.84,Rainy,East,Yes,97.1,FedEx,Traffic,1,1,1
9456,4559.0,2.7,3.0,2024-05-14,2024-05-17,2024-05-22,Road,687,87,3461.02,301108.74,Storm,North,Yes,89.0,FedEx,Weather,0,0,1
9457,6561.0,3.1,4.0,2024-05-14,2024-05-18,2024-05-19,Sea,994,45,1690.77,76084.65,Rainy,North,No,83.8,DHL,,0,0,1
9458,3896.0,3.6,6.0,2024-04-22,2024-04-28,2024-04-27,Sea,1115,49,2386.4,116933.6,Storm,West,Yes,88.2,BlueDart,Weather,1,0,1
9459,4135.0,5.0,6.0,2024-06-09,2024-06-15,2024-06-15,Road,1055,34,2422.42,82362.28,Rainy,West,No,96.9,DHL,Weather,1,1,1
9460,5191.0,4.8,5.0,2024-04-16,2024-04-21,2024-04-24,Road,1407,21,4651.47,97680.87,Cloudy,Central,Yes,87.6,EcomExpress,Operational,0,0,1
9461,4324.0,2.9,9.0,2024-08-18,2024-08-27,2024-09-01,Road,1428,26,4936.44,128347.44,Cloudy,East,No,91.8,EcomExpress,Traffic,0,1,0
9462,6496.0,3.4,3.0,2024-04-24,2024-04-27,2024-04-28,Road,1443,58,119.45,6928.1,Rainy,East,Yes,88.9,EcomExpress,,0,0,1
9463,1919.0,4.9,7.0,2024-03-17,2024-03-24,2024-03-28,Air,689,23,3747.11,86183.53,Rainy,Central,Yes,91.1,DHL,Traffic,0,1,0
9464,6786.0,4.6,5.0,2024-01-28,2024-02-02,2024-02-06,Air,682,46,3907.53,179746.38,Cloudy,Central,No,93.7,BlueDart,Customs,0,1,0
9465,1535.0,3.1,4.0,2024-03-14,2024-03-18,2024-03-23,Road,459,74,4649.63,344072.62,Rainy,South,No,96.4,BlueDart,Customs,0,0,1
9466,5140.0,3.3,9.0,2024-10-19,2024-10-28,2024-10-29,Road,897,66,4944.76,326354.16,Rainy,East,Yes,95.0,EcomExpress,Traffic,0,1,0
9467,7096.0,4.6,9.0,2024-03-26,2024-04-04,2024-04-03,Road,329,52,2211.03,114973.56,Clear,South,Yes,80.7,BlueDart,Customs,1,0,1
9468,7933.0,3.2,6.0,2024-11-05,2024-11-11,2024-11-10,Sea,586,86,4716.35,405606.1,Clear,East,No,89.6,DHL,Customs,1,0,1
9469,4196.0,3.7,9.0,2024-07-11,2024-07-20,2024-07-21,Air,927,88,3317.47,291937.36,Rainy,Central,Yes,71.4,EcomExpress,Traffic,0,0,1
9470,3536.0,4.0,9.0,2024-07-21,2024-07-30,2024-08-04,Air,214,53,4930.33,261307.49,Storm,Central,No,78.8,EcomExpress,Traffic,0,1,0
9471,3397.0,4.2,10.0,2024-03-02,2024-03-12,2024-03-12,Sea,1115,40,120.11,4804.4,Clear,South,No,84.2,Delhivery,Weather,1,1,1
9472,5971.0,5.0,5.0,2024-07-19,2024-07-24,2024-07-28,Road,44,35,494.72,17315.2,Rainy,Central,Yes,79.5,Delhivery,Customs,0,0,1
9473,4467.0,3.0,7.0,2024-05-03,2024-05-10,2024-05-11,Road,164,42,2251.58,94566.36,Rainy,North,Yes,72.7,DHL,Customs,0,0,1
9474,1511.0,2.7,10.0,2024-01-09,2024-01-19,2024-01-24,Air,286,8,2739.2,21913.6,Clear,Central,No,95.7,FedEx,Customs,0,0,1
9475,4598.0,2.6,5.0,2024-09-14,2024-09-19,2024-09-22,Road,487,58,3761.21,218150.18,Storm,North,Yes,97.6,FedEx,,0,1,0
9476,9481.0,5.0,9.0,2024-05-17,2024-05-26,2024-05-28,Road,242,74,4553.59,336965.66,Clear,East,Yes,83.6,DHL,Customs,0,0,1
9477,6102.0,4.0,2.0,2024-05-03,2024-05-05,2024-05-07,Sea,558,79,2370.59,187276.61,Storm,West,No,95.4,BlueDart,Traffic,0,0,1
9478,7462.0,3.8,3.0,2024-05-20,2024-05-23,2024-05-25,Air,527,53,2857.58,151451.74,Clear,Central,No,82.7,Delhivery,Operational,0,0,1
9479,8180.0,4.3,3.0,2024-01-25,2024-01-28,2024-01-29,Air,1379,89,2134.19,189942.91,Storm,South,No,79.1,Delhivery,Traffic,0,0,1
9480,6746.0,3.4,8.0,2024-08-10,2024-08-18,2024-08-17,Air,769,18,4257.39,76633.02,Rainy,North,Yes,72.4,EcomExpress,Customs,1,1,1
9481,9383.0,3.2,5.0,2024-10-22,2024-10-27,2024-10-29,Road,1294,60,1051.44,63086.4,Storm,South,Yes,87.8,DHL,Weather,0,0,1
9482,3129.0,4.2,3.0,2024-02-26,2024-02-29,2024-03-04,Sea,1167,16,1789.38,28630.08,Storm,East,Yes,75.8,DHL,,0,0,1
9483,2610.0,5.0,7.0,2024-05-21,2024-05-28,2024-05-29,Road,485,77,3093.23,238178.71,Rainy,East,Yes,76.0,DHL,,0,0,1
9484,3227.0,4.0,6.0,2024-05-19,2024-05-25,2024-05-27,Air,1374,55,2473.16,136023.8,Cloudy,West,Yes,84.6,BlueDart,,0,1,0
9485,9735.0,2.6,4.0,2024-05-12,2024-05-16,2024-05-15,Road,1360,85,1138.81,96798.85,Cloudy,South,No,93.3,DHL,Operational,1,1,1
9486,3858.0,3.1,3.0,2024-05-28,2024-05-31,2024-05-31,Road,156,61,376.01,22936.61,Storm,North,Yes,84.4,BlueDart,Operational,1,0,1
9487,1038.0,2.7,4.0,2024-05-12,2024-05-16,2024-05-16,Road,1175,20,108.25,2165.0,Clear,East,Yes,72.5,EcomExpress,,1,1,1
9488,5296.0,2.5,7.0,2024-05-10,2024-05-17,2024-05-21,Road,515,3,2079.08,6237.24,Rainy,West,No,85.4,BlueDart,,0,0,1
9489,8623.0,4.8,5.0,2024-02-02,2024-02-07,2024-02-10,Road,719,20,2739.83,54796.6,Cloudy,East,No,99.8,FedEx,Customs,0,0,1
9490,7719.0,2.6,5.0,2024-08-27,2024-09-01,2024-09-03,Air,67,22,320.05,7041.1,Clear,South,Yes,83.6,EcomExpress,,0,0,1
9491,8936.0,3.4,9.0,2024-06-07,2024-06-16,2024-06-15,Air,282,11,3444.48,37889.28,Rainy,South,No,86.2,DHL,Operational,1,0,1
9492,1196.0,4.2,5.0,2024-08-31,2024-09-05,2024-09-04,Road,544,79,1088.85,86019.15,Storm,Central,Yes,99.4,Delhivery,Operational,1,1,1
9493,7207.0,3.3,5.0,2024-01-17,2024-01-22,2024-01-22,Sea,86,45,1048.15,47166.75,Cloudy,East,Yes,88.8,EcomExpress,,1,0,1
9494,9176.0,3.1,8.0,2024-10-08,2024-10-16,2024-10-18,Road,1067,10,2956.68,29566.8,Clear,East,Yes,97.4,Delhivery,Customs,0,0,1
9495,3318.0,4.0,4.0,2024-08-31,2024-09-04,2024-09-04,Air,1081,95,1877.16,178330.2,Storm,East,Yes,89.9,EcomExpress,Traffic,1,1,1
9496,6301.0,3.1,3.0,2024-01-18,2024-01-21,2024-01-20,Air,396,61,2781.58,169676.38,Cloudy,South,Yes,70.3,Delhivery,Customs,1,0,1
9497,2326.0,4.6,6.0,2024-11-11,2024-11-17,2024-11-16,Air,1019,77,3753.74,289037.98,Cloudy,East,No,79.9,BlueDart,,1,0,1
9498,8107.0,4.1,4.0,2024-07-15,2024-07-19,2024-07-19,Sea,1265,38,3310.86,125812.68,Cloudy,Central,No,89.4,EcomExpress,,1,0,1
9499,1634.0,4.7,5.0,2024-11-03,2024-11-08,2024-11-13,Road,891,76,3373.59,256392.84,Clear,Central,No,79.6,FedEx,Weather,0,1,0
9500,2287.0,4.9,2.0,2024-01-17,2024-01-19,2024-01-18,Road,1355,65,2920.92,189859.8,Storm,West,Yes,89.6,BlueDart,Traffic,1,0,1
9501,7485.0,2.7,4.0,2024-02-09,2024-02-13,2024-02-12,Air,238,24,505.71,12137.04,Clear,North,Yes,83.2,EcomExpress,,1,0,1
9502,2585.0,4.6,7.0,2024-10-31,2024-11-07,2024-11-09,Road,1390,61,4993.98,304632.78,Rainy,North,Yes,94.6,FedEx,Weather,0,0,1
9503,5808.0,3.1,7.0,2024-11-08,2024-11-15,2024-11-15,Road,1024,93,642.13,59718.09,Clear,North,Yes,83.3,Delhivery,,1,0,1
9504,2434.0,2.6,4.0,2024-11-02,2024-11-06,2024-11-08,Air,1245,17,3223.48,54799.16,Clear,Central,No,70.7,EcomExpress,Weather,0,1,0
9505,2884.0,4.8,8.0,2024-08-14,2024-08-22,2024-08-23,Road,614,65,622.28,40448.2,Storm,East,No,72.1,Delhivery,Customs,0,0,1
9506,9955.0,5.0,8.0,2024-04-21,2024-04-29,2024-04-28,Road,1266,23,1573.62,36193.26,Storm,South,No,81.7,Delhivery,,1,1,1
9507,9754.0,3.1,9.0,2024-03-29,2024-04-07,2024-04-10,Road,1096,55,2627.5,144512.5,Storm,South,Yes,91.8,BlueDart,Operational,0,0,1
9508,8358.0,4.4,8.0,2024-05-16,2024-05-24,2024-05-24,Sea,1030,86,3750.48,322541.28,Cloudy,North,No,79.6,Delhivery,Operational,1,0,1
9509,6591.0,3.5,2.0,2024-07-07,2024-07-09,2024-07-10,Air,119,74,2093.08,154887.92,Storm,South,Yes,77.8,EcomExpress,,0,1,0
9510,1547.0,3.8,4.0,2024-03-07,2024-03-11,2024-03-15,Sea,421,22,2133.28,46932.16,Cloudy,West,Yes,90.7,BlueDart,,0,0,1
9511,7556.0,3.5,5.0,2024-09-05,2024-09-10,2024-09-15,Road,334,23,737.0,16951.0,Storm,South,Yes,85.4,Delhivery,Customs,0,0,1
9512,5053.0,3.6,2.0,2024-04-18,2024-04-20,2024-04-24,Sea,503,87,4575.8,398094.6,Rainy,Central,No,75.4,FedEx,Weather,0,0,1
9513,4471.0,3.3,9.0,2024-11-03,2024-11-12,2024-11-16,Air,1241,9,1303.78,11734.02,Rainy,South,No,96.0,BlueDart,Weather,0,1,0
9514,4008.0,4.4,6.0,2024-08-02,2024-08-08,2024-08-07,Air,530,64,3826.86,244919.04,Clear,West,No,97.7,FedEx,Operational,1,0,1
9515,6453.0,2.7,3.0,2024-02-28,2024-03-02,2024-03-01,Air,1068,13,2971.77,38633.01,Clear,North,Yes,93.4,EcomExpress,Weather,1,0,1
9516,3889.0,3.0,5.0,2024-09-06,2024-09-11,2024-09-15,Road,87,98,349.25,34226.5,Rainy,East,Yes,99.6,DHL,Operational,0,0,1
9517,3999.0,3.7,8.0,2024-09-12,2024-09-20,2024-09-21,Sea,665,30,1279.03,38370.9,Storm,South,Yes,88.8,BlueDart,Weather,0,0,1
9518,9016.0,2.9,9.0,2024-05-21,2024-05-30,2024-06-01,Air,667,87,2018.96,175649.52,Cloudy,West,Yes,82.8,EcomExpress,Weather,0,0,1
9519,6879.0,3.8,4.0,2024-06-07,2024-06-11,2024-06-15,Road,935,22,4225.57,92962.54,Rainy,West,No,87.8,DHL,,0,0,1
9520,4329.0,4.9,3.0,2024-08-13,2024-08-16,2024-08-17,Sea,848,84,2343.92,196889.28,Rainy,South,No,93.1,BlueDart,Operational,0,0,1
9521,2877.0,3.3,6.0,2024-01-16,2024-01-22,2024-01-25,Air,373,13,1423.55,18506.15,Rainy,East,Yes,76.6,EcomExpress,Customs,0,0,1
9522,5844.0,3.1,6.0,2024-01-09,2024-01-15,2024-01-17,Road,1415,38,2919.94,110957.72,Clear,East,No,99.0,BlueDart,Customs,0,0,1
9523,6574.0,4.8,5.0,2024-11-14,2024-11-19,2024-11-20,Sea,878,78,3842.0,299676.0,Clear,Central,No,98.5,FedEx,,0,0,1
9524,6310.0,4.1,4.0,2024-03-28,2024-04-01,2024-04-06,Air,1146,77,3595.4,276845.8,Rainy,Central,No,77.7,FedEx,Weather,0,0,1
9525,1886.0,4.4,7.0,2024-01-14,2024-01-21,2024-01-23,Sea,1213,30,2186.14,65584.2,Clear,South,Yes,81.2,Delhivery,,0,1,0
9526,9478.0,3.1,10.0,2024-02-12,2024-02-22,2024-02-21,Air,299,1,4393.47,4393.47,Rainy,Central,No,97.5,DHL,Weather,1,0,1
9527,1269.0,2.6,2.0,2024-01-08,2024-01-10,2024-01-12,Road,271,6,4608.64,27651.84,Clear,West,Yes,82.8,Delhivery,,0,0,1
9528,5510.0,4.2,5.0,2024-07-09,2024-07-14,2024-07-18,Road,1406,32,2058.43,65869.76,Storm,Central,No,80.9,BlueDart,Traffic,0,0,1
9529,8491.0,3.7,6.0,2024-02-09,2024-02-15,2024-02-16,Road,784,6,1701.47,10208.82,Clear,Central,No,85.0,FedEx,Traffic,0,0,1
9530,2074.0,3.6,6.0,2024-11-06,2024-11-12,2024-11-13,Road,163,70,2799.05,195933.5,Rainy,East,No,89.4,BlueDart,Traffic,0,0,1
9531,1908.0,4.4,3.0,2024-07-09,2024-07-12,2024-07-17,Sea,1080,35,3786.97,132543.95,Clear,Central,Yes,85.7,Delhivery,Customs,0,0,1
9532,3161.0,4.2,2.0,2024-08-08,2024-08-10,2024-08-10,Road,240,45,526.8,23706.0,Storm,East,No,80.2,BlueDart,,1,0,1
9533,5682.0,3.7,9.0,2024-01-22,2024-01-31,2024-02-03,Air,763,47,1870.03,87891.41,Rainy,East,Yes,84.1,BlueDart,Customs,0,0,1
9534,5635.0,4.4,10.0,2024-10-08,2024-10-18,2024-10-22,Air,582,25,4791.34,119783.5,Storm,East,Yes,87.8,DHL,Weather,0,0,1
9535,5160.0,4.3,3.0,2024-07-26,2024-07-29,2024-07-29,Air,1328,96,1846.73,177286.08,Cloudy,Central,No,74.5,Delhivery,,1,0,1
9536,5953.0,4.5,4.0,2024-05-11,2024-05-15,2024-05-15,Road,452,23,1161.81,26721.63,Storm,South,No,73.7,Delhivery,Operational,1,1,1
9537,4995.0,4.3,4.0,2024-07-02,2024-07-06,2024-07-07,Sea,1184,32,4780.7,152982.4,Rainy,South,Yes,82.6,BlueDart,Traffic,0,0,1
9538,4817.0,3.4,5.0,2024-02-06,2024-02-11,2024-02-16,Road,733,25,3248.76,81219.0,Storm,South,No,82.8,Delhivery,Traffic,0,0,1
9539,7779.0,4.7,10.0,2024-10-10,2024-10-20,2024-10-19,Sea,101,90,3036.84,273315.6,Rainy,Central,No,98.3,FedEx,Customs,1,0,1
9540,9362.0,3.6,3.0,2024-08-19,2024-08-22,2024-08-22,Road,462,93,1193.71,111015.03,Storm,East,No,86.4,BlueDart,,1,0,1
9541,6358.0,2.8,2.0,2024-03-29,2024-03-31,2024-04-03,Air,757,33,3401.68,112255.44,Rainy,East,No,77.0,BlueDart,Customs,0,0,1
9542,2593.0,4.4,8.0,2024-05-17,2024-05-25,2024-05-24,Sea,785,98,1000.93,98091.14,Clear,East,No,89.1,Delhivery,Customs,1,0,1
9543,4250.0,2.6,8.0,2024-06-23,2024-07-01,2024-07-01,Air,822,67,2978.48,199558.16,Rainy,East,Yes,98.3,DHL,Operational,1,1,1
9544,7101.0,4.4,8.0,2024-06-20,2024-06-28,2024-07-03,Air,968,61,145.41,8870.01,Storm,Central,No,77.7,DHL,Operational,0,0,1
9545,2665.0,3.1,9.0,2024-06-17,2024-06-26,2024-06-28,Sea,546,29,1087.7,31543.3,Rainy,South,Yes,92.4,BlueDart,Customs,0,0,1
9546,8627.0,4.5,6.0,2024-10-03,2024-10-09,2024-10-09,Air,1327,29,3135.21,90921.09,Storm,West,Yes,70.5,DHL,,1,0,1
9547,4593.0,3.1,7.0,2024-10-02,2024-10-09,2024-10-09,Air,632,99,4950.92,490141.08,Storm,Central,No,99.8,Delhivery,Operational,1,0,1
9548,9466.0,3.5,10.0,2024-04-17,2024-04-27,2024-04-26,Sea,690,17,2268.28,38560.76,Cloudy,North,No,98.1,BlueDart,Weather,1,0,1
9549,2541.0,2.6,10.0,2024-01-05,2024-01-15,2024-01-18,Air,1405,12,3513.21,42158.52,Clear,East,Yes,80.5,BlueDart,Customs,0,0,1
9550,4988.0,2.9,2.0,2024-01-10,2024-01-12,2024-01-16,Air,577,97,3646.7,353729.9,Clear,East,No,96.9,FedEx,,0,0,1
9551,5873.0,4.2,2.0,2024-04-28,2024-04-30,2024-05-02,Sea,892,65,182.19,11842.35,Cloudy,North,No,89.8,BlueDart,Weather,0,1,0
9552,5790.0,2.7,3.0,2024-05-20,2024-05-23,2024-05-27,Sea,691,88,2056.54,180975.52,Rainy,East,Yes,76.9,DHL,Operational,0,0,1
9553,8093.0,3.6,2.0,2024-06-15,2024-06-17,2024-06-22,Road,1369,8,2653.65,21229.2,Rainy,South,No,71.4,DHL,Customs,0,1,0
9554,1070.0,4.6,3.0,2024-10-03,2024-10-06,2024-10-09,Sea,460,78,4662.5,363675.0,Clear,West,No,95.6,BlueDart,Traffic,0,0,1
9555,3199.0,3.5,2.0,2024-10-18,2024-10-20,2024-10-21,Sea,744,15,1539.16,23087.4,Cloudy,West,Yes,76.8,EcomExpress,Customs,0,0,1
9556,3029.0,2.6,4.0,2024-03-05,2024-03-09,2024-03-11,Sea,140,83,656.27,54470.41,Cloudy,West,No,74.8,DHL,Customs,0,0,1
9557,9559.0,4.3,5.0,2024-01-15,2024-01-20,2024-01-23,Road,1289,45,4553.08,204888.6,Storm,West,Yes,77.4,BlueDart,Weather,0,0,1
9558,7587.0,3.0,10.0,2024-05-25,2024-06-04,2024-06-08,Air,1352,73,1876.55,136988.15,Storm,East,Yes,76.0,BlueDart,Operational,0,1,0
9559,3775.0,3.3,4.0,2024-11-22,2024-11-26,2024-11-26,Sea,371,86,1496.76,128721.36,Cloudy,East,No,70.6,FedEx,Weather,1,0,1
9560,1034.0,4.2,5.0,2024-03-31,2024-04-05,2024-04-09,Sea,580,84,2110.64,177293.76,Rainy,East,No,71.1,BlueDart,Traffic,0,1,0
9561,2969.0,3.7,7.0,2024-05-21,2024-05-28,2024-05-31,Sea,648,57,1904.15,108536.55,Clear,East,Yes,82.8,FedEx,Customs,0,0,1
9562,6480.0,4.7,7.0,2024-02-06,2024-02-13,2024-02-13,Road,118,74,2227.6,164842.4,Clear,North,No,98.2,BlueDart,,1,0,1
9563,6953.0,4.4,4.0,2024-03-27,2024-03-31,2024-04-01,Sea,575,39,1109.3,43262.7,Storm,East,No,99.8,BlueDart,Operational,0,0,1
9564,6316.0,4.6,10.0,2024-09-24,2024-10-04,2024-10-05,Road,1252,64,755.18,48331.52,Rainy,North,No,89.8,DHL,Weather,0,0,1
9565,7185.0,3.5,10.0,2024-01-14,2024-01-24,2024-01-29,Sea,1333,6,3435.89,20615.34,Storm,South,No,94.0,BlueDart,,0,1,0
9566,4585.0,4.2,6.0,2024-04-17,2024-04-23,2024-04-25,Air,936,88,3057.63,269071.44,Rainy,West,Yes,85.3,FedEx,Weather,0,0,1
9567,8031.0,2.9,10.0,2024-01-22,2024-02-01,2024-02-01,Sea,1153,87,2361.75,205472.25,Cloudy,Central,No,74.0,FedEx,Weather,1,0,1
9568,5425.0,4.9,5.0,2024-04-26,2024-05-01,2024-05-06,Sea,457,63,490.45,30898.35,Clear,East,No,92.3,EcomExpress,,0,0,1
9569,5701.0,4.2,6.0,2024-01-11,2024-01-17,2024-01-21,Air,700,29,769.73,22322.17,Clear,South,Yes,98.7,Delhivery,Operational,0,0,1
9570,7132.0,4.9,10.0,2024-09-11,2024-09-21,2024-09-22,Road,676,21,166.15,3489.15,Storm,East,No,72.7,EcomExpress,Operational,0,0,1
9571,9813.0,4.0,10.0,2024-05-10,2024-05-20,2024-05-24,Sea,1284,87,2514.69,218778.03,Storm,Central,Yes,92.1,EcomExpress,Weather,0,0,1
9572,5417.0,3.5,9.0,2024-04-20,2024-04-29,2024-04-30,Sea,1379,48,1170.07,56163.36,Cloudy,South,Yes,92.1,DHL,Weather,0,1,0
9573,4007.0,3.1,10.0,2024-10-18,2024-10-28,2024-10-27,Sea,402,99,2096.51,207554.49,Storm,East,Yes,71.7,BlueDart,Customs,1,0,1
9574,7837.0,3.4,5.0,2024-03-02,2024-03-07,2024-03-12,Sea,70,70,716.56,50159.2,Clear,East,Yes,80.2,FedEx,,0,1,0
9575,1147.0,4.6,8.0,2024-03-20,2024-03-28,2024-03-30,Air,532,55,1463.27,80479.85,Clear,West,No,93.6,BlueDart,Customs,0,0,1
9576,4231.0,3.7,4.0,2024-02-15,2024-02-19,2024-02-20,Road,1080,46,2718.81,125065.26,Storm,East,Yes,78.0,BlueDart,Traffic,0,0,1
9577,1974.0,2.7,7.0,2024-02-08,2024-02-15,2024-02-17,Road,274,54,4835.07,261093.78,Storm,South,Yes,72.0,BlueDart,,0,0,1
9578,7333.0,3.7,4.0,2024-07-09,2024-07-13,2024-07-18,Sea,909,83,3064.52,254355.16,Rainy,East,Yes,95.8,DHL,Weather,0,0,1
9579,2312.0,4.7,5.0,2024-09-28,2024-10-03,2024-10-04,Air,1440,89,3448.47,306913.83,Storm,West,No,71.4,FedEx,Customs,0,1,0
9580,9764.0,4.1,6.0,2024-07-28,2024-08-03,2024-08-04,Road,1139,89,1862.7,165780.3,Rainy,North,No,79.2,BlueDart,Customs,0,1,0
9581,7819.0,4.1,6.0,2024-05-14,2024-05-20,2024-05-19,Sea,121,30,1366.19,40985.7,Cloudy,North,No,98.8,EcomExpress,,1,0,1
9582,4093.0,4.5,7.0,2024-09-30,2024-10-07,2024-10-09,Sea,320,41,2836.33,116289.53,Storm,East,No,91.2,EcomExpress,Operational,0,0,1
9583,8187.0,3.1,4.0,2024-01-19,2024-01-23,2024-01-26,Air,66,73,2000.19,146013.87,Clear,West,No,76.4,DHL,Weather,0,0,1
9584,7346.0,2.7,4.0,2024-07-24,2024-07-28,2024-07-30,Sea,255,83,4149.49,344407.67,Cloudy,West,Yes,71.6,EcomExpress,Customs,0,0,1
9585,8250.0,3.1,8.0,2024-08-08,2024-08-16,2024-08-18,Air,405,43,4720.31,202973.33,Cloudy,South,No,96.1,EcomExpress,Traffic,0,0,1
9586,6040.0,3.8,9.0,2024-06-30,2024-07-09,2024-07-12,Road,808,47,3554.16,167045.52,Clear,South,No,70.5,DHL,,0,1,0
9587,7225.0,3.9,5.0,2024-04-14,2024-04-19,2024-04-19,Road,86,74,294.08,21761.92,Storm,West,Yes,73.5,BlueDart,,1,1,1
9588,2317.0,2.6,7.0,2024-03-24,2024-03-31,2024-03-30,Road,367,34,2334.86,79385.24,Storm,Central,No,98.8,EcomExpress,Weather,1,1,1
9589,9048.0,3.9,10.0,2024-02-13,2024-02-23,2024-02-26,Sea,1392,56,2833.53,158677.68,Cloudy,East,Yes,82.8,Delhivery,Traffic,0,0,1
9590,2041.0,3.0,3.0,2024-09-18,2024-09-21,2024-09-25,Air,611,81,4923.43,398797.83,Clear,West,Yes,87.1,EcomExpress,Operational,0,0,1
9591,1539.0,3.2,2.0,2024-05-23,2024-05-25,2024-05-27,Sea,973,4,203.88,815.52,Clear,Central,No,85.9,BlueDart,Traffic,0,0,1
9592,1953.0,4.2,7.0,2024-07-22,2024-07-29,2024-07-29,Sea,892,7,3133.34,21933.38,Cloudy,West,Yes,99.2,DHL,,1,0,1
9593,4441.0,3.8,9.0,2024-01-31,2024-02-09,2024-02-14,Air,569,90,1879.2,169128.0,Storm,West,No,92.8,EcomExpress,Customs,0,0,1
9594,5990.0,2.9,6.0,2024-04-02,2024-04-08,2024-04-11,Road,772,75,4431.43,332357.25,Cloudy,East,Yes,72.6,Delhivery,Traffic,0,0,1
9595,4301.0,3.9,5.0,2024-03-27,2024-04-01,2024-04-01,Sea,537,21,2569.78,53965.38,Storm,East,Yes,87.3,DHL,Weather,1,0,1
9596,4105.0,3.7,10.0,2024-05-12,2024-05-22,2024-05-27,Sea,469,30,2471.67,74150.1,Rainy,East,No,81.0,BlueDart,Weather,0,1,0
9597,4907.0,3.0,6.0,2024-07-01,2024-07-07,2024-07-09,Air,568,12,3531.3,42375.6,Rainy,North,Yes,81.7,EcomExpress,Traffic,0,0,1
9598,9091.0,3.9,3.0,2024-09-28,2024-10-01,2024-10-04,Road,35,54,4520.89,244128.06,Storm,West,Yes,85.5,BlueDart,Operational,0,1,0
9599,6486.0,2.5,6.0,2024-07-03,2024-07-09,2024-07-13,Air,1383,25,2175.51,54387.75,Storm,Central,No,94.4,DHL,Customs,0,0,1
9600,1681.0,3.2,10.0,2024-01-08,2024-01-18,2024-01-21,Road,475,25,1594.61,39865.25,Clear,West,Yes,96.6,BlueDart,Traffic,0,0,1
9601,6657.0,4.6,2.0,2024-07-20,2024-07-22,2024-07-22,Sea,814,17,3556.79,60465.43,Cloudy,Central,Yes,95.8,FedEx,Operational,1,1,1
9602,8703.0,3.5,4.0,2024-01-27,2024-01-31,2024-02-01,Air,365,19,1356.81,25779.39,Storm,South,No,86.2,EcomExpress,,0,1,0
9603,3055.0,3.7,8.0,2024-10-24,2024-11-01,2024-10-31,Sea,749,87,691.73,60180.51,Rainy,East,No,95.5,Delhivery,Operational,1,0,1
9604,9690.0,2.8,6.0,2024-08-04,2024-08-10,2024-08-09,Road,1072,35,1792.22,62727.7,Clear,South,No,85.2,BlueDart,Weather,1,1,1
9605,5953.0,3.0,7.0,2024-07-22,2024-07-29,2024-08-03,Air,678,5,3706.13,18530.65,Cloudy,South,Yes,71.1,FedEx,Weather,0,0,1
9606,1826.0,4.0,10.0,2024-08-17,2024-08-27,2024-09-01,Sea,720,42,4181.88,175638.96,Clear,North,Yes,87.1,DHL,Traffic,0,1,0
9607,9289.0,4.0,4.0,2024-09-14,2024-09-18,2024-09-20,Road,1414,32,408.19,13062.08,Rainy,Central,Yes,88.9,Delhivery,Operational,0,1,0
9608,7052.0,3.7,9.0,2024-06-20,2024-06-29,2024-07-02,Sea,251,53,1666.67,88333.51,Clear,East,No,92.5,Delhivery,,0,0,1
9609,1841.0,3.1,6.0,2024-02-06,2024-02-12,2024-02-13,Air,945,33,2521.37,83205.21,Cloudy,Central,Yes,77.8,DHL,Traffic,0,0,1
9610,9702.0,4.6,8.0,2024-09-21,2024-09-29,2024-10-01,Road,1193,4,3943.3,15773.2,Storm,South,No,99.7,FedEx,Customs,0,1,0
9611,4494.0,4.9,4.0,2024-08-01,2024-08-05,2024-08-10,Road,1214,3,1874.7,5624.1,Cloudy,Central,No,91.7,BlueDart,,0,0,1
9612,8369.0,4.0,8.0,2024-04-15,2024-04-23,2024-04-22,Road,649,42,3600.54,151222.68,Rainy,North,Yes,84.4,EcomExpress,Operational,1,0,1
9613,6558.0,4.1,3.0,2024-06-05,2024-06-08,2024-06-10,Air,35,90,1761.54,158538.6,Cloudy,Central,No,74.2,FedEx,Operational,0,0,1
9614,6470.0,3.0,9.0,2024-09-06,2024-09-15,2024-09-15,Air,203,43,3548.55,152587.65,Rainy,North,No,83.5,EcomExpress,Operational,1,0,1
9615,,2.5,,2024-05-08,2024-05-15,2024-05-19,Sea,785,85,521.41,,Rainy,West,Yes,79.8,FedEx,Customs,0,0,1
9616,9751.0,3.6,9.0,2024-02-03,2024-02-12,2024-02-15,Sea,194,34,1947.13,66202.42,Storm,Central,Yes,89.7,FedEx,Weather,0,1,0
9617,1378.0,3.0,5.0,2024-07-22,2024-07-27,2024-07-28,Sea,1050,57,4385.41,249968.37,Cloudy,South,No,76.7,EcomExpress,Traffic,0,0,1
9618,1550.0,3.3,2.0,2024-03-27,2024-03-29,2024-04-03,Sea,1153,10,2678.81,26788.1,Storm,South,No,92.0,DHL,Weather,0,0,1
9619,6135.0,4.2,5.0,2024-10-11,2024-10-16,2024-10-18,Road,749,38,4419.82,167953.16,Clear,East,No,71.4,Delhivery,Weather,0,0,1
9620,8302.0,2.7,8.0,2024-08-17,2024-08-25,2024-08-29,Road,87,1,1155.39,1155.39,Storm,West,Yes,86.0,BlueDart,Customs,0,1,0
9621,9100.0,3.5,6.0,2024-03-17,2024-03-23,2024-03-24,Sea,521,53,1957.01,103721.53,Clear,Central,Yes,71.6,Delhivery,Customs,0,1,0
9622,8155.0,4.0,4.0,2024-03-06,2024-03-10,2024-03-15,Sea,890,86,4975.83,427921.38,Rainy,North,Yes,93.7,EcomExpress,Weather,0,0,1
9623,6834.0,2.7,7.0,2024-07-17,2024-07-24,2024-07-26,Road,531,18,3111.15,56000.7,Rainy,West,Yes,73.4,DHL,,0,0,1
9624,3964.0,3.5,9.0,2024-06-04,2024-06-13,2024-06-18,Road,753,66,193.61,12778.26,Rainy,North,Yes,71.0,Delhivery,,0,0,1
9625,9033.0,3.7,5.0,2024-05-14,2024-05-19,2024-05-20,Air,266,82,822.86,67474.52,Clear,East,Yes,75.0,BlueDart,Operational,0,0,1
9626,7512.0,4.7,10.0,2024-10-27,2024-11-06,2024-11-09,Air,1392,10,1969.13,19691.3,Clear,South,Yes,78.4,BlueDart,,0,1,0
9627,9372.0,3.3,2.0,2024-10-14,2024-10-16,2024-10-17,Sea,1001,63,2765.45,174223.35,Storm,South,Yes,89.2,DHL,Operational,0,0,1
9628,1317.0,3.9,9.0,2024-10-07,2024-10-16,2024-10-16,Sea,1462,55,2312.03,127161.65,Cloudy,South,Yes,79.3,DHL,Operational,1,0,1
9629,4005.0,4.5,3.0,2024-02-22,2024-02-25,2024-02-26,Road,1158,1,941.81,941.81,Clear,Central,Yes,82.1,Delhivery,Customs,0,0,1
9630,7134.0,3.7,6.0,2024-05-17,2024-05-23,2024-05-27,Sea,1500,41,1598.66,65545.06,Rainy,South,Yes,85.0,DHL,Operational,0,0,1
9631,8724.0,2.6,8.0,2024-07-09,2024-07-17,2024-07-22,Air,677,45,1758.55,79134.75,Rainy,North,No,75.3,FedEx,Customs,0,0,1
9632,7495.0,3.9,2.0,2024-05-03,2024-05-05,2024-05-06,Air,562,37,2842.15,105159.55,Clear,Central,Yes,97.8,Delhivery,Operational,0,0,1
9633,1679.0,3.5,8.0,2024-03-05,2024-03-13,2024-03-17,Sea,365,99,4705.31,465825.69,Rainy,North,Yes,88.2,FedEx,Customs,0,0,1
9634,9703.0,3.7,6.0,2024-05-09,2024-05-15,2024-05-18,Air,1371,62,3258.03,201997.86,Rainy,South,Yes,85.8,BlueDart,Customs,0,0,1
9635,2458.0,4.8,4.0,2024-07-20,2024-07-24,2024-07-26,Sea,800,81,4657.66,377270.46,Storm,North,No,91.5,BlueDart,Operational,0,1,0
9636,2352.0,4.0,4.0,2024-02-22,2024-02-26,2024-02-27,Air,327,62,2835.99,175831.38,Storm,South,Yes,78.1,EcomExpress,,0,0,1
9637,8231.0,3.7,5.0,2024-10-12,2024-10-17,2024-10-22,Sea,689,14,3567.2,49940.8,Storm,West,Yes,77.2,FedEx,Customs,0,1,0
9638,9113.0,4.4,2.0,2024-05-02,2024-05-04,2024-05-04,Air,98,2,4236.13,8472.26,Cloudy,North,No,71.1,EcomExpress,Customs,1,0,1
9639,3270.0,3.5,2.0,2024-04-29,2024-05-01,2024-04-30,Road,1008,13,3060.77,39790.01,Clear,South,No,82.5,FedEx,Weather,1,0,1
9640,5041.0,4.1,6.0,2024-10-12,2024-10-18,2024-10-23,Road,417,63,3852.46,242704.98,Storm,East,Yes,98.0,DHL,Weather,0,1,0
9641,3485.0,2.9,2.0,2024-08-12,2024-08-14,2024-08-13,Sea,154,88,2095.11,184369.68,Rainy,North,No,75.7,EcomExpress,,1,0,1
9642,6868.0,4.4,9.0,2024-03-13,2024-03-22,2024-03-25,Air,134,63,2549.12,160594.56,Rainy,Central,Yes,90.3,FedEx,,0,0,1
9643,7548.0,3.8,7.0,2024-01-30,2024-02-06,2024-02-11,Sea,858,35,3000.51,105017.85,Rainy,East,Yes,81.8,BlueDart,,0,0,1
9644,4798.0,3.9,10.0,2024-09-04,2024-09-14,2024-09-19,Sea,834,79,781.85,61766.15,Storm,Central,No,77.8,Delhivery,Weather,0,0,1
9645,5257.0,3.4,3.0,2024-09-27,2024-09-30,2024-10-05,Road,964,19,716.05,13604.95,Cloudy,South,Yes,89.8,BlueDart,,0,0,1
9646,3033.0,2.6,8.0,2024-10-28,2024-11-05,2024-11-09,Air,1274,98,4254.31,416922.38,Rainy,North,Yes,97.8,DHL,Traffic,0,0,1
9647,6735.0,3.1,6.0,2024-03-14,2024-03-20,2024-03-24,Air,344,74,3638.01,269212.74,Cloudy,North,No,75.7,DHL,Customs,0,0,1
9648,4049.0,4.2,7.0,2024-06-03,2024-06-10,2024-06-09,Road,459,33,2448.32,80794.56,Clear,South,No,71.9,Delhivery,,1,0,1
9649,3184.0,2.9,4.0,2024-03-27,2024-03-31,2024-04-02,Sea,187,30,4852.98,145589.4,Cloudy,South,No,97.2,EcomExpress,Traffic,0,0,1
9650,3426.0,3.5,7.0,2024-02-12,2024-02-19,2024-02-19,Sea,987,91,2443.12,222323.92,Clear,Central,Yes,84.4,BlueDart,Customs,1,0,1
9651,5819.0,3.8,9.0,2024-01-07,2024-01-16,2024-01-17,Air,633,26,3935.76,102329.76,Storm,East,No,95.8,Delhivery,Weather,0,1,0
9652,1366.0,3.3,5.0,2024-04-25,2024-04-30,2024-04-29,Road,224,85,4026.01,342210.85,Rainy,Central,No,88.3,BlueDart,Operational,1,0,1
9653,6917.0,4.2,9.0,2024-01-07,2024-01-16,2024-01-18,Air,760,53,2237.33,118578.49,Storm,South,Yes,96.6,FedEx,Weather,0,1,0
9654,4037.0,4.3,2.0,2024-07-20,2024-07-22,2024-07-25,Road,1065,78,2113.99,164891.22,Cloudy,North,No,89.8,Delhivery,,0,1,0
9655,3819.0,3.2,3.0,2024-08-17,2024-08-20,2024-08-19,Air,1339,23,1784.63,41046.49,Cloudy,Central,Yes,70.6,EcomExpress,Weather,1,1,1
9656,1203.0,3.5,8.0,2024-02-04,2024-02-12,2024-02-16,Air,741,47,4857.72,228312.84,Clear,East,No,87.5,FedEx,Operational,0,1,0
9657,9127.0,4.7,3.0,2024-10-15,2024-10-18,2024-10-19,Air,808,66,2892.68,190916.88,Clear,Central,Yes,86.0,EcomExpress,Operational,0,0,1
9658,9515.0,3.9,10.0,2024-04-12,2024-04-22,2024-04-26,Road,354,68,3666.54,249324.72,Storm,East,Yes,96.6,BlueDart,Traffic,0,0,1
9659,4017.0,4.6,5.0,2024-01-16,2024-01-21,2024-01-23,Air,818,48,3519.07,168915.36,Cloudy,West,No,95.2,FedEx,Weather,0,0,1
9660,6673.0,4.7,4.0,2024-08-04,2024-08-08,2024-08-09,Air,643,65,1222.61,79469.65,Cloudy,Central,Yes,89.1,EcomExpress,Customs,0,1,0
9661,1046.0,3.1,8.0,2024-11-12,2024-11-20,2024-11-21,Road,1078,24,2257.7,54184.8,Rainy,South,Yes,99.7,BlueDart,Weather,0,0,1
9662,2341.0,4.8,3.0,2024-06-23,2024-06-26,2024-06-26,Road,1359,71,4630.97,328798.87,Clear,North,Yes,94.7,EcomExpress,,1,1,1
9663,1953.0,3.1,6.0,2024-09-22,2024-09-28,2024-09-27,Road,1009,40,3285.45,131418.0,Rainy,North,No,78.0,FedEx,Weather,1,1,1
9664,6356.0,3.1,2.0,2024-09-07,2024-09-09,2024-09-11,Road,1499,81,2860.14,231671.34,Rainy,South,Yes,85.8,DHL,Traffic,0,1,0
9665,1163.0,3.6,7.0,2024-07-08,2024-07-15,2024-07-14,Road,302,28,576.78,16149.84,Clear,North,No,88.6,DHL,Operational,1,0,1
9666,4034.0,2.6,4.0,2024-03-14,2024-03-18,2024-03-19,Road,468,34,4452.2,151374.8,Clear,West,No,81.8,EcomExpress,,0,0,1
9667,6676.0,3.2,4.0,2024-01-26,2024-01-30,2024-02-01,Sea,112,1,4054.38,4054.38,Cloudy,Central,No,80.5,FedEx,Weather,0,0,1
9668,5149.0,3.0,8.0,2024-09-28,2024-10-06,2024-10-08,Road,600,36,1819.74,65510.64,Clear,North,Yes,85.7,Delhivery,Weather,0,1,0
9669,4045.0,4.3,8.0,2024-10-18,2024-10-26,2024-10-26,Sea,793,56,4272.89,239281.84,Storm,West,No,70.4,FedEx,,1,0,1
9670,4099.0,3.9,8.0,2024-10-13,2024-10-21,2024-10-26,Road,1220,34,1715.38,58322.92,Cloudy,East,Yes,86.9,Delhivery,Traffic,0,1,0
9671,7626.0,3.6,2.0,2024-10-10,2024-10-12,2024-10-17,Air,934,19,1907.2,36236.8,Storm,South,No,73.9,BlueDart,Operational,0,0,1
9672,3724.0,3.9,3.0,2024-02-14,2024-02-17,2024-02-20,Sea,878,28,4301.97,120455.16,Rainy,South,Yes,78.5,Delhivery,Weather,0,0,1
9673,4700.0,2.6,4.0,2024-08-25,2024-08-29,2024-08-29,Air,1209,27,2093.14,56514.78,Rainy,South,No,94.8,EcomExpress,Customs,1,1,1
9674,6533.0,3.8,8.0,2024-04-06,2024-04-14,2024-04-18,Sea,52,30,423.1,12693.0,Storm,Central,Yes,73.4,FedEx,Traffic,0,1,0
9675,5687.0,3.4,4.0,2024-05-12,2024-05-16,2024-05-19,Road,1410,18,2277.7,40998.6,Storm,East,No,79.6,BlueDart,Customs,0,1,0
9676,7485.0,3.9,8.0,2024-01-17,2024-01-25,2024-01-29,Air,576,11,2186.87,24055.57,Rainy,West,Yes,82.6,FedEx,Customs,0,0,1
9677,9888.0,4.7,8.0,2024-10-21,2024-10-29,2024-11-03,Sea,520,41,372.99,15292.59,Clear,East,No,86.9,DHL,Operational,0,0,1
9678,5014.0,3.4,10.0,2024-05-09,2024-05-19,2024-05-22,Sea,794,1,2314.02,2314.02,Storm,South,No,84.8,Delhivery,Traffic,0,0,1
9679,7663.0,3.0,9.0,2024-09-24,2024-10-03,2024-10-08,Air,199,57,1030.95,58764.15,Clear,Central,Yes,74.7,DHL,,0,0,1
9680,5226.0,3.8,5.0,2024-08-19,2024-08-24,2024-08-24,Road,788,6,1547.04,9282.24,Rainy,Central,Yes,76.1,DHL,Operational,1,0,1
9681,7895.0,4.0,2.0,2024-10-20,2024-10-22,2024-10-26,Road,749,19,4971.6,94460.4,Cloudy,East,No,87.2,DHL,Traffic,0,1,0
9682,5889.0,3.1,4.0,2024-01-18,2024-01-22,2024-01-23,Air,632,16,4443.25,71092.0,Clear,South,No,86.1,Delhivery,Operational,0,0,1
9683,5739.0,3.5,2.0,2024-07-28,2024-07-30,2024-08-03,Road,1345,4,3277.09,13108.36,Clear,Central,Yes,76.1,BlueDart,Operational,0,1,0
9684,3426.0,3.4,2.0,2024-06-08,2024-06-10,2024-06-14,Air,300,80,3404.35,272348.0,Storm,North,No,73.4,FedEx,Operational,0,1,0
9685,3058.0,3.4,8.0,2024-09-30,2024-10-08,2024-10-12,Sea,137,46,3307.03,152123.38,Storm,West,No,87.0,EcomExpress,Weather,0,0,1
9686,3521.0,3.8,2.0,2024-07-14,2024-07-16,2024-07-20,Sea,859,75,1431.77,107382.75,Cloudy,South,Yes,92.4,Delhivery,Customs,0,1,0
9687,7293.0,2.9,4.0,2024-01-27,2024-01-31,2024-02-05,Sea,603,33,1210.56,39948.48,Rainy,North,Yes,75.5,BlueDart,Customs,0,1,0
9688,8667.0,3.3,4.0,2024-07-23,2024-07-27,2024-07-28,Road,661,86,2210.63,190114.18,Clear,West,Yes,90.8,EcomExpress,Weather,0,0,1
9689,4704.0,3.4,2.0,2024-01-14,2024-01-16,2024-01-19,Sea,1455,21,4694.68,98588.28,Cloudy,West,Yes,70.6,FedEx,Operational,0,1,0
9690,4638.0,4.8,4.0,2024-05-18,2024-05-22,2024-05-26,Sea,644,48,386.9,18571.2,Cloudy,East,Yes,82.8,FedEx,Weather,0,1,0
9691,7851.0,3.5,3.0,2024-05-20,2024-05-23,2024-05-23,Air,383,71,1652.31,117314.01,Rainy,North,Yes,79.4,FedEx,Customs,1,0,1
9692,8767.0,4.6,6.0,2024-02-12,2024-02-18,2024-02-23,Air,1390,97,3622.38,351370.86,Cloudy,Central,Yes,78.2,FedEx,Traffic,0,0,1
9693,6505.0,3.0,4.0,2024-11-03,2024-11-07,2024-11-06,Air,234,80,1715.92,137273.6,Cloudy,South,No,78.7,FedEx,Weather,1,1,1
9694,2155.0,3.5,4.0,2024-05-28,2024-06-01,2024-06-06,Road,944,36,2056.36,74028.96,Storm,East,Yes,95.1,FedEx,Customs,0,0,1
9695,6046.0,4.9,8.0,2024-10-19,2024-10-27,2024-10-26,Sea,198,4,2733.61,10934.44,Cloudy,South,No,79.3,DHL,Operational,1,1,1
9696,1145.0,4.1,5.0,2024-04-13,2024-04-18,2024-04-21,Road,1409,87,4708.9,409674.3,Clear,South,No,81.4,Delhivery,,0,1,0
9697,4332.0,3.7,6.0,2024-08-17,2024-08-23,2024-08-22,Air,1173,2,543.57,1087.14,Rainy,North,Yes,83.6,FedEx,,1,1,1
9698,7903.0,2.6,2.0,2024-06-23,2024-06-25,2024-06-27,Road,278,40,4266.32,170652.8,Cloudy,West,Yes,71.1,Delhivery,Weather,0,1,0
9699,3825.0,3.1,6.0,2024-06-19,2024-06-25,2024-06-30,Sea,211,83,295.51,24527.33,Cloudy,North,Yes,96.7,FedEx,Customs,0,0,1
9700,6231.0,4.3,3.0,2024-04-29,2024-05-02,2024-05-06,Road,459,85,1024.64,87094.4,Rainy,East,Yes,73.5,DHL,Customs,0,0,1
9701,8678.0,3.0,8.0,2024-06-22,2024-06-30,2024-07-04,Air,344,17,4520.11,76841.87,Clear,South,Yes,92.5,DHL,Operational,0,1,0
9702,4176.0,4.9,10.0,2024-10-25,2024-11-04,2024-11-08,Sea,814,7,3742.32,26196.24,Cloudy,East,Yes,74.7,FedEx,Weather,0,0,1
9703,1126.0,4.8,5.0,2024-01-20,2024-01-25,2024-01-25,Sea,691,95,3797.32,360745.4,Cloudy,West,No,83.9,EcomExpress,Customs,1,1,1
9704,7664.0,4.5,4.0,2024-04-16,2024-04-20,2024-04-25,Air,1202,84,2539.21,213293.64,Clear,West,Yes,80.0,DHL,Traffic,0,0,1
9705,4396.0,3.1,10.0,2024-02-11,2024-02-21,2024-02-25,Road,1034,17,3902.21,66337.57,Storm,North,No,75.5,Delhivery,,0,1,0
9706,7625.0,4.7,7.0,2024-08-13,2024-08-20,2024-08-22,Sea,955,37,2591.95,95902.15,Storm,North,Yes,73.2,Delhivery,Operational,0,0,1
9707,3394.0,4.9,5.0,2024-11-26,2024-12-01,2024-11-30,Air,446,14,2651.65,37123.1,Storm,South,No,97.8,DHL,,1,0,1
9708,5170.0,3.5,2.0,2024-05-14,2024-05-16,2024-05-17,Sea,25,32,4453.97,142527.04,Cloudy,Central,No,82.3,Delhivery,,0,0,1
9709,4724.0,3.6,8.0,2024-09-29,2024-10-07,2024-10-09,Road,564,42,3723.74,156397.08,Storm,West,Yes,96.0,DHL,,0,1,0
9710,5857.0,4.9,3.0,2024-06-15,2024-06-18,2024-06-17,Sea,919,40,4017.57,160702.8,Rainy,East,No,90.2,DHL,Weather,1,1,1
9711,9595.0,3.8,8.0,2024-11-23,2024-12-01,2024-12-03,Road,570,22,3117.95,68594.9,Clear,West,Yes,96.2,BlueDart,Operational,0,1,0
9712,1389.0,2.7,4.0,2024-09-05,2024-09-09,2024-09-10,Air,174,72,4040.68,290928.96,Cloudy,Central,Yes,86.4,Delhivery,Operational,0,0,1
9713,6881.0,3.5,4.0,2024-01-09,2024-01-13,2024-01-12,Road,959,87,4343.34,377870.58,Cloudy,South,No,89.2,BlueDart,Weather,1,0,1
9714,5819.0,3.9,5.0,2024-07-03,2024-07-08,2024-07-08,Air,130,82,4998.06,409840.92,Storm,West,Yes,70.7,DHL,Weather,1,0,1
9715,4340.0,3.9,3.0,2024-11-20,2024-11-23,2024-11-25,Sea,195,94,2536.12,238395.28,Clear,East,Yes,71.2,DHL,Weather,0,0,1
9716,1248.0,2.8,2.0,2024-02-28,2024-03-01,2024-03-05,Air,267,84,2441.08,205050.72,Storm,South,No,73.3,DHL,Traffic,0,0,1
9717,2406.0,3.4,9.0,2024-10-07,2024-10-16,2024-10-17,Road,169,26,1105.5,28743.0,Storm,East,Yes,81.9,EcomExpress,Traffic,0,0,1
9718,7375.0,4.8,9.0,2024-03-16,2024-03-25,2024-03-25,Air,133,11,4120.3,45323.3,Clear,East,Yes,91.5,BlueDart,Operational,1,1,1
9719,9201.0,4.7,4.0,2024-04-08,2024-04-12,2024-04-13,Sea,468,99,1649.87,163337.13,Cloudy,West,No,90.0,DHL,Customs,0,0,1
9720,8866.0,3.5,4.0,2024-10-05,2024-10-09,2024-10-09,Road,796,61,4723.56,288137.16,Rainy,East,No,96.7,BlueDart,Customs,1,1,1
9721,7573.0,3.3,5.0,2024-10-26,2024-10-31,2024-11-01,Sea,1078,75,1105.28,82896.0,Storm,South,Yes,76.5,Delhivery,Traffic,0,1,0
9722,1717.0,3.1,8.0,2024-04-09,2024-04-17,2024-04-20,Sea,1420,60,2611.71,156702.6,Cloudy,North,Yes,89.5,Delhivery,,0,0,1
9723,,2.8,,2024-01-25,2024-02-03,2024-02-08,Road,28,9,3219.17,,Storm,South,Yes,77.3,FedEx,,0,0,1
9724,9412.0,5.0,4.0,2024-04-25,2024-04-29,2024-05-04,Air,1300,14,400.98,5613.72,Cloudy,Central,No,99.0,EcomExpress,Traffic,0,0,1
9725,7792.0,3.7,9.0,2024-02-04,2024-02-13,2024-02-14,Sea,512,25,2820.24,70506.0,Storm,North,No,71.2,BlueDart,Customs,0,1,0
9726,3784.0,4.9,4.0,2024-05-07,2024-05-11,2024-05-10,Air,949,8,4116.56,32932.48,Storm,North,No,93.4,Delhivery,Weather,1,0,1
9727,3288.0,3.2,7.0,2024-10-08,2024-10-15,2024-10-15,Air,1372,69,337.88,23313.72,Clear,West,Yes,91.2,Delhivery,Operational,1,0,1
9728,5140.0,2.7,5.0,2024-05-04,2024-05-09,2024-05-11,Road,1374,19,1219.44,23169.36,Storm,South,Yes,73.3,DHL,Traffic,0,1,0
9729,7084.0,4.6,3.0,2024-11-17,2024-11-20,2024-11-22,Air,1274,7,4010.84,28075.88,Clear,South,No,72.0,FedEx,,0,1,0
9730,4169.0,2.9,8.0,2024-03-10,2024-03-18,2024-03-18,Road,1354,64,3004.67,192298.88,Storm,North,Yes,74.7,BlueDart,Customs,1,1,1
9731,2717.0,4.0,7.0,2024-03-23,2024-03-30,2024-04-04,Sea,121,77,1934.55,148960.35,Storm,North,No,77.5,Delhivery,Operational,0,1,0
9732,9044.0,3.8,6.0,2024-05-17,2024-05-23,2024-05-25,Road,629,80,3204.47,256357.6,Rainy,East,No,96.9,FedEx,Weather,0,0,1
9733,7879.0,3.9,7.0,2024-08-02,2024-08-09,2024-08-14,Sea,592,14,2121.76,29704.64,Storm,Central,Yes,78.8,BlueDart,Traffic,0,0,1
9734,6187.0,4.8,9.0,2024-10-25,2024-11-03,2024-11-06,Air,515,46,505.96,23274.16,Rainy,North,No,86.0,EcomExpress,,0,0,1
9735,5852.0,2.6,9.0,2024-02-02,2024-02-11,2024-02-11,Road,167,3,350.81,1052.43,Cloudy,North,No,75.6,EcomExpress,Traffic,1,0,1
9736,1014.0,2.6,10.0,2024-10-15,2024-10-25,2024-10-25,Road,326,57,4179.21,238214.97,Rainy,South,Yes,84.9,FedEx,Weather,1,0,1
9737,3450.0,4.8,7.0,2024-03-07,2024-03-14,2024-03-18,Road,334,4,1568.34,6273.36,Clear,South,No,81.9,FedEx,Operational,0,0,1
9738,6971.0,4.5,9.0,2024-05-04,2024-05-13,2024-05-17,Road,229,68,1501.6,102108.8,Clear,North,No,90.3,BlueDart,,0,1,0
9739,7128.0,4.3,5.0,2024-07-25,2024-07-30,2024-07-29,Sea,367,16,1084.25,17348.0,Clear,North,No,71.8,Delhivery,,1,0,1
9740,9568.0,3.6,9.0,2024-06-19,2024-06-28,2024-06-27,Air,577,15,1167.95,17519.25,Rainy,North,No,75.1,Delhivery,,1,0,1
9741,3557.0,4.3,4.0,2024-07-24,2024-07-28,2024-08-02,Air,997,54,4181.82,225818.28,Clear,Central,No,89.8,BlueDart,,0,0,1
9742,7709.0,2.9,5.0,2024-07-28,2024-08-02,2024-08-01,Air,111,67,2595.8,173918.6,Storm,South,Yes,95.3,DHL,Operational,1,1,1
9743,4113.0,4.8,7.0,2024-10-07,2024-10-14,2024-10-16,Air,1459,77,432.6,33310.2,Clear,North,Yes,88.6,FedEx,,0,0,1
9744,9185.0,4.3,7.0,2024-02-23,2024-03-01,2024-03-01,Sea,1463,57,4472.63,254939.91,Clear,North,Yes,93.2,EcomExpress,,1,0,1
9745,5212.0,4.3,2.0,2024-09-11,2024-09-13,2024-09-16,Road,1154,61,3069.87,187262.07,Cloudy,East,Yes,93.0,FedEx,Traffic,0,0,1
9746,6454.0,3.5,5.0,2024-02-27,2024-03-03,2024-03-06,Road,76,9,3989.37,35904.33,Rainy,South,No,87.6,Delhivery,Customs,0,0,1
9747,2614.0,4.8,6.0,2024-10-13,2024-10-19,2024-10-20,Sea,836,49,1594.33,78122.17,Rainy,South,No,94.2,BlueDart,Traffic,0,1,0
9748,6584.0,3.4,10.0,2024-01-07,2024-01-17,2024-01-22,Sea,872,14,197.46,2764.44,Clear,South,Yes,70.9,FedEx,Traffic,0,1,0
9749,8481.0,3.1,6.0,2024-02-27,2024-03-04,2024-03-08,Sea,1190,88,1085.73,95544.24,Storm,North,Yes,72.2,BlueDart,Operational,0,0,1
9750,4231.0,3.6,7.0,2024-06-22,2024-06-29,2024-07-02,Air,755,36,3178.53,114427.08,Cloudy,Central,Yes,73.3,DHL,Operational,0,1,0
9751,2161.0,4.2,9.0,2024-04-06,2024-04-15,2024-04-15,Sea,846,20,3929.18,78583.6,Cloudy,East,No,82.8,FedEx,Operational,1,1,1
9752,9016.0,2.7,10.0,2024-01-05,2024-01-15,2024-01-15,Air,1047,85,3186.17,270824.45,Cloudy,South,Yes,85.4,EcomExpress,Operational,1,0,1
9753,7711.0,4.8,6.0,2024-06-15,2024-06-21,2024-06-24,Air,529,97,1973.78,191456.66,Storm,West,No,91.4,DHL,Operational,0,1,0
9754,1668.0,3.8,3.0,2024-01-14,2024-01-17,2024-01-21,Air,747,85,2138.92,181808.2,Storm,Central,Yes,75.8,Delhivery,Operational,0,1,0
9755,8613.0,2.5,10.0,2024-02-22,2024-03-03,2024-03-03,Road,1351,27,4476.77,120872.79,Storm,South,No,73.8,Delhivery,,1,0,1
9756,3749.0,3.7,9.0,2024-02-28,2024-03-08,2024-03-12,Road,653,67,4185.01,280395.67,Cloudy,North,No,71.8,DHL,,0,0,1
9757,8496.0,4.3,5.0,2024-11-09,2024-11-14,2024-11-17,Air,1094,49,1763.69,86420.81,Clear,East,No,86.8,DHL,Traffic,0,1,0
9758,6526.0,4.5,7.0,2024-04-05,2024-04-12,2024-04-14,Sea,590,35,1198.88,41960.8,Cloudy,Central,Yes,95.0,BlueDart,Traffic,0,0,1
9759,7663.0,3.4,7.0,2024-08-17,2024-08-24,2024-08-26,Sea,1470,31,1343.33,41643.23,Clear,South,Yes,71.4,BlueDart,Customs,0,1,0
9760,7784.0,4.1,9.0,2024-09-07,2024-09-16,2024-09-16,Road,337,2,3780.45,7560.9,Cloudy,North,No,88.8,DHL,Weather,1,1,1
9761,6634.0,3.6,3.0,2024-04-07,2024-04-10,2024-04-11,Air,924,88,1803.0,158664.0,Rainy,West,No,71.9,DHL,Traffic,0,1,0
9762,2112.0,4.0,9.0,2024-09-15,2024-09-24,2024-09-27,Air,775,27,3226.86,87125.22,Clear,North,No,89.4,Delhivery,Operational,0,1,0
9763,3162.0,3.3,5.0,2024-02-27,2024-03-03,2024-03-08,Air,1366,73,891.51,65080.23,Rainy,North,Yes,75.5,EcomExpress,Operational,0,0,1
9764,9232.0,3.4,10.0,2024-09-18,2024-09-28,2024-10-03,Sea,816,40,3908.07,156322.8,Rainy,South,No,94.1,Delhivery,,0,0,1
9765,2848.0,3.8,5.0,2024-03-15,2024-03-20,2024-03-21,Road,174,81,4712.42,381706.02,Storm,South,Yes,96.7,FedEx,Customs,0,0,1
9766,7321.0,4.1,8.0,2024-03-18,2024-03-26,2024-03-30,Air,820,54,1672.11,90293.94,Storm,Central,No,89.3,DHL,Weather,0,0,1
9767,9187.0,5.0,2.0,2024-01-16,2024-01-18,2024-01-18,Sea,682,73,2183.07,159364.11,Clear,East,Yes,95.9,BlueDart,,1,0,1
9768,2585.0,3.7,5.0,2024-07-04,2024-07-09,2024-07-12,Sea,1265,71,1302.67,92489.57,Storm,West,No,70.7,DHL,Operational,0,0,1
9769,9918.0,4.0,2.0,2024-09-22,2024-09-24,2024-09-24,Road,301,91,2317.82,210921.62,Storm,North,No,85.6,DHL,Customs,1,1,1
9770,6127.0,2.7,4.0,2024-11-01,2024-11-05,2024-11-10,Air,551,14,4892.04,68488.56,Clear,West,Yes,83.4,FedEx,Weather,0,0,1
9771,7976.0,3.9,4.0,2024-07-17,2024-07-21,2024-07-26,Air,1391,1,2573.78,2573.78,Cloudy,East,Yes,72.0,FedEx,Weather,0,0,1
9772,2185.0,2.9,7.0,2024-09-14,2024-09-21,2024-09-20,Sea,1156,59,346.19,20425.21,Clear,Central,Yes,87.4,BlueDart,Operational,1,1,1
9773,1400.0,2.6,7.0,2024-10-04,2024-10-11,2024-10-11,Air,1128,95,3296.32,313150.4,Cloudy,South,Yes,78.3,Delhivery,,1,0,1
9774,1302.0,4.2,4.0,2024-05-26,2024-05-30,2024-06-01,Sea,198,76,1588.8,120748.8,Cloudy,Central,No,76.7,EcomExpress,,0,1,0
9775,2591.0,4.8,4.0,2024-06-11,2024-06-15,2024-06-20,Air,997,9,3708.71,33378.39,Storm,East,No,73.2,DHL,,0,0,1
9776,1107.0,3.3,6.0,2024-10-21,2024-10-27,2024-10-28,Sea,1185,21,1909.65,40102.65,Cloudy,South,Yes,95.3,DHL,,0,0,1
9777,3089.0,5.0,10.0,2024-08-13,2024-08-23,2024-08-27,Road,871,78,875.82,68313.96,Clear,West,Yes,89.8,Delhivery,Customs,0,0,1
9778,3287.0,4.4,10.0,2024-04-21,2024-05-01,2024-04-30,Road,1204,95,4149.03,394157.85,Cloudy,South,No,98.3,EcomExpress,Operational,1,1,1
9779,9246.0,3.8,6.0,2024-02-21,2024-02-27,2024-02-29,Road,490,23,4785.79,110073.17,Cloudy,North,No,71.3,EcomExpress,Weather,0,0,1
9780,6304.0,3.2,10.0,2024-11-13,2024-11-23,2024-11-22,Road,1268,43,4347.41,186938.63,Rainy,West,Yes,71.0,FedEx,,1,0,1
9781,9878.0,4.3,8.0,2024-09-21,2024-09-29,2024-09-28,Air,1031,37,613.34,22693.58,Cloudy,North,Yes,89.0,FedEx,Traffic,1,1,1
9782,9486.0,2.5,8.0,2024-01-14,2024-01-22,2024-01-22,Road,786,12,1825.14,21901.68,Storm,North,No,76.4,Delhivery,,1,1,1
9783,3504.0,3.2,3.0,2024-01-23,2024-01-26,2024-01-27,Road,834,99,4702.56,465553.44,Clear,West,No,95.5,BlueDart,Weather,0,0,1
9784,3929.0,3.8,7.0,2024-02-18,2024-02-25,2024-02-24,Sea,411,45,3800.68,171030.6,Clear,North,Yes,90.9,Delhivery,Operational,1,1,1
9785,5447.0,4.7,3.0,2024-04-06,2024-04-09,2024-04-13,Sea,428,82,2706.74,221952.68,Rainy,South,Yes,91.4,DHL,Customs,0,1,0
9786,4930.0,4.0,10.0,2024-02-15,2024-02-25,2024-02-26,Air,824,18,635.74,11443.32,Storm,South,No,89.4,BlueDart,,0,0,1
9787,6157.0,3.9,7.0,2024-06-25,2024-07-02,2024-07-07,Road,1422,48,2365.28,113533.44,Clear,South,No,82.3,EcomExpress,,0,0,1
9788,9241.0,3.0,2.0,2024-11-03,2024-11-05,2024-11-08,Sea,1114,44,871.82,38360.08,Storm,Central,No,99.2,EcomExpress,Weather,0,1,0
9789,9570.0,4.1,8.0,2024-07-30,2024-08-07,2024-08-06,Air,1209,8,1392.06,11136.48,Clear,East,No,95.0,DHL,Customs,1,0,1
9790,8456.0,3.6,6.0,2024-11-24,2024-11-30,2024-12-01,Road,441,22,3301.69,72637.18,Storm,Central,No,77.5,BlueDart,,0,1,0
9791,9979.0,3.1,10.0,2024-04-23,2024-05-03,2024-05-06,Air,631,78,202.02,15757.56,Rainy,East,No,70.5,Delhivery,,0,0,1
9792,8577.0,4.9,2.0,2024-02-14,2024-02-16,2024-02-19,Road,1009,70,1913.33,133933.1,Storm,South,No,70.9,DHL,,0,0,1
9793,1968.0,4.5,6.0,2024-08-28,2024-09-03,2024-09-02,Road,510,62,1532.12,94991.44,Storm,South,Yes,97.2,DHL,Customs,1,0,1
9794,4642.0,4.5,9.0,2024-02-01,2024-02-10,2024-02-14,Road,326,63,1566.68,98700.84,Cloudy,East,No,87.0,EcomExpress,Customs,0,0,1
9795,6327.0,3.7,10.0,2024-01-30,2024-02-09,2024-02-08,Air,1493,31,1849.36,57330.16,Storm,West,Yes,85.8,DHL,Customs,1,0,1
9796,3789.0,4.9,6.0,2024-03-18,2024-03-24,2024-03-24,Sea,1214,21,4416.52,92746.92,Clear,North,Yes,70.9,EcomExpress,Weather,1,0,1
9797,9943.0,4.2,4.0,2024-06-26,2024-06-30,2024-07-03,Air,1266,86,2496.24,214676.64,Clear,North,No,71.2,DHL,Customs,0,0,1
9798,1298.0,4.2,4.0,2024-06-11,2024-06-15,2024-06-19,Road,1236,80,2371.64,189731.2,Rainy,North,Yes,95.5,BlueDart,Traffic,0,0,1
9799,8682.0,4.7,6.0,2024-04-16,2024-04-22,2024-04-25,Sea,720,88,614.96,54116.48,Clear,North,Yes,73.7,Delhivery,Weather,0,0,1
9800,8018.0,3.8,9.0,2024-03-28,2024-04-06,2024-04-07,Sea,1016,56,3486.19,195226.64,Cloudy,South,No,85.4,DHL,Traffic,0,0,1
9801,3845.0,3.4,6.0,2024-11-03,2024-11-09,2024-11-13,Road,408,4,234.52,938.08,Storm,Central,No,86.7,Delhivery,Weather,0,1,0
9802,5061.0,4.9,7.0,2024-01-13,2024-01-20,2024-01-22,Sea,1034,20,670.2,13404.0,Rainy,East,No,82.8,EcomExpress,Weather,0,1,0
9803,9086.0,4.6,7.0,2024-08-02,2024-08-09,2024-08-12,Air,316,65,601.43,39092.95,Storm,North,Yes,75.0,DHL,Weather,0,0,1
9804,9773.0,4.8,3.0,2024-07-27,2024-07-30,2024-07-29,Air,522,4,2357.16,9428.64,Rainy,West,Yes,81.2,EcomExpress,Operational,1,1,1
9805,2622.0,2.5,2.0,2024-06-04,2024-06-06,2024-06-09,Road,1415,99,4710.95,466384.05,Clear,Central,No,94.4,FedEx,,0,0,1
9806,2143.0,2.7,9.0,2024-10-07,2024-10-16,2024-10-18,Sea,805,49,3464.72,169771.28,Cloudy,South,No,96.2,Delhivery,Traffic,0,0,1
9807,7251.0,3.8,10.0,2024-02-22,2024-03-03,2024-03-08,Air,123,76,3837.23,291629.48,Rainy,East,No,84.2,EcomExpress,Customs,0,0,1
9808,7273.0,4.0,2.0,2024-09-11,2024-09-13,2024-09-15,Sea,1467,61,609.66,37189.26,Storm,North,No,84.0,FedEx,Weather,0,0,1
9809,9795.0,3.7,10.0,2024-11-25,2024-12-05,2024-12-05,Sea,1477,21,4863.96,102143.16,Storm,West,Yes,91.5,FedEx,,1,0,1
9810,8263.0,4.8,6.0,2024-04-30,2024-05-06,2024-05-09,Road,763,85,4868.29,413804.65,Rainy,North,Yes,82.2,FedEx,,0,0,1
9811,9476.0,3.8,3.0,2024-06-30,2024-07-03,2024-07-08,Air,329,63,4122.85,259739.55,Storm,East,Yes,96.1,BlueDart,Operational,0,1,0
9812,7662.0,3.1,10.0,2024-07-03,2024-07-13,2024-07-13,Air,1347,65,1944.68,126404.2,Clear,North,No,88.9,EcomExpress,Traffic,1,0,1
9813,9289.0,4.3,5.0,2024-10-21,2024-10-26,2024-10-29,Sea,980,30,427.29,12818.7,Storm,North,No,78.4,BlueDart,Operational,0,0,1
9814,2561.0,3.9,9.0,2024-09-13,2024-09-22,2024-09-21,Sea,952,79,1594.98,126003.42,Storm,Central,No,71.3,EcomExpress,Customs,1,0,1
9815,9261.0,3.8,7.0,2024-05-11,2024-05-18,2024-05-17,Road,1124,22,4745.7,104405.4,Storm,Central,Yes,89.5,DHL,Traffic,1,1,1
9816,3348.0,3.6,7.0,2024-07-07,2024-07-14,2024-07-13,Sea,1459,23,3794.43,87271.89,Clear,South,Yes,99.7,Delhivery,,1,1,1
9817,4685.0,4.2,8.0,2024-04-29,2024-05-07,2024-05-10,Air,918,28,4552.93,127482.04,Storm,West,No,76.7,Delhivery,Operational,0,0,1
9818,5503.0,3.2,4.0,2024-01-24,2024-01-28,2024-02-02,Road,929,2,2255.97,4511.94,Rainy,East,No,93.6,Delhivery,,0,0,1
9819,6831.0,4.1,6.0,2024-06-06,2024-06-12,2024-06-16,Road,494,72,2967.24,213641.28,Storm,South,Yes,80.7,FedEx,Operational,0,0,1
9820,2448.0,4.8,5.0,2024-04-11,2024-04-16,2024-04-18,Road,156,95,2952.01,280440.95,Rainy,East,No,79.4,Delhivery,Customs,0,0,1
9821,9074.0,4.9,6.0,2024-03-21,2024-03-27,2024-04-01,Road,1094,89,2842.28,252962.92,Rainy,North,Yes,86.7,Delhivery,,0,0,1
9822,4053.0,3.5,2.0,2024-05-07,2024-05-09,2024-05-14,Road,1056,40,456.83,18273.2,Rainy,East,No,70.2,EcomExpress,Customs,0,0,1
9823,7617.0,4.8,7.0,2024-03-06,2024-03-13,2024-03-14,Road,1349,27,3170.51,85603.77,Cloudy,West,Yes,88.2,Delhivery,Weather,0,0,1
9824,8650.0,3.1,3.0,2024-03-15,2024-03-18,2024-03-21,Road,491,76,3140.36,238667.36,Cloudy,Central,No,83.2,Delhivery,,0,0,1
9825,7549.0,4.3,9.0,2024-07-05,2024-07-14,2024-07-17,Road,968,17,4566.11,77623.87,Storm,West,No,88.5,Delhivery,Traffic,0,0,1
9826,3492.0,4.8,8.0,2024-07-13,2024-07-21,2024-07-24,Sea,1171,83,3474.32,288368.56,Storm,South,Yes,71.8,Delhivery,Traffic,0,1,0
9827,9707.0,3.5,9.0,2024-02-08,2024-02-17,2024-02-19,Air,1437,13,3632.26,47219.38,Clear,Central,Yes,91.1,Delhivery,Customs,0,0,1
9828,8206.0,3.9,6.0,2024-08-06,2024-08-12,2024-08-15,Air,796,45,3857.13,173570.85,Clear,North,No,72.4,FedEx,Operational,0,0,1
9829,5427.0,4.6,9.0,2024-10-13,2024-10-22,2024-10-23,Sea,80,77,604.3,46531.1,Storm,North,Yes,80.0,BlueDart,Customs,0,1,0
9830,3218.0,3.1,9.0,2024-04-06,2024-04-15,2024-04-18,Road,153,80,2500.58,200046.4,Rainy,West,Yes,86.0,DHL,,0,1,0
9831,6980.0,4.8,6.0,2024-03-10,2024-03-16,2024-03-18,Sea,1482,99,4782.84,473501.16,Storm,West,Yes,92.3,Delhivery,Weather,0,1,0
9832,4302.0,3.2,7.0,2024-09-05,2024-09-12,2024-09-13,Sea,1466,78,3926.33,306253.74,Storm,East,No,87.8,BlueDart,Customs,0,0,1
9833,9358.0,2.7,5.0,2024-02-22,2024-02-27,2024-03-02,Road,1393,94,3990.78,375133.32,Storm,East,Yes,90.1,DHL,,0,0,1
9834,8480.0,2.9,4.0,2024-08-10,2024-08-14,2024-08-16,Sea,1136,53,2611.6,138414.8,Clear,East,Yes,79.5,Delhivery,,0,1,0
9835,8760.0,3.7,7.0,2024-07-19,2024-07-26,2024-07-27,Sea,156,10,3642.36,36423.6,Clear,West,No,79.1,FedEx,Customs,0,0,1
9836,4485.0,4.7,3.0,2024-08-15,2024-08-18,2024-08-22,Road,1044,5,3263.98,16319.9,Storm,West,No,94.0,EcomExpress,Operational,0,0,1
9837,6722.0,4.3,3.0,2024-02-08,2024-02-11,2024-02-16,Sea,1253,67,2150.38,144075.46,Cloudy,East,Yes,95.6,FedEx,Traffic,0,0,1
9838,1477.0,4.5,7.0,2024-05-11,2024-05-18,2024-05-23,Air,488,68,4843.92,329386.56,Rainy,West,Yes,98.1,FedEx,Customs,0,1,0
9839,2768.0,3.9,9.0,2024-08-07,2024-08-16,2024-08-20,Sea,1373,52,3103.78,161396.56,Cloudy,North,No,94.5,DHL,Traffic,0,0,1
9840,5130.0,3.6,9.0,2024-02-02,2024-02-11,2024-02-11,Air,172,71,4283.04,304095.84,Cloudy,Central,Yes,83.7,EcomExpress,,1,0,1
9841,5973.0,3.3,8.0,2024-11-05,2024-11-13,2024-11-14,Air,1353,45,4138.36,186226.2,Clear,East,No,71.0,FedEx,Customs,0,0,1
9842,7648.0,4.1,7.0,2024-03-15,2024-03-22,2024-03-22,Road,477,9,4559.33,41033.97,Cloudy,West,Yes,77.8,BlueDart,Weather,1,0,1
9843,8056.0,4.8,7.0,2024-11-13,2024-11-20,2024-11-23,Sea,402,26,3408.36,88617.36,Rainy,East,Yes,74.8,FedEx,,0,0,1
9844,3789.0,4.9,4.0,2024-10-12,2024-10-16,2024-10-18,Road,1074,98,4114.94,403264.12,Rainy,Central,No,78.5,BlueDart,Operational,0,1,0
9845,9180.0,2.9,4.0,2024-04-27,2024-05-01,2024-05-01,Road,257,13,3891.16,50585.08,Rainy,North,No,97.9,FedEx,,1,1,1
9846,7054.0,2.9,5.0,2024-08-23,2024-08-28,2024-08-31,Air,987,30,1005.25,30157.5,Rainy,West,Yes,91.6,BlueDart,Operational,0,0,1
9847,2703.0,3.0,7.0,2024-04-26,2024-05-03,2024-05-08,Road,222,13,537.94,6993.22,Rainy,North,Yes,82.9,DHL,Customs,0,0,1
9848,2703.0,4.8,6.0,2024-09-19,2024-09-25,2024-09-28,Road,1062,7,3573.28,25012.96,Clear,South,Yes,97.8,BlueDart,Traffic,0,0,1
9849,8139.0,4.7,8.0,2024-10-14,2024-10-22,2024-10-23,Road,885,8,365.41,2923.28,Cloudy,South,No,97.4,Delhivery,Traffic,0,0,1
9850,4055.0,4.4,9.0,2024-11-14,2024-11-23,2024-11-27,Road,1401,18,3733.73,67207.14,Clear,West,Yes,84.7,BlueDart,Weather,0,0,1
9851,4335.0,3.0,6.0,2024-05-11,2024-05-17,2024-05-16,Air,778,5,998.4,4992.0,Rainy,North,Yes,89.2,FedEx,Traffic,1,1,1
9852,2981.0,4.7,9.0,2024-08-11,2024-08-20,2024-08-23,Road,1295,52,1407.24,73176.48,Cloudy,South,No,88.5,Delhivery,Weather,0,1,0
9853,6501.0,4.2,8.0,2024-01-03,2024-01-11,2024-01-12,Sea,504,15,448.61,6729.15,Rainy,North,Yes,74.9,EcomExpress,,0,0,1
9854,6269.0,3.7,3.0,2024-04-28,2024-05-01,2024-05-03,Air,1347,24,2018.8,48451.2,Storm,North,No,94.0,BlueDart,Customs,0,1,0
9855,9717.0,4.0,7.0,2024-10-31,2024-11-07,2024-11-11,Road,423,34,290.84,9888.56,Rainy,Central,No,82.5,FedEx,,0,0,1
9856,3336.0,3.7,6.0,2024-10-03,2024-10-09,2024-10-13,Sea,803,32,2978.49,95311.68,Storm,East,No,96.5,Delhivery,,0,0,1
9857,1308.0,3.9,5.0,2024-02-14,2024-02-19,2024-02-22,Air,794,98,3457.38,338823.24,Cloudy,North,No,71.4,FedEx,Customs,0,0,1
9858,6011.0,4.4,9.0,2024-04-12,2024-04-21,2024-04-24,Road,1344,34,1952.46,66383.64,Storm,West,Yes,81.5,BlueDart,,0,0,1
9859,8471.0,4.1,5.0,2024-11-14,2024-11-19,2024-11-24,Sea,1424,25,2287.5,57187.5,Storm,South,No,92.6,EcomExpress,Traffic,0,0,1
9860,7569.0,2.6,6.0,2024-06-10,2024-06-16,2024-06-16,Sea,1080,53,4526.72,239916.16,Storm,West,No,77.5,EcomExpress,Traffic,1,0,1
9861,7742.0,3.4,6.0,2024-09-21,2024-09-27,2024-09-28,Sea,756,30,2463.21,73896.3,Storm,North,No,92.8,FedEx,Traffic,0,1,0
9862,1394.0,4.6,6.0,2024-05-26,2024-06-01,2024-06-02,Sea,1182,55,2876.29,158195.95,Clear,North,No,96.3,EcomExpress,,0,1,0
9863,2536.0,3.1,5.0,2024-03-31,2024-04-05,2024-04-09,Air,1373,40,2100.6,84024.0,Cloudy,North,No,72.4,Delhivery,Traffic,0,1,0
9864,6463.0,5.0,5.0,2024-04-27,2024-05-02,2024-05-07,Air,1131,37,2386.42,88297.54,Clear,North,Yes,84.6,BlueDart,Weather,0,1,0
9865,6249.0,4.5,5.0,2024-06-03,2024-06-08,2024-06-08,Road,156,29,4997.04,144914.16,Clear,South,Yes,79.8,Delhivery,Weather,1,0,1
9866,1761.0,4.2,8.0,2024-09-30,2024-10-08,2024-10-08,Road,1427,86,979.4,84228.4,Clear,Central,Yes,91.3,BlueDart,Operational,1,0,1
9867,8991.0,4.8,5.0,2024-05-21,2024-05-26,2024-05-31,Road,812,36,1466.11,52779.96,Cloudy,East,Yes,73.3,Delhivery,Traffic,0,0,1
9868,8893.0,3.8,9.0,2024-10-19,2024-10-28,2024-10-30,Air,1410,68,3453.24,234820.32,Storm,North,No,97.1,Delhivery,Customs,0,1,0
9869,2523.0,4.4,9.0,2024-06-26,2024-07-05,2024-07-09,Sea,482,5,4299.87,21499.35,Cloudy,North,Yes,92.0,DHL,Weather,0,0,1
9870,1165.0,3.5,4.0,2024-02-17,2024-02-21,2024-02-23,Air,706,31,1087.74,33719.94,Rainy,South,No,96.2,DHL,Operational,0,1,0
9871,6339.0,3.5,10.0,2024-11-18,2024-11-28,2024-11-28,Air,630,14,2268.63,31760.82,Storm,West,No,71.5,EcomExpress,Customs,1,0,1
9872,2036.0,3.2,8.0,2024-01-12,2024-01-20,2024-01-19,Air,183,67,3019.96,202337.32,Clear,North,Yes,80.7,FedEx,Operational,1,0,1
9873,5874.0,4.5,8.0,2024-03-11,2024-03-19,2024-03-23,Air,1441,24,1025.11,24602.64,Clear,Central,Yes,86.0,FedEx,Weather,0,0,1
9874,3407.0,3.7,8.0,2024-03-19,2024-03-27,2024-03-29,Sea,1012,47,3543.82,166559.54,Storm,North,No,93.0,BlueDart,Traffic,0,0,1
9875,5520.0,3.2,2.0,2024-11-14,2024-11-16,2024-11-21,Air,211,47,1513.32,71126.04,Clear,South,No,77.4,FedEx,Operational,0,0,1
9876,2058.0,3.6,9.0,2024-07-23,2024-08-01,2024-08-06,Road,465,72,2681.2,193046.4,Clear,West,No,98.3,EcomExpress,Customs,0,0,1
9877,1712.0,4.1,6.0,2024-01-02,2024-01-08,2024-01-11,Sea,1373,4,3181.99,12727.96,Clear,West,No,86.1,Delhivery,Operational,0,0,1
9878,2005.0,3.4,5.0,2024-01-13,2024-01-18,2024-01-22,Road,791,33,2669.97,88109.01,Clear,North,Yes,73.0,EcomExpress,Operational,0,1,0
9879,4642.0,2.6,6.0,2024-07-09,2024-07-15,2024-07-20,Air,1329,90,4785.17,430665.3,Clear,North,No,88.8,DHL,,0,0,1
9880,4455.0,2.8,8.0,2024-07-03,2024-07-11,2024-07-10,Sea,122,63,4557.46,287119.98,Cloudy,East,No,81.1,FedEx,Operational,1,0,1
9881,1892.0,2.9,10.0,2024-05-29,2024-06-08,2024-06-07,Road,127,65,1793.87,116601.55,Storm,East,Yes,83.4,DHL,Weather,1,0,1
9882,7920.0,4.9,3.0,2024-04-26,2024-04-29,2024-05-02,Sea,1086,17,4695.48,79823.16,Cloudy,East,Yes,93.8,EcomExpress,Weather,0,0,1
9883,3241.0,2.8,7.0,2024-10-26,2024-11-02,2024-11-02,Road,1187,27,763.26,20608.02,Clear,North,No,82.6,BlueDart,Weather,1,1,1
9884,4856.0,4.0,10.0,2024-01-05,2024-01-15,2024-01-15,Air,847,34,2650.17,90105.78,Cloudy,South,Yes,75.7,Delhivery,Weather,1,0,1
9885,9747.0,4.4,2.0,2024-09-05,2024-09-07,2024-09-06,Road,865,90,230.59,20753.1,Rainy,West,No,80.6,DHL,Customs,1,0,1
9886,2616.0,3.2,2.0,2024-09-06,2024-09-08,2024-09-09,Road,841,35,1707.28,59754.8,Cloudy,East,Yes,76.5,FedEx,Traffic,0,0,1
9887,3624.0,4.8,2.0,2024-04-05,2024-04-07,2024-04-12,Air,1110,5,1254.6,6273.0,Rainy,North,No,75.8,DHL,,0,0,1
9888,6443.0,3.8,3.0,2024-03-02,2024-03-05,2024-03-06,Sea,860,13,3724.66,48420.58,Storm,South,Yes,98.5,EcomExpress,Customs,0,1,0
9889,8280.0,4.5,3.0,2024-02-23,2024-02-26,2024-02-26,Road,1230,19,3667.77,69687.63,Storm,East,No,87.8,EcomExpress,Traffic,1,0,1
9890,4291.0,3.7,5.0,2024-11-15,2024-11-20,2024-11-25,Sea,1488,79,3140.64,248110.56,Storm,Central,No,76.3,FedEx,,0,0,1
9891,4843.0,3.6,3.0,2024-09-23,2024-09-26,2024-09-26,Road,886,8,1929.1,15432.8,Clear,West,No,83.4,DHL,,1,0,1
9892,8033.0,2.9,2.0,2024-03-24,2024-03-26,2024-03-26,Air,904,57,746.6,42556.2,Cloudy,North,Yes,74.3,DHL,Weather,1,1,1
9893,6238.0,4.0,5.0,2024-03-22,2024-03-27,2024-03-28,Sea,353,29,1375.14,39879.06,Rainy,West,Yes,78.9,BlueDart,Traffic,0,0,1
9894,2718.0,2.9,7.0,2024-03-03,2024-03-10,2024-03-10,Road,694,61,1820.65,111059.65,Cloudy,Central,Yes,97.7,Delhivery,Customs,1,1,1
9895,7670.0,4.5,3.0,2024-02-03,2024-02-06,2024-02-07,Sea,735,75,1018.15,76361.25,Cloudy,South,Yes,98.0,Delhivery,Traffic,0,1,0
9896,2136.0,4.5,8.0,2024-10-30,2024-11-07,2024-11-06,Sea,436,52,2294.07,119291.64,Clear,South,No,82.4,Delhivery,Customs,1,0,1
9897,5154.0,4.1,7.0,2024-01-26,2024-02-02,2024-02-06,Air,701,92,4497.61,413780.12,Storm,East,No,99.2,EcomExpress,,0,0,1
9898,6963.0,3.4,9.0,2024-02-15,2024-02-24,2024-02-26,Road,250,96,4511.74,433127.04,Storm,North,Yes,99.6,DHL,Traffic,0,0,1
9899,2213.0,4.7,2.0,2024-03-22,2024-03-24,2024-03-24,Air,668,30,3814.4,114432.0,Cloudy,South,No,95.4,Delhivery,,1,0,1
9900,4688.0,3.0,2.0,2024-07-20,2024-07-22,2024-07-26,Road,1010,48,655.83,31479.84,Cloudy,South,No,83.5,FedEx,Traffic,0,1,0
9901,4481.0,4.1,5.0,2024-05-05,2024-05-10,2024-05-14,Air,504,5,4826.57,24132.85,Clear,North,Yes,87.8,Delhivery,Traffic,0,1,0
9902,8985.0,4.6,6.0,2024-04-05,2024-04-11,2024-04-15,Air,702,13,1902.3,24729.9,Cloudy,East,No,95.1,DHL,,0,0,1
9903,1803.0,3.5,4.0,2024-07-06,2024-07-10,2024-07-13,Air,840,70,3854.02,269781.4,Cloudy,North,No,81.2,FedEx,Operational,0,1,0
9904,5420.0,3.8,4.0,2024-04-12,2024-04-16,2024-04-18,Road,1264,38,246.36,9361.68,Rainy,North,No,78.8,Delhivery,Weather,0,0,1
9905,7097.0,4.4,4.0,2024-10-07,2024-10-11,2024-10-12,Road,145,64,587.77,37617.28,Cloudy,East,Yes,72.2,Delhivery,,0,0,1
9906,4866.0,4.3,6.0,2024-09-03,2024-09-09,2024-09-12,Sea,929,47,2047.18,96217.46,Storm,West,Yes,97.8,BlueDart,,0,0,1
9907,5603.0,4.3,5.0,2024-06-02,2024-06-07,2024-06-11,Air,1126,14,1393.05,19502.7,Storm,North,Yes,79.1,DHL,Weather,0,1,0
9908,5391.0,4.1,2.0,2024-03-27,2024-03-29,2024-04-01,Sea,1463,18,3853.28,69359.04,Storm,West,No,76.9,Delhivery,Weather,0,0,1
9909,2984.0,4.4,5.0,2024-04-18,2024-04-23,2024-04-28,Road,1481,44,3783.45,166471.8,Storm,West,Yes,92.5,Delhivery,,0,0,1
9910,7867.0,2.6,4.0,2024-05-22,2024-05-26,2024-05-27,Road,1321,10,1565.19,15651.9,Clear,West,Yes,70.3,DHL,Operational,0,0,1
9911,1310.0,3.8,2.0,2024-07-20,2024-07-22,2024-07-27,Road,336,96,2260.03,216962.88,Storm,North,Yes,73.6,EcomExpress,,0,1,0
9912,7299.0,2.7,8.0,2024-05-29,2024-06-06,2024-06-07,Road,81,10,2358.66,23586.6,Cloudy,North,Yes,84.7,Delhivery,Traffic,0,0,1
9913,9460.0,5.0,2.0,2024-06-30,2024-07-02,2024-07-07,Air,1237,56,1105.99,61935.44,Rainy,North,Yes,90.6,BlueDart,Customs,0,1,0
9914,5064.0,3.2,6.0,2024-08-26,2024-09-01,2024-09-03,Air,1301,17,3946.04,67082.68,Rainy,North,No,96.7,Delhivery,Operational,0,0,1
9915,4655.0,4.7,5.0,2024-08-03,2024-08-08,2024-08-13,Air,1449,32,4768.14,152580.48,Clear,North,No,86.6,EcomExpress,,0,1,0
9916,7294.0,4.4,10.0,2024-06-20,2024-06-30,2024-07-01,Air,66,47,2466.22,115912.34,Storm,East,No,80.5,BlueDart,Weather,0,0,1
9917,6384.0,2.6,3.0,2024-01-09,2024-01-12,2024-01-11,Road,1045,93,3588.82,333760.26,Cloudy,North,No,87.5,FedEx,Operational,1,0,1
9918,4471.0,2.7,7.0,2024-01-12,2024-01-19,2024-01-19,Air,869,97,985.47,95590.59,Rainy,West,Yes,94.7,Delhivery,Weather,1,0,1
9919,4188.0,3.5,2.0,2024-06-19,2024-06-21,2024-06-26,Road,405,94,803.66,75544.04,Rainy,East,No,76.5,BlueDart,Traffic,0,0,1
9920,8393.0,5.0,7.0,2024-04-24,2024-05-01,2024-05-03,Road,354,87,181.97,15831.39,Storm,East,No,86.1,FedEx,Customs,0,0,1
9921,8612.0,2.9,3.0,2024-04-08,2024-04-11,2024-04-12,Sea,1212,9,2606.77,23460.93,Clear,South,Yes,92.3,FedEx,Traffic,0,0,1
9922,7055.0,3.1,6.0,2024-11-24,2024-11-30,2024-12-05,Road,753,90,3280.07,295206.3,Clear,South,Yes,87.9,Delhivery,Operational,0,1,0
9923,6483.0,3.0,6.0,2024-03-29,2024-04-04,2024-04-06,Sea,327,67,2040.68,136725.56,Cloudy,West,Yes,86.5,EcomExpress,Customs,0,0,1
9924,9418.0,4.2,3.0,2024-03-13,2024-03-16,2024-03-15,Air,295,14,1253.25,17545.5,Storm,West,Yes,88.9,FedEx,Operational,1,0,1
9925,9117.0,3.6,10.0,2024-05-23,2024-06-02,2024-06-05,Road,1287,71,4929.48,349993.08,Cloudy,Central,No,87.9,DHL,,0,0,1
9926,6774.0,4.1,5.0,2024-02-16,2024-02-21,2024-02-23,Road,1427,37,4032.35,149196.95,Cloudy,South,Yes,89.2,FedEx,Customs,0,0,1
9927,4483.0,4.8,4.0,2024-10-27,2024-10-31,2024-11-05,Road,1058,60,4013.63,240817.8,Rainy,East,No,75.0,BlueDart,Customs,0,1,0
9928,1095.0,3.0,10.0,2024-09-23,2024-10-03,2024-10-07,Air,295,92,1584.8,145801.6,Cloudy,West,Yes,80.8,EcomExpress,Traffic,0,0,1
9929,9995.0,2.7,9.0,2024-01-08,2024-01-17,2024-01-22,Road,707,23,2247.83,51700.09,Storm,Central,Yes,73.9,EcomExpress,Traffic,0,0,1
9930,9529.0,3.8,9.0,2024-04-29,2024-05-08,2024-05-12,Air,705,60,2768.28,166096.8,Clear,West,No,98.1,DHL,,0,0,1
9931,2291.0,4.4,2.0,2024-05-16,2024-05-18,2024-05-20,Sea,1308,82,1508.97,123735.54,Rainy,North,Yes,74.8,EcomExpress,Weather,0,0,1
9932,7755.0,3.5,5.0,2024-01-09,2024-01-14,2024-01-19,Road,941,25,876.67,21916.75,Cloudy,South,Yes,81.9,DHL,Operational,0,0,1
9933,7545.0,3.2,5.0,2024-03-21,2024-03-26,2024-03-30,Air,899,20,2975.46,59509.2,Cloudy,North,Yes,92.9,EcomExpress,Traffic,0,0,1
9934,3380.0,2.6,5.0,2024-05-11,2024-05-16,2024-05-18,Sea,957,34,2328.63,79173.42,Storm,South,No,98.7,BlueDart,Operational,0,1,0
9935,7256.0,5.0,6.0,2024-02-12,2024-02-18,2024-02-19,Air,492,15,3703.54,55553.1,Clear,West,Yes,87.3,FedEx,Weather,0,0,1
9936,3668.0,3.8,8.0,2024-06-16,2024-06-24,2024-06-25,Road,1026,1,2731.81,2731.81,Rainy,West,Yes,79.8,DHL,Customs,0,1,0
9937,2241.0,3.0,5.0,2024-07-04,2024-07-09,2024-07-12,Sea,752,58,2639.42,153086.36,Rainy,North,No,94.5,FedEx,Traffic,0,0,1
9938,1954.0,3.0,10.0,2024-06-17,2024-06-27,2024-07-02,Air,1196,18,4868.43,87631.74,Storm,North,Yes,87.6,FedEx,Customs,0,0,1
9939,2866.0,4.0,2.0,2024-04-23,2024-04-25,2024-04-25,Sea,1304,93,120.33,11190.69,Cloudy,North,No,92.0,DHL,Traffic,1,0,1
9940,7141.0,4.4,10.0,2024-09-21,2024-10-01,2024-10-03,Air,1467,15,267.78,4016.7,Storm,West,No,82.0,FedEx,Operational,0,1,0
9941,6947.0,4.4,10.0,2024-10-31,2024-11-10,2024-11-09,Road,752,67,1685.13,112903.71,Rainy,North,Yes,97.5,BlueDart,Customs,1,0,1
9942,,4.9,,2024-04-06,2024-04-14,2024-04-18,Air,865,79,1403.55,,Clear,West,Yes,99.4,DHL,Traffic,0,1,0
9943,2265.0,4.8,8.0,2024-03-13,2024-03-21,2024-03-22,Road,383,72,2348.9,169120.8,Clear,South,Yes,75.2,DHL,Customs,0,0,1
9944,6176.0,2.7,5.0,2024-01-09,2024-01-14,2024-01-15,Air,405,8,1997.84,15982.72,Storm,South,No,90.0,FedEx,Operational,0,0,1
9945,4920.0,4.0,9.0,2024-03-11,2024-03-20,2024-03-21,Air,833,94,4412.61,414785.34,Storm,North,No,71.1,EcomExpress,,0,0,1
9946,2977.0,3.0,10.0,2024-08-02,2024-08-12,2024-08-17,Air,381,28,1113.85,31187.8,Clear,East,No,87.0,BlueDart,Customs,0,0,1
9947,7304.0,2.9,3.0,2024-08-24,2024-08-27,2024-08-28,Sea,1038,78,1743.66,136005.48,Rainy,West,Yes,82.2,BlueDart,,0,1,0
9948,3659.0,4.2,9.0,2024-03-11,2024-03-20,2024-03-23,Air,828,83,4788.14,397415.62,Clear,North,Yes,88.3,EcomExpress,Operational,0,0,1
9949,4704.0,4.1,10.0,2024-07-13,2024-07-23,2024-07-23,Road,1317,99,2254.16,223161.84,Storm,East,Yes,71.0,Delhivery,Operational,1,1,1
9950,3493.0,2.6,6.0,2024-04-04,2024-04-10,2024-04-12,Road,1153,63,3817.36,240493.68,Rainy,South,No,89.0,BlueDart,Operational,0,0,1
9951,3794.0,2.9,10.0,2024-11-09,2024-11-19,2024-11-24,Sea,27,83,1275.99,105907.17,Storm,West,No,97.4,EcomExpress,Operational,0,1,0
9952,6210.0,4.2,9.0,2024-05-23,2024-06-01,2024-06-04,Air,557,2,2405.05,4810.1,Clear,Central,No,97.4,EcomExpress,Customs,0,0,1
9953,9896.0,4.3,6.0,2024-05-17,2024-05-23,2024-05-24,Road,913,26,129.14,3357.64,Cloudy,North,No,82.1,FedEx,Operational,0,0,1
9954,4950.0,2.5,8.0,2024-09-08,2024-09-16,2024-09-20,Sea,1046,62,1828.41,113361.42,Rainy,North,No,93.8,EcomExpress,Weather,0,1,0
9955,4408.0,4.7,6.0,2024-04-18,2024-04-24,2024-04-25,Road,350,34,198.14,6736.76,Cloudy,East,Yes,84.3,Delhivery,,0,0,1
9956,3850.0,2.6,5.0,2024-01-24,2024-01-29,2024-02-03,Air,513,54,4387.07,236901.78,Storm,North,Yes,88.8,FedEx,Operational,0,0,1
9957,2611.0,3.1,8.0,2024-09-12,2024-09-20,2024-09-23,Air,927,22,418.07,9197.54,Storm,West,No,74.7,EcomExpress,Weather,0,0,1
9958,8898.0,4.3,5.0,2024-06-29,2024-07-04,2024-07-07,Sea,580,50,217.59,10879.5,Cloudy,South,Yes,93.3,Delhivery,,0,1,0
9959,9159.0,2.7,5.0,2024-11-14,2024-11-19,2024-11-18,Air,314,67,3073.15,205901.05,Cloudy,South,Yes,84.3,BlueDart,Traffic,1,0,1
9960,6967.0,2.7,8.0,2024-03-17,2024-03-25,2024-03-28,Sea,853,54,1175.49,63476.46,Rainy,West,Yes,90.9,Delhivery,Traffic,0,1,0
9961,3061.0,4.4,6.0,2024-09-17,2024-09-23,2024-09-28,Road,529,84,2277.01,191268.84,Rainy,West,Yes,79.5,EcomExpress,Operational,0,0,1
9962,9593.0,3.6,5.0,2024-06-30,2024-07-05,2024-07-06,Road,975,59,442.17,26088.03,Cloudy,Central,No,82.9,DHL,Weather,0,1,0
9963,4873.0,3.1,2.0,2024-10-17,2024-10-19,2024-10-20,Sea,1112,6,2212.83,13276.98,Storm,North,Yes,84.6,FedEx,Traffic,0,0,1
9964,9458.0,3.1,5.0,2024-05-06,2024-05-11,2024-05-13,Air,635,48,3930.56,188666.88,Cloudy,West,Yes,79.2,EcomExpress,Weather,0,0,1
9965,3609.0,4.9,9.0,2024-04-27,2024-05-06,2024-05-05,Air,932,14,2065.37,28915.18,Clear,Central,Yes,96.5,Delhivery,Operational,1,1,1
9966,7341.0,3.2,3.0,2024-03-30,2024-04-02,2024-04-03,Road,955,5,2556.55,12782.75,Clear,East,No,92.7,Delhivery,Customs,0,1,0
9967,3366.0,5.0,10.0,2024-07-27,2024-08-06,2024-08-09,Road,345,99,3452.07,341754.93,Rainy,South,No,93.8,FedEx,Operational,0,1,0
9968,3264.0,5.0,4.0,2024-09-15,2024-09-19,2024-09-22,Sea,671,61,651.38,39734.18,Cloudy,North,Yes,72.6,EcomExpress,Customs,0,1,0
9969,6675.0,4.3,4.0,2024-05-10,2024-05-14,2024-05-19,Air,1393,61,318.06,19401.66,Cloudy,Central,Yes,91.2,EcomExpress,Customs,0,0,1
9970,3188.0,4.6,9.0,2024-04-09,2024-04-18,2024-04-23,Air,54,54,529.24,28578.96,Storm,South,Yes,86.1,DHL,Traffic,0,0,1
9971,7496.0,4.3,2.0,2024-05-27,2024-05-29,2024-05-29,Air,1048,31,1547.94,47986.14,Clear,South,Yes,76.9,Delhivery,Traffic,1,0,1
9972,9684.0,3.2,5.0,2024-03-14,2024-03-19,2024-03-18,Air,1342,26,3860.1,100362.6,Cloudy,Central,No,82.8,DHL,Operational,1,0,1
9973,5605.0,3.6,7.0,2024-11-23,2024-11-30,2024-12-03,Air,1285,13,1224.77,15922.01,Rainy,West,No,75.5,EcomExpress,Operational,0,1,0
9974,3459.0,3.6,10.0,2024-10-04,2024-10-14,2024-10-14,Air,64,83,861.32,71489.56,Clear,North,Yes,98.2,BlueDart,Weather,1,0,1
9975,1768.0,3.8,9.0,2024-04-27,2024-05-06,2024-05-10,Road,650,41,3467.64,142173.24,Storm,West,No,99.1,DHL,,0,1,0
9976,2314.0,2.8,3.0,2024-04-22,2024-04-25,2024-04-28,Air,853,48,345.15,16567.2,Cloudy,South,Yes,94.1,DHL,Traffic,0,0,1
9977,2852.0,4.3,2.0,2024-08-26,2024-08-28,2024-09-01,Road,615,35,243.63,8527.05,Rainy,Central,Yes,96.0,EcomExpress,Traffic,0,0,1
9978,1423.0,4.2,2.0,2024-07-06,2024-07-08,2024-07-13,Road,477,28,2072.41,58027.48,Rainy,East,Yes,95.6,Delhivery,,0,1,0
9979,3232.0,4.0,2.0,2024-04-16,2024-04-18,2024-04-18,Sea,259,93,2319.4,215704.2,Rainy,South,Yes,93.1,EcomExpress,Operational,1,0,1
9980,9893.0,4.1,6.0,2024-05-19,2024-05-25,2024-05-30,Air,1489,48,3115.61,149549.28,Rainy,East,Yes,77.5,Delhivery,Operational,0,1,0
9981,6167.0,2.8,8.0,2024-07-04,2024-07-12,2024-07-15,Sea,794,18,225.18,4053.24,Cloudy,West,No,73.0,Delhivery,Customs,0,0,1
9982,4738.0,3.6,7.0,2024-07-17,2024-07-24,2024-07-23,Road,1418,47,1491.57,70103.79,Clear,North,No,89.8,BlueDart,Customs,1,0,1
9983,3642.0,3.6,8.0,2024-05-21,2024-05-29,2024-06-02,Sea,1324,24,4928.42,118282.08,Cloudy,Central,Yes,82.2,Delhivery,Weather,0,0,1
9984,4401.0,4.3,2.0,2024-08-08,2024-08-10,2024-08-13,Road,1215,58,1955.45,113416.1,Storm,Central,No,86.3,Delhivery,Weather,0,0,1
9985,6152.0,3.2,7.0,2024-03-18,2024-03-25,2024-03-26,Road,233,81,591.55,47915.55,Storm,North,Yes,90.2,FedEx,Operational,0,0,1
9986,4712.0,3.6,3.0,2024-11-20,2024-11-23,2024-11-26,Road,176,37,2455.36,90848.32,Cloudy,North,Yes,70.7,DHL,Traffic,0,0,1
9987,4884.0,3.9,4.0,2024-09-07,2024-09-11,2024-09-12,Sea,1062,79,1138.12,89911.48,Cloudy,West,Yes,87.6,DHL,Traffic,0,1,0
9988,2176.0,4.8,7.0,2024-02-23,2024-03-01,2024-03-02,Sea,1440,57,399.99,22799.43,Clear,North,Yes,97.6,DHL,Weather,0,0,1
9989,2892.0,2.6,7.0,2024-08-15,2024-08-22,2024-08-26,Air,483,37,3131.13,115851.81,Storm,Central,Yes,86.9,Delhivery,Weather,0,0,1
9990,5804.0,5.0,5.0,2024-01-03,2024-01-08,2024-01-12,Sea,1103,91,4666.95,424692.45,Storm,West,No,84.0,FedEx,Traffic,0,0,1
9991,5800.0,2.5,10.0,2024-09-25,2024-10-05,2024-10-10,Sea,391,26,1758.03,45708.78,Storm,South,No,72.9,DHL,Weather,0,0,1
9992,6695.0,4.0,10.0,2024-02-08,2024-02-18,2024-02-20,Air,1204,96,1653.87,158771.52,Clear,East,No,82.9,Delhivery,Customs,0,0,1
9993,2951.0,2.6,9.0,2024-10-25,2024-11-03,2024-11-04,Sea,516,65,3253.69,211489.85,Storm,South,Yes,97.6,EcomExpress,Operational,0,0,1
9994,4365.0,3.7,2.0,2024-08-11,2024-08-13,2024-08-12,Road,20,20,1296.05,25921.0,Cloudy,North,No,92.0,EcomExpress,Weather,1,1,1
9995,7340.0,3.1,10.0,2024-08-19,2024-08-29,2024-09-02,Road,1322,76,3461.88,263102.88,Cloudy,East,No,93.0,Delhivery,Operational,0,0,1
9996,9995.0,3.5,4.0,2024-01-28,2024-02-01,2024-02-04,Air,124,64,1366.3,87443.2,Storm,North,Yes,73.5,BlueDart,Customs,0,1,0
9997,8040.0,3.0,6.0,2024-04-18,2024-04-24,2024-04-28,Sea,634,98,3760.28,368507.44,Clear,South,No,83.4,EcomExpress,Customs,0,0,1
9998,3286.0,2.9,9.0,2024-04-25,2024-05-04,2024-05-04,Sea,642,42,2318.28,97367.76,Clear,South,Yes,73.3,FedEx,Customs,1,0,1
9999,1633.0,4.9,8.0,2024-05-08,2024-05-16,2024-05-15,Air,205,28,2272.79,63638.12,Clear,East,Yes,73.2,BlueDart,Weather,1,0,1
10000,7878.0,4.2,4.0,2024-03-26,2024-03-30,2024-03-29,Air,317,29,2357.58,68369.82,Rainy,South,Yes,99.3,EcomExpress,Operational,1,0,1
